20
0 1 0.647 0.266
0 2 0.601 0.244
0 3 0.18 0.115
0 4 0.591 0.296
0 5 0.496 0.231
0 6 0.676 0.176
0 7 0.549 0.154
0 8 0.811 0.252
0 9 0.506 0.184
0 10 0.697 0.062
0 11 0.766 0.255
0 12 0.334 0.146
0 13 0.573 0.079
0 14 0.477 0.276
0 15 0.756 0.251
0 16 0.525 0.292
0 17 0.62 0.319
0 18 0.632 0.062
0 19 0.619 0.387
0 20 0.644 0.257
1 2 0.634 0.222
1 3 0.467 0.151
1 4 0.48 0.176
1 5 0.739 0.2
1 6 0.546 0.29
1 7 0.718 0.259
1 8 0.436 0.014
1 9 0.582 0.278
1 10 0.619 0.255
1 11 0.604 0.224
1 12 0.54 0.285
1 13 0.674 0.238
1 14 0.658 0.17
1 15 0.608 0.336
1 16 0.466 0.265
1 17 0.634 0.244
1 18 0.876 0.255
1 19 0.494 0.402
1 20 0.715 0.315
2 3 0.5 0.322
2 4 0.604 0.235
2 5 0.488 0.357
2 6 0.46 0.068
2 7 0.658 0.196
2 8 0.266 0.208
2 9 0.434 0.177
2 10 0.734 0.288
2 11 0.618 0.333
2 12 0.76 0.293
2 13 0.706 0.305
2 14 0.57 0.233
2 15 0.79 0.312
2 16 0.751 0.439
2 17 0.617 0.173
2 18 0.592 0.288
2 19 0.504 0.411
2 20 0.322 0.093
3 4 0.771 0.299
3 5 0.508 0.323
3 6 0.756 0.291
3 7 0.378 0.269
3 8 0.631 0.137
3 9 0.473 0.299
3 10 0.832 0.177
3 11 0.61 0.347
3 12 0.514 0.261
3 13 0.753 0.16
3 14 0.657 0.293
3 15 0.641 0.366
3 16 0.566 0.378
3 17 0.726 0.367
3 18 0.812 0.177
3 19 0.564 0.37
3 20 0.714 0.372
4 5 0.564 0.252
4 6 0.93 0.303
4 7 0.698 0.233
4 8 0.52 0.162
4 9 0.514 0.194
4 10 0.663 0.234
4 11 0.554 0.228
4 12 0.607 0.333
4 13 0.361 0.217
4 14 0.484 0.206
4 15 0.688 0.411
4 16 0.798 0.413
4 17 0.35 0.068
4 18 0.496 0.234
4 19 0.737 0.371
4 20 0.442 0.278
5 6 0.5 0.312
5 7 0.586 0.174
5 8 0.674 0.186
5 9 0.617 0.331
5 10 0.756 0.209
5 11 0.354 0.024
5 12 0.53 0.085
5 13 0.547 0.215
5 14 0.506 0.133
5 15 0.675 0.207
5 16 0.52 0.231
5 17 0.514 0.184
5 18 0.671 0.209
5 19 0.387 0.322
5 20 0.81 0.277
6 7 0.568 0.238
6 8 0.722 0.276
6 9 0.584 0.245
6 10 0.671 0.238
6 11 0.8 0.331
6 12 0.629 0.322
6 13 0.862 0.255
6 14 0.736 0.179
6 15 0.56 0.27
6 16 0.682 0.396
6 17 0.916 0.241
6 18 0.7 0.238
6 19 0.659 0.479
6 20 0.745 0.161
7 8 0.614 0.273
7 9 0.851 0.187
7 10 0.569 0.092
7 11 0.232 0.18
7 12 0.654 0.216
7 13 0.425 0.109
7 14 0.777 0.307
7 15 0.624 0.281
7 16 0.569 0.362
7 17 0.348 0.165
7 18 0.712 0.092
7 19 0.744 0.417
7 20 0.336 0.103
8 9 0.338 0.264
8 10 0.888 0.269
8 11 0.382 0.21
8 12 0.676 0.271
8 13 0.575 0.252
8 14 0.402 0.156
8 15 0.766 0.35
8 16 0.485 0.251
8 17 0.481 0.23
8 18 0.62 0.269
8 19 0.533 0.388
8 20 0.588 0.301
9 10 0.55 0.122
9 11 0.72 0.33
9 12 0.599 0.246
9 13 0.826 0.139
9 14 0.382 0.302
9 15 0.651 0.303
9 16 0.79 0.371
9 17 0.639 0.262
9 18 0.606 0.122
9 19 0.618 0.234
9 20 0.516 0.084
10 11 0.659 0.208
10 12 0.418 0.124
10 13 0.466 0.017
10 14 0.493 0.261
10 15 0.31 0.189
10 16 0.609 0.27
10 17 0.684 0.257
10 18 0.538 0.0
10 19 0.598 0.325
10 20 0.792 0.195
11 12 0.618 0.109
11 13 0.193 0.191
11 14 0.637 0.152
11 15 0.593 0.183
11 16 0.693 0.255
11 17 0.232 0.16
11 18 0.598 0.208
11 19 0.578 0.346
11 20 0.568 0.283
12 13 0.749 0.141
12 14 0.486 0.17
12 15 0.728 0.164
12 16 0.191 0.146
12 17 0.652 0.265
12 18 0.797 0.124
12 19 0.731 0.283
12 20 0.438 0.2
13 14 0.444 0.278
13 15 0.72 0.206
13 16 0.558 0.287
13 17 0.425 0.274
13 18 0.408 0.017
13 19 0.75 0.342
13 20 0.667 0.212
14 15 0.513 0.334
14 16 0.456 0.316
14 17 0.832 0.274
14 18 0.585 0.261
14 19 0.514 0.401
14 20 0.634 0.326
15 16 0.814 0.31
15 17 0.514 0.343
15 18 0.534 0.189
15 19 0.288 0.274
15 20 0.578 0.219
16 17 0.461 0.411
16 18 0.938 0.27
16 19 0.54 0.137
16 20 0.54 0.346
17 18 0.618 0.257
17 19 0.396 0.303
17 20 0.684 0.266
18 19 0.441 0.325
18 20 0.914 0.195
19 20 0.633 0.318
node_demand
0.1
0.033333335
0.06666667
0.1
0.06666667
0.2
0.23333333
0.23333333
0.2
0.16666667
0.13333334
0.13333334
0.3
0.1
0.13333334
0.23333333
0.06666667
0.033333335
0.26666668
0.26666668
