20
0 1 0.75 0.204
0 2 0.623 0.298
0 3 0.414 0.304
0 4 0.594 0.336
0 5 0.738 0.31
0 6 0.321 0.287
0 7 0.421 0.166
0 8 0.581 0.096
0 9 0.591 0.366
0 10 0.29 0.229
0 11 0.607 0.225
0 12 0.604 0.088
0 13 0.692 0.188
0 14 0.698 0.305
0 15 0.531 0.303
0 16 0.632 0.332
0 17 0.517 0.076
0 18 0.695 0.127
0 19 0.751 0.184
0 20 0.577 0.206
1 2 0.36 0.358
1 3 0.484 0.436
1 4 0.446 0.36
1 5 0.631 0.362
1 6 0.567 0.393
1 7 0.397 0.106
1 8 0.826 0.222
1 9 0.477 0.308
1 10 0.65 0.29
1 11 0.506 0.204
1 12 0.454 0.14
1 13 0.236 0.13
1 14 0.4 0.354
1 15 0.746 0.291
1 16 0.622 0.352
1 17 0.318 0.128
1 18 0.592 0.331
1 19 0.605 0.236
1 20 0.369 0.194
2 3 0.482 0.302
2 4 0.25 0.05
2 5 0.277 0.245
2 6 0.798 0.457
2 7 0.672 0.318
2 8 0.658 0.202
2 9 0.64 0.309
2 10 0.464 0.384
2 11 0.85 0.3
2 12 0.788 0.298
2 13 0.488 0.294
2 14 0.428 0.422
2 15 0.458 0.362
2 16 0.692 0.438
2 17 0.529 0.31
2 18 0.61 0.308
2 19 0.788 0.24
2 20 0.643 0.294
3 4 0.464 0.352
3 5 0.759 0.244
3 6 0.669 0.454
3 7 0.835 0.368
3 8 0.627 0.393
3 9 0.692 0.52
3 10 0.704 0.533
3 11 0.396 0.254
3 12 0.544 0.391
3 13 0.67 0.388
3 14 0.818 0.422
3 15 0.684 0.418
3 16 0.561 0.276
3 17 0.646 0.38
3 18 0.667 0.294
3 19 0.54 0.314
3 20 0.768 0.321
4 5 0.527 0.295
4 6 0.716 0.418
4 7 0.518 0.27
4 8 0.514 0.242
4 9 0.7 0.359
4 10 0.66 0.334
4 11 0.682 0.25
4 12 0.645 0.248
4 13 0.682 0.294
4 14 0.548 0.431
4 15 0.703 0.348
4 16 0.605 0.474
4 17 0.402 0.26
4 18 0.364 0.258
4 19 0.538 0.19
4 20 0.393 0.329
5 6 0.591 0.212
5 7 0.671 0.35
5 8 0.558 0.406
5 9 0.568 0.482
5 10 0.59 0.396
5 11 0.704 0.216
5 12 0.579 0.222
5 13 0.636 0.368
5 14 0.545 0.422
5 15 0.509 0.475
5 16 0.56 0.304
5 17 0.642 0.234
5 18 0.489 0.372
5 19 0.774 0.276
5 20 0.628 0.411
6 7 0.742 0.298
6 8 0.59 0.366
6 9 0.756 0.452
6 10 0.57 0.384
6 11 0.472 0.428
6 12 0.652 0.358
6 13 0.38 0.274
6 14 0.46 0.229
6 15 0.508 0.296
6 16 0.452 0.306
6 17 0.649 0.346
6 18 0.91 0.16
6 19 0.524 0.394
6 20 0.323 0.199
7 8 0.588 0.116
7 9 0.738 0.202
7 10 0.711 0.302
7 11 0.544 0.241
7 12 0.32 0.128
7 13 0.633 0.024
7 14 0.724 0.369
7 15 0.514 0.249
7 16 0.401 0.246
7 17 0.714 0.14
7 18 0.665 0.293
7 19 0.4 0.224
7 20 0.766 0.152
8 9 0.466 0.27
8 10 0.563 0.325
8 11 0.663 0.321
8 12 0.667 0.184
8 13 0.66 0.092
8 14 0.702 0.401
8 15 0.794 0.275
8 16 0.518 0.236
8 17 0.6 0.172
8 18 0.503 0.223
8 19 0.807 0.28
8 20 0.648 0.178
9 10 0.724 0.341
9 11 0.296 0.266
9 12 0.744 0.33
9 13 0.607 0.178
9 14 0.592 0.398
9 15 0.742 0.451
9 16 0.807 0.448
9 17 0.758 0.342
9 18 0.802 0.493
9 19 0.44 0.326
9 20 0.699 0.354
10 11 0.64 0.311
10 12 0.894 0.174
10 13 0.774 0.326
10 14 0.842 0.391
10 15 0.678 0.227
10 16 0.478 0.295
10 17 0.332 0.162
10 18 0.577 0.356
10 19 0.602 0.27
10 20 0.398 0.286
11 12 0.448 0.137
11 13 0.742 0.265
11 14 0.422 0.326
11 15 0.621 0.39
11 16 0.585 0.372
11 17 0.577 0.149
11 18 0.506 0.294
11 19 0.144 0.06
11 20 0.632 0.393
12 13 0.69 0.152
12 14 0.769 0.241
12 15 0.834 0.377
12 16 0.699 0.346
12 17 0.592 0.012
12 18 0.608 0.215
12 19 0.592 0.096
12 20 0.823 0.28
13 14 0.636 0.393
13 15 0.51 0.273
13 16 0.562 0.27
13 17 0.538 0.164
13 18 0.619 0.315
13 19 0.841 0.248
13 20 0.528 0.176
14 15 0.582 0.367
14 16 0.585 0.402
14 17 0.58 0.229
14 18 0.612 0.386
14 19 0.561 0.337
14 20 0.444 0.356
15 16 0.744 0.356
15 17 0.619 0.379
15 18 0.846 0.43
15 19 0.477 0.438
15 20 0.481 0.097
16 17 0.334 0.334
16 18 0.49 0.306
16 19 0.441 0.33
16 20 0.607 0.398
17 18 0.707 0.203
17 19 0.568 0.108
17 20 0.687 0.282
18 19 0.65 0.234
18 20 0.757 0.333
19 20 0.619 0.376
node_demand
0.3
0.06666667
0.2
0.3
0.06666667
0.033333335
0.06666667
0.06666667
0.13333334
0.06666667
0.033333335
0.13333334
0.23333333
0.26666668
0.06666667
0.06666667
0.26666668
0.16666667
0.2
0.3
