20
0 1 0.898 0.224
0 2 0.566 0.429
0 3 0.516 0.126
0 4 0.52 0.112
0 5 0.608 0.324
0 6 0.535 0.198
0 7 0.8 0.244
0 8 0.482 0.159
0 9 0.588 0.285
0 10 0.43 0.264
0 11 0.78 0.311
0 12 0.858 0.224
0 13 0.458 0.29
0 14 0.916 0.421
0 15 0.758 0.196
0 16 0.595 0.229
0 17 0.716 0.328
0 18 0.516 0.324
0 19 0.621 0.356
0 20 0.69 0.292
1 2 0.77 0.381
1 3 0.382 0.147
1 4 0.63 0.112
1 5 0.482 0.16
1 6 0.622 0.198
1 7 0.649 0.244
1 8 0.886 0.159
1 9 0.601 0.285
1 10 0.644 0.138
1 11 0.624 0.273
1 12 0.734 0.245
1 13 0.571 0.196
1 14 0.796 0.197
1 15 0.604 0.216
1 16 0.763 0.229
1 17 0.267 0.262
1 18 0.523 0.244
1 19 0.694 0.29
1 20 0.443 0.292
2 3 0.388 0.303
2 4 0.452 0.407
2 5 0.773 0.328
2 6 0.598 0.321
2 7 0.932 0.367
2 8 0.525 0.389
2 9 0.698 0.346
2 10 0.843 0.509
2 11 0.685 0.374
2 12 0.746 0.401
2 13 0.812 0.476
2 14 0.68 0.422
2 15 0.568 0.302
2 16 0.6 0.29
2 17 0.864 0.4
2 18 0.636 0.492
2 19 0.69 0.372
2 20 0.704 0.36
3 4 0.372 0.133
3 5 0.492 0.198
3 6 0.595 0.219
3 7 0.728 0.265
3 8 0.727 0.086
3 9 0.611 0.303
3 10 0.649 0.285
3 11 0.572 0.185
3 12 0.446 0.098
3 13 0.644 0.302
3 14 0.622 0.344
3 15 0.56 0.07
3 16 0.487 0.25
3 17 0.623 0.251
3 18 0.714 0.33
3 19 0.385 0.279
3 20 0.624 0.292
4 5 0.411 0.272
4 6 0.432 0.086
4 7 0.616 0.132
4 8 0.659 0.047
4 9 0.673 0.173
4 10 0.778 0.152
4 11 0.614 0.232
4 12 0.413 0.231
4 13 0.632 0.178
4 14 0.762 0.309
4 15 0.402 0.203
4 16 0.52 0.117
4 17 0.625 0.216
4 18 0.585 0.212
4 19 0.616 0.244
4 20 0.252 0.18
5 6 0.621 0.242
5 7 0.329 0.27
5 8 0.478 0.284
5 9 0.414 0.329
5 10 0.491 0.298
5 11 0.693 0.383
5 12 0.679 0.135
5 13 0.509 0.356
5 14 0.646 0.318
5 15 0.638 0.268
5 16 0.836 0.273
5 17 0.566 0.293
5 18 0.564 0.367
5 19 0.755 0.321
5 20 0.663 0.452
6 7 0.573 0.046
6 8 0.644 0.133
6 9 0.241 0.087
6 10 0.546 0.238
6 11 0.346 0.205
6 12 0.396 0.226
6 13 0.36 0.187
6 14 0.546 0.309
6 15 0.558 0.289
6 16 0.679 0.031
6 17 0.575 0.208
6 18 0.787 0.233
6 19 0.738 0.18
6 20 0.454 0.256
7 8 0.678 0.179
7 9 0.743 0.133
7 10 0.511 0.284
7 11 0.624 0.251
7 12 0.466 0.18
7 13 0.342 0.233
7 14 0.852 0.355
7 15 0.797 0.318
7 16 0.722 0.077
7 17 0.895 0.254
7 18 0.69 0.279
7 19 0.733 0.226
7 20 0.528 0.21
8 9 0.755 0.22
8 10 0.606 0.199
8 11 0.298 0.218
8 12 0.882 0.184
8 13 0.68 0.225
8 14 0.759 0.326
8 15 0.51 0.156
8 16 0.734 0.164
8 17 0.752 0.169
8 18 0.532 0.259
8 19 0.342 0.197
8 20 0.457 0.206
9 10 0.557 0.253
9 11 0.587 0.118
9 12 0.637 0.308
9 13 0.601 0.274
9 14 0.658 0.396
9 15 0.438 0.233
9 16 0.438 0.056
9 17 0.334 0.275
9 18 0.675 0.258
9 19 0.677 0.267
9 20 0.522 0.343
10 11 0.552 0.135
10 12 0.56 0.274
10 13 0.334 0.058
10 14 0.669 0.281
10 15 0.51 0.25
10 16 0.791 0.269
10 17 0.478 0.124
10 18 0.609 0.282
10 19 0.264 0.152
10 20 0.526 0.332
11 12 0.678 0.283
11 13 0.382 0.193
11 14 0.686 0.338
11 15 0.212 0.115
11 16 0.669 0.174
11 17 0.728 0.237
11 18 0.488 0.376
11 19 0.64 0.209
11 20 0.529 0.408
12 13 0.535 0.314
12 14 0.701 0.315
12 15 0.694 0.168
12 16 0.714 0.252
12 17 0.654 0.158
12 18 0.628 0.232
12 19 0.562 0.186
12 20 0.51 0.39
13 14 0.641 0.339
13 15 0.455 0.306
13 16 0.854 0.218
13 17 0.67 0.182
13 18 0.612 0.34
13 19 0.582 0.21
13 20 0.38 0.288
14 15 0.727 0.338
14 16 0.696 0.34
14 17 0.649 0.157
14 18 0.4 0.306
14 19 0.933 0.129
14 20 0.51 0.37
15 16 0.457 0.289
15 17 0.748 0.181
15 18 0.441 0.339
15 19 0.652 0.209
15 20 0.654 0.362
16 17 0.62 0.239
16 18 0.416 0.202
16 19 0.656 0.211
16 20 0.749 0.287
17 18 0.453 0.158
17 19 0.7 0.028
17 20 0.7 0.31
18 19 0.824 0.186
18 20 0.333 0.26
19 20 0.754 0.282
node_demand
0.033333335
0.26666668
0.26666668
0.26666668
0.06666667
0.1
0.3
0.16666667
0.2
0.06666667
0.06666667
0.2
0.13333334
0.033333335
0.16666667
0.1
0.13333334
0.16666667
0.23333333
0.23333333
