20
0 1 0.528 0.32
0 2 0.69 0.383
0 3 0.298 0.136
0 4 0.673 0.261
0 5 0.628 0.264
0 6 0.468 0.319
0 7 0.382 0.152
0 8 0.43 0.226
0 9 0.396 0.168
0 10 0.638 0.366
0 11 0.524 0.148
0 12 0.488 0.184
0 13 0.592 0.276
0 14 0.488 0.337
0 15 0.492 0.426
0 16 0.211 0.208
0 17 0.713 0.271
0 18 0.405 0.338
0 19 0.684 0.288
0 20 0.637 0.228
1 2 0.47 0.196
1 3 0.734 0.188
1 4 0.822 0.258
1 5 0.658 0.06
1 6 0.622 0.278
1 7 0.419 0.282
1 8 0.442 0.21
1 9 0.806 0.152
1 10 0.644 0.166
1 11 0.582 0.336
1 12 0.511 0.224
1 13 0.512 0.044
1 14 0.466 0.176
1 15 0.76 0.338
1 16 0.712 0.18
1 17 0.21 0.146
1 18 0.436 0.355
1 19 0.591 0.154
1 20 0.421 0.092
2 3 0.516 0.384
2 4 0.486 0.122
2 5 0.838 0.256
2 6 0.53 0.314
2 7 0.758 0.433
2 8 0.462 0.318
2 9 0.526 0.26
2 10 0.538 0.274
2 11 0.674 0.235
2 12 0.494 0.332
2 13 0.406 0.152
2 14 0.772 0.322
2 15 0.544 0.406
2 16 0.529 0.223
2 17 0.605 0.32
2 18 0.816 0.463
2 19 0.599 0.262
2 20 0.563 0.2
3 4 0.712 0.326
3 5 0.33 0.128
3 6 0.766 0.208
3 7 0.436 0.288
3 8 0.663 0.301
3 9 0.459 0.286
3 10 0.635 0.354
3 11 0.667 0.284
3 12 0.627 0.32
3 13 0.579 0.232
3 14 0.372 0.332
3 15 0.624 0.432
3 16 0.509 0.337
3 17 0.524 0.24
3 18 0.427 0.288
3 19 0.386 0.258
3 20 0.54 0.28
4 5 0.501 0.198
4 6 0.768 0.335
4 7 0.567 0.322
4 8 0.7 0.306
4 9 0.596 0.297
4 10 0.552 0.364
4 11 0.643 0.113
4 12 0.812 0.222
4 13 0.601 0.274
4 14 0.715 0.434
4 15 0.566 0.284
4 16 0.776 0.345
4 17 0.709 0.404
4 18 0.768 0.543
4 19 0.408 0.326
4 20 0.401 0.25
5 6 0.62 0.218
5 7 0.766 0.336
5 8 0.529 0.19
5 9 0.32 0.212
5 10 0.688 0.226
5 11 0.41 0.311
5 12 0.616 0.284
5 13 0.556 0.104
5 14 0.7 0.236
5 15 0.624 0.398
5 16 0.698 0.24
5 17 0.708 0.206
5 18 0.626 0.415
5 19 0.363 0.214
5 20 0.42 0.152
6 7 0.472 0.194
6 8 0.732 0.093
6 9 0.364 0.151
6 10 0.64 0.381
6 11 0.595 0.335
6 12 0.77 0.275
6 13 0.772 0.259
6 14 0.752 0.273
6 15 0.789 0.305
6 16 0.437 0.3
6 17 0.673 0.397
6 18 0.785 0.295
6 19 0.823 0.369
6 20 0.642 0.211
7 8 0.296 0.146
7 9 0.664 0.204
7 10 0.415 0.403
7 11 0.766 0.266
7 12 0.631 0.101
7 13 0.472 0.281
7 14 0.28 0.185
7 15 0.736 0.358
7 16 0.593 0.254
7 17 0.629 0.32
7 18 0.583 0.418
7 19 0.62 0.205
7 20 0.599 0.233
8 9 0.368 0.058
8 10 0.432 0.288
8 11 0.47 0.242
8 12 0.664 0.247
8 13 0.564 0.166
8 14 0.412 0.18
8 15 0.686 0.212
8 16 0.514 0.261
8 17 0.652 0.332
8 18 0.603 0.388
8 19 0.757 0.276
8 20 0.731 0.118
9 10 0.624 0.23
9 11 0.612 0.184
9 12 0.546 0.192
9 13 0.64 0.108
9 14 0.66 0.238
9 15 0.51 0.27
9 16 0.434 0.203
9 17 0.618 0.274
9 18 0.636 0.419
9 19 0.683 0.218
9 20 0.482 0.06
10 11 0.46 0.251
10 12 0.721 0.302
10 13 0.132 0.122
10 14 0.464 0.342
10 15 0.6 0.188
10 16 0.477 0.258
10 17 0.64 0.296
10 18 0.548 0.433
10 19 0.325 0.232
10 20 0.515 0.17
11 12 0.682 0.246
11 13 0.592 0.292
11 14 0.626 0.422
11 15 0.595 0.342
11 16 0.602 0.356
11 17 0.476 0.371
11 18 0.477 0.43
11 19 0.751 0.35
11 20 0.583 0.244
12 13 0.589 0.18
12 14 0.414 0.242
12 15 0.399 0.299
12 16 0.498 0.223
12 17 0.526 0.32
12 18 0.612 0.491
12 19 0.562 0.104
12 20 0.733 0.132
13 14 0.596 0.22
13 15 0.653 0.31
13 16 0.474 0.136
13 17 0.604 0.174
13 18 0.416 0.311
13 19 0.193 0.11
13 20 0.383 0.048
14 15 0.664 0.326
14 16 0.484 0.311
14 17 0.676 0.322
14 18 0.799 0.514
14 19 0.509 0.223
14 20 0.319 0.268
15 16 0.47 0.289
15 17 0.55 0.192
15 18 0.408 0.284
15 19 0.46 0.403
15 20 0.786 0.33
16 17 0.502 0.097
16 18 0.616 0.447
16 19 0.606 0.246
16 20 0.426 0.143
17 18 0.63 0.476
17 19 0.541 0.284
17 20 0.631 0.222
18 19 0.609 0.421
18 20 0.542 0.359
19 20 0.576 0.158
node_demand
0.06666667
0.033333335
0.3
0.033333335
0.13333334
0.13333334
0.2
0.06666667
0.2
0.23333333
0.1
0.033333335
0.26666668
0.13333334
0.033333335
0.26666668
0.16666667
0.13333334
0.06666667
0.2
