20
0 1 0.792 0.365
0 2 0.542 0.293
0 3 0.67 0.33
0 4 0.676 0.314
0 5 0.634 0.317
0 6 0.832 0.37
0 7 0.49 0.398
0 8 0.549 0.428
0 9 0.5 0.338
0 10 0.55 0.38
0 11 0.806 0.32
0 12 0.68 0.206
0 13 0.481 0.281
0 14 0.624 0.225
0 15 0.724 0.046
0 16 0.786 0.358
0 17 0.49 0.183
0 18 0.502 0.29
0 19 0.741 0.383
0 20 0.554 0.312
1 2 0.458 0.366
1 3 0.23 0.174
1 4 0.574 0.456
1 5 0.503 0.316
1 6 0.608 0.284
1 7 0.57 0.136
1 8 0.481 0.418
1 9 0.436 0.28
1 10 0.51 0.42
1 11 0.566 0.274
1 12 0.488 0.241
1 13 0.681 0.28
1 14 0.722 0.224
1 15 0.608 0.401
1 16 0.722 0.357
1 17 0.647 0.182
1 18 0.362 0.218
1 19 0.584 0.458
1 20 0.279 0.268
2 3 0.598 0.27
2 4 0.722 0.408
2 5 0.732 0.379
2 6 0.472 0.412
2 7 0.7 0.355
2 8 0.939 0.25
2 9 0.576 0.112
2 10 0.719 0.358
2 11 0.5 0.372
2 12 0.702 0.297
2 13 0.608 0.352
2 14 0.264 0.24
2 15 0.7 0.339
2 16 0.826 0.441
2 17 0.654 0.282
2 18 0.424 0.174
2 19 0.744 0.32
2 20 0.704 0.431
3 4 0.804 0.284
3 5 0.674 0.317
3 6 0.562 0.39
3 7 0.44 0.102
3 8 0.394 0.364
3 9 0.592 0.309
3 10 0.685 0.347
3 11 0.624 0.102
3 12 0.29 0.124
3 13 0.492 0.281
3 14 0.644 0.225
3 15 0.542 0.284
3 16 0.635 0.384
3 17 0.62 0.183
3 18 0.592 0.345
3 19 0.494 0.309
3 20 0.472 0.332
4 5 0.346 0.244
4 6 0.606 0.321
4 7 0.704 0.386
4 8 0.652 0.421
4 9 0.591 0.393
4 10 0.803 0.296
4 11 0.826 0.386
4 12 0.667 0.335
4 13 0.468 0.302
4 14 0.574 0.236
4 15 0.758 0.36
4 16 0.567 0.199
4 17 0.49 0.276
4 18 0.428 0.331
4 19 0.738 0.334
4 20 0.57 0.367
5 6 0.754 0.299
5 7 0.65 0.304
5 8 0.677 0.278
5 9 0.586 0.346
5 10 0.672 0.275
5 11 0.636 0.271
5 12 0.83 0.193
5 13 0.584 0.232
5 14 0.546 0.139
5 15 0.578 0.331
5 16 0.436 0.177
5 17 0.144 0.134
5 18 0.584 0.408
5 19 0.644 0.313
5 20 0.224 0.123
6 7 0.51 0.366
6 8 0.797 0.316
6 9 0.752 0.418
6 10 0.37 0.22
6 11 0.446 0.351
6 12 0.428 0.273
6 13 0.772 0.312
6 14 0.208 0.172
6 15 0.644 0.324
6 16 0.606 0.122
6 17 0.758 0.214
6 18 0.573 0.395
6 19 0.561 0.21
6 20 0.628 0.248
7 8 0.582 0.381
7 9 0.268 0.243
7 10 0.692 0.449
7 11 0.612 0.204
7 12 0.534 0.226
7 13 0.565 0.383
7 14 0.572 0.327
7 15 0.594 0.386
7 16 0.823 0.425
7 17 0.506 0.285
7 18 0.276 0.243
7 19 0.652 0.411
7 20 0.63 0.404
8 9 0.584 0.138
8 10 0.477 0.32
8 11 0.472 0.35
8 12 0.684 0.323
8 13 0.646 0.38
8 14 0.762 0.24
8 15 0.554 0.43
8 16 0.241 0.222
8 17 0.715 0.282
8 18 0.63 0.2
8 19 0.602 0.346
8 20 0.498 0.383
9 10 0.562 0.246
9 11 0.434 0.346
9 12 0.324 0.185
9 13 0.297 0.272
9 14 0.762 0.286
9 15 0.326 0.292
9 16 0.612 0.344
9 17 0.73 0.244
9 18 0.544 0.062
9 19 0.646 0.208
9 20 0.362 0.333
10 11 0.455 0.245
10 12 0.746 0.374
10 13 0.402 0.352
10 14 0.578 0.299
10 15 0.494 0.334
10 16 0.236 0.098
10 17 0.591 0.341
10 18 0.421 0.244
10 19 0.191 0.038
10 20 0.466 0.36
11 12 0.672 0.196
11 13 0.437 0.235
11 14 0.654 0.179
11 15 0.632 0.356
11 16 0.476 0.343
11 17 0.492 0.137
11 18 0.416 0.4
11 19 0.646 0.207
11 20 0.664 0.286
12 13 0.621 0.157
12 14 0.447 0.101
12 15 0.252 0.16
12 16 0.76 0.302
12 17 0.686 0.059
12 18 0.74 0.247
12 19 0.612 0.393
12 20 0.686 0.208
13 14 0.856 0.14
13 15 0.512 0.317
13 16 0.425 0.314
13 17 0.44 0.098
13 18 0.786 0.334
13 19 0.593 0.39
13 20 0.402 0.247
14 15 0.436 0.192
14 16 0.562 0.201
14 17 0.55 0.042
14 18 0.678 0.348
14 19 0.769 0.337
14 20 0.77 0.191
15 16 0.508 0.312
15 17 0.434 0.219
15 18 0.78 0.336
15 19 0.36 0.337
15 20 0.604 0.266
16 17 0.474 0.243
16 18 0.657 0.342
16 19 0.427 0.136
16 20 0.492 0.262
17 18 0.513 0.306
17 19 0.782 0.344
17 20 0.368 0.149
18 19 0.497 0.256
18 20 0.598 0.348
19 20 0.522 0.398
node_demand
0.13333334
0.06666667
0.16666667
0.033333335
0.23333333
0.26666668
0.16666667
0.13333334
0.26666668
0.23333333
0.2
0.13333334
0.26666668
0.06666667
0.3
0.06666667
0.3
0.13333334
0.3
0.23333333
