20
0 1 0.562 0.337
0 2 0.646 0.177
0 3 0.674 0.465
0 4 0.308 0.106
0 5 0.524 0.414
0 6 0.582 0.272
0 7 0.508 0.394
0 8 0.587 0.36
0 9 0.72 0.279
0 10 0.302 0.264
0 11 0.657 0.236
0 12 0.488 0.146
0 13 0.596 0.286
0 14 0.349 0.318
0 15 0.748 0.372
0 16 0.414 0.27
0 17 0.692 0.355
0 18 0.586 0.206
0 19 0.5 0.389
0 20 0.373 0.283
1 2 0.599 0.16
1 3 0.502 0.32
1 4 0.254 0.238
1 5 0.959 0.238
1 6 0.731 0.361
1 7 0.432 0.274
1 8 0.501 0.278
1 9 0.502 0.306
1 10 0.814 0.477
1 11 0.536 0.368
1 12 0.396 0.245
1 13 0.788 0.418
1 14 0.752 0.267
1 15 0.436 0.325
1 16 0.564 0.304
1 17 0.594 0.335
1 18 0.672 0.296
1 19 0.441 0.314
1 20 0.702 0.219
2 3 0.793 0.356
2 4 0.718 0.283
2 5 0.654 0.382
2 6 0.55 0.239
2 7 0.668 0.434
2 8 0.516 0.336
2 9 0.512 0.146
2 10 0.52 0.408
2 11 0.574 0.404
2 12 0.871 0.323
2 13 0.746 0.407
2 14 0.482 0.333
2 15 0.87 0.242
2 16 0.596 0.284
2 17 0.686 0.178
2 18 0.675 0.312
2 19 0.602 0.306
2 20 0.574 0.28
3 4 0.666 0.372
3 5 0.55 0.268
3 6 0.6 0.206
3 7 0.534 0.377
3 8 0.555 0.396
3 9 0.558 0.299
3 10 0.554 0.496
3 11 0.714 0.502
3 12 0.589 0.367
3 13 0.698 0.552
3 14 0.368 0.3
3 15 0.152 0.114
3 16 0.691 0.406
3 17 0.532 0.328
3 18 0.549 0.306
3 19 0.392 0.208
3 20 0.508 0.229
4 5 0.768 0.356
4 6 0.477 0.166
4 7 0.686 0.322
4 8 0.616 0.276
4 9 0.49 0.173
4 10 0.61 0.37
4 11 0.349 0.13
4 12 0.608 0.252
4 13 0.565 0.18
4 14 0.506 0.26
4 15 0.514 0.337
4 16 0.463 0.246
4 17 0.848 0.288
4 18 0.418 0.104
4 19 0.695 0.432
4 20 0.681 0.181
5 6 0.53 0.19
5 7 0.64 0.304
5 8 0.474 0.313
5 9 0.651 0.283
5 10 0.741 0.418
5 11 0.768 0.418
5 12 0.806 0.472
5 13 0.48 0.424
5 14 0.679 0.096
5 15 0.574 0.382
5 16 0.61 0.26
5 17 0.569 0.236
5 18 0.512 0.297
5 19 0.72 0.076
5 20 0.268 0.22
6 7 0.546 0.396
6 8 0.476 0.44
6 9 0.36 0.093
6 10 0.536 0.328
6 11 0.702 0.296
6 12 0.534 0.418
6 13 0.522 0.346
6 14 0.731 0.094
6 15 0.752 0.32
6 16 0.764 0.355
6 17 0.553 0.122
6 18 0.674 0.27
6 19 0.674 0.266
6 20 0.38 0.241
7 8 0.406 0.372
7 9 0.74 0.43
7 10 0.776 0.544
7 11 0.65 0.452
7 12 0.675 0.312
7 13 0.658 0.502
7 14 0.703 0.4
7 15 0.444 0.408
7 16 0.859 0.55
7 17 0.546 0.352
7 18 0.604 0.362
7 19 0.572 0.228
7 20 0.569 0.408
8 9 0.764 0.449
8 10 0.774 0.484
8 11 0.39 0.382
8 12 0.426 0.252
8 13 0.62 0.456
8 14 0.565 0.409
8 15 0.403 0.38
8 16 0.453 0.374
8 17 0.783 0.484
8 18 0.198 0.172
8 19 0.4 0.389
8 20 0.622 0.249
9 10 0.808 0.421
9 11 0.674 0.303
9 12 0.572 0.359
9 13 0.676 0.353
9 14 0.371 0.187
9 15 0.71 0.388
9 16 0.452 0.419
9 17 0.521 0.215
9 18 0.872 0.277
9 19 0.842 0.264
9 20 0.673 0.334
10 11 0.555 0.378
10 12 0.418 0.232
10 13 0.358 0.352
10 14 0.636 0.322
10 15 0.516 0.406
10 16 0.64 0.384
10 17 0.756 0.248
10 18 0.628 0.47
10 19 0.702 0.494
10 20 0.572 0.398
11 12 0.559 0.186
11 13 0.664 0.31
11 14 0.462 0.38
11 15 0.662 0.439
11 16 0.443 0.376
11 17 0.832 0.418
11 18 0.299 0.234
11 19 0.782 0.342
11 20 0.5 0.311
12 13 0.455 0.43
12 14 0.448 0.376
12 15 0.437 0.253
12 16 0.71 0.416
12 17 0.492 0.394
12 18 0.624 0.352
12 19 0.579 0.456
12 20 0.861 0.426
13 14 0.725 0.44
13 15 0.85 0.517
13 16 0.684 0.37
13 17 0.727 0.43
13 18 0.6 0.284
13 19 0.432 0.364
13 20 0.524 0.361
14 15 0.52 0.414
14 16 0.471 0.35
14 17 0.863 0.216
14 18 0.574 0.36
14 19 0.558 0.172
14 20 0.722 0.316
15 16 0.772 0.456
15 17 0.38 0.277
15 18 0.601 0.25
15 19 0.54 0.322
15 20 0.66 0.173
16 17 0.392 0.31
16 18 0.651 0.35
16 19 0.476 0.336
16 20 0.658 0.384
17 18 0.67 0.392
17 19 0.662 0.312
17 20 0.578 0.363
18 19 0.598 0.34
18 20 0.78 0.077
19 20 0.452 0.296
node_demand
0.13333334
0.1
0.23333333
0.26666668
0.26666668
0.1
0.3
0.1
0.3
0.1
0.3
0.16666667
0.033333335
0.2
0.13333334
0.033333335
0.1
0.23333333
0.23333333
0.16666667
