20
0 1 0.692 0.258
0 2 0.734 0.321
0 3 0.456 0.302
0 4 0.662 0.273
0 5 0.378 0.203
0 6 0.466 0.29
0 7 0.632 0.17
0 8 0.716 0.354
0 9 0.77 0.212
0 10 0.364 0.23
0 11 0.599 0.253
0 12 0.598 0.286
0 13 0.602 0.257
0 14 0.328 0.076
0 15 0.674 0.284
0 16 0.703 0.163
0 17 0.566 0.265
0 18 0.816 0.297
0 19 0.194 0.06
0 20 0.412 0.102
1 2 0.32 0.212
1 3 0.358 0.181
1 4 0.628 0.035
1 5 0.587 0.265
1 6 0.576 0.35
1 7 0.616 0.227
1 8 0.4 0.294
1 9 0.52 0.321
1 10 0.506 0.334
1 11 0.76 0.082
1 12 0.706 0.31
1 13 0.354 0.188
1 14 0.557 0.295
1 15 0.706 0.276
1 16 0.615 0.208
1 17 0.366 0.138
1 18 0.504 0.08
1 19 0.498 0.318
1 20 0.484 0.156
2 3 0.302 0.191
2 4 0.384 0.247
2 5 0.686 0.46
2 6 0.52 0.296
2 7 0.654 0.337
2 8 0.622 0.251
2 9 0.534 0.109
2 10 0.616 0.355
2 11 0.501 0.29
2 12 0.696 0.298
2 13 0.547 0.357
2 14 0.73 0.328
2 15 0.572 0.122
2 16 0.588 0.415
2 17 0.549 0.345
2 18 0.332 0.19
2 19 0.814 0.261
2 20 0.529 0.326
3 4 0.606 0.216
3 5 0.444 0.269
3 6 0.218 0.169
3 7 0.555 0.351
3 8 0.684 0.306
3 9 0.554 0.3
3 10 0.696 0.435
3 11 0.474 0.099
3 12 0.723 0.386
3 13 0.525 0.268
3 14 0.714 0.312
3 15 0.587 0.313
3 16 0.794 0.225
3 17 0.579 0.154
3 18 0.559 0.204
3 19 0.545 0.242
3 20 0.227 0.202
4 5 0.436 0.23
4 6 0.607 0.35
4 7 0.667 0.227
4 8 0.742 0.259
4 9 0.75 0.356
4 10 0.746 0.369
4 11 0.371 0.117
4 12 0.787 0.275
4 13 0.274 0.153
4 14 0.346 0.301
4 15 0.532 0.276
4 16 0.64 0.243
4 17 0.765 0.173
4 18 0.352 0.08
4 19 0.54 0.333
4 20 0.529 0.191
5 6 0.414 0.3
5 7 0.79 0.373
5 8 0.76 0.43
5 9 0.688 0.415
5 10 0.524 0.433
5 11 0.47 0.347
5 12 0.843 0.318
5 13 0.71 0.324
5 14 0.608 0.279
5 15 0.902 0.487
5 16 0.701 0.366
5 17 0.63 0.403
5 18 0.536 0.31
5 19 0.572 0.263
5 20 0.558 0.305
6 7 0.773 0.417
6 8 0.5 0.226
6 9 0.564 0.262
6 10 0.83 0.508
6 11 0.412 0.268
6 12 0.686 0.442
6 13 0.649 0.332
6 14 0.766 0.366
6 15 0.619 0.418
6 16 0.576 0.352
6 17 0.487 0.25
6 18 0.746 0.27
6 19 0.66 0.35
6 20 0.445 0.371
7 8 0.3 0.272
7 9 0.646 0.262
7 10 0.55 0.303
7 11 0.842 0.309
7 12 0.342 0.186
7 13 0.679 0.308
7 14 0.369 0.246
7 15 0.584 0.343
7 16 0.631 0.333
7 17 0.573 0.365
7 18 0.322 0.147
7 19 0.438 0.11
7 20 0.726 0.272
8 9 0.412 0.142
8 10 0.461 0.358
8 11 0.808 0.376
8 12 0.611 0.216
8 13 0.71 0.106
8 14 0.572 0.287
8 15 0.572 0.373
8 16 0.911 0.374
8 17 0.662 0.412
8 18 0.622 0.339
8 19 0.714 0.294
8 20 0.774 0.28
9 10 0.806 0.246
9 11 0.566 0.268
9 12 0.304 0.189
9 13 0.723 0.248
9 14 0.57 0.288
9 15 0.464 0.231
9 16 0.828 0.312
9 17 0.688 0.414
9 18 0.398 0.299
9 19 0.696 0.152
9 20 0.781 0.314
10 11 0.573 0.394
10 12 0.64 0.206
10 13 0.726 0.328
10 14 0.692 0.306
10 15 0.63 0.313
10 16 0.69 0.268
10 17 0.651 0.37
10 18 0.872 0.414
10 19 0.413 0.193
10 20 0.469 0.332
11 12 0.698 0.296
11 13 0.62 0.27
11 14 0.552 0.213
11 15 0.628 0.358
11 16 0.403 0.126
11 17 0.394 0.22
11 18 0.723 0.162
11 19 0.483 0.297
11 20 0.701 0.151
12 13 0.538 0.122
12 14 0.664 0.303
12 15 0.488 0.195
12 16 0.709 0.318
12 17 0.666 0.42
12 18 0.435 0.333
12 19 0.78 0.296
12 20 0.496 0.184
13 14 0.31 0.181
13 15 0.383 0.317
13 16 0.629 0.268
13 17 0.506 0.306
13 18 0.626 0.233
13 19 0.598 0.317
13 20 0.298 0.174
14 15 0.346 0.314
14 16 0.764 0.087
14 17 0.734 0.189
14 18 0.674 0.221
14 19 0.288 0.136
14 20 0.608 0.178
15 16 0.703 0.401
15 17 0.468 0.362
15 18 0.428 0.196
15 19 0.634 0.344
15 20 0.36 0.236
16 17 0.249 0.102
16 18 0.895 0.288
16 19 0.559 0.223
16 20 0.856 0.265
17 18 0.646 0.218
17 19 0.75 0.325
17 20 0.624 0.294
18 19 0.704 0.257
18 20 0.786 0.236
19 20 0.538 0.162
node_demand
0.23333333
0.13333334
0.1
0.2
0.033333335
0.13333334
0.13333334
0.033333335
0.26666668
0.13333334
0.26666668
0.16666667
0.26666668
0.033333335
0.13333334
0.13333334
0.3
0.16666667
0.16666667
0.13333334
