20
0 1 0.515 0.27
0 2 0.618 0.202
0 3 0.606 0.253
0 4 0.55 0.231
0 5 0.693 0.321
0 6 0.374 0.302
0 7 0.697 0.087
0 8 0.475 0.339
0 9 0.678 0.296
0 10 0.666 0.128
0 11 0.663 0.192
0 12 0.37 0.194
0 13 0.639 0.197
0 14 0.5 0.224
0 15 0.57 0.189
0 16 0.686 0.291
0 17 0.525 0.033
0 18 0.626 0.255
0 19 0.426 0.208
0 20 0.828 0.236
1 2 0.366 0.3
1 3 0.742 0.305
1 4 0.761 0.327
1 5 0.747 0.435
1 6 0.612 0.182
1 7 0.56 0.234
1 8 0.558 0.289
1 9 0.537 0.324
1 10 0.788 0.392
1 11 0.631 0.292
1 12 0.722 0.422
1 13 0.773 0.332
1 14 0.534 0.234
1 15 0.491 0.336
1 16 0.512 0.304
1 17 0.732 0.246
1 18 0.596 0.363
1 19 0.546 0.158
1 20 0.686 0.405
2 3 0.432 0.392
2 4 0.623 0.26
2 5 0.381 0.292
2 6 0.48 0.263
2 7 0.717 0.289
2 8 0.248 0.143
2 9 0.268 0.178
2 10 0.623 0.213
2 11 0.786 0.373
2 12 0.702 0.375
2 13 0.635 0.285
2 14 0.412 0.374
2 15 0.599 0.369
2 16 0.725 0.218
2 17 0.58 0.235
2 18 0.597 0.444
2 19 0.569 0.15
2 20 0.32 0.105
3 4 0.191 0.132
3 5 0.673 0.368
3 6 0.337 0.224
3 7 0.415 0.214
3 8 0.472 0.379
3 9 0.556 0.254
3 10 0.509 0.235
3 11 0.715 0.334
3 12 0.599 0.447
3 13 0.376 0.37
3 14 0.692 0.351
3 15 0.541 0.316
3 16 0.674 0.248
3 17 0.587 0.22
3 18 0.418 0.362
3 19 0.444 0.248
3 20 0.622 0.287
4 5 0.482 0.336
4 6 0.528 0.356
4 7 0.606 0.21
4 8 0.584 0.403
4 9 0.682 0.274
4 10 0.318 0.103
4 11 0.524 0.342
4 12 0.676 0.328
4 13 0.567 0.418
4 14 0.762 0.347
4 15 0.425 0.273
4 16 0.541 0.38
4 17 0.711 0.264
4 18 0.609 0.393
4 19 0.635 0.343
4 20 0.558 0.155
5 6 0.638 0.363
5 7 0.622 0.295
5 8 0.629 0.266
5 9 0.459 0.114
5 10 0.584 0.322
5 11 0.768 0.336
5 12 0.323 0.214
5 13 0.592 0.124
5 14 0.784 0.368
5 15 0.813 0.39
5 16 0.779 0.431
5 17 0.45 0.288
5 18 0.68 0.265
5 19 0.503 0.374
5 20 0.661 0.397
6 7 0.752 0.342
6 8 0.438 0.244
6 9 0.574 0.419
6 10 0.626 0.43
6 11 0.745 0.11
6 12 0.33 0.251
6 13 0.536 0.341
6 14 0.355 0.342
6 15 0.619 0.405
6 16 0.464 0.422
6 17 0.756 0.288
6 18 0.424 0.181
6 19 0.647 0.113
6 20 0.698 0.368
7 8 0.707 0.256
7 9 0.77 0.383
7 10 0.796 0.215
7 11 0.704 0.279
7 12 0.483 0.281
7 13 0.392 0.218
7 14 0.438 0.137
7 15 0.356 0.102
7 16 0.622 0.204
7 17 0.172 0.054
7 18 0.448 0.276
7 19 0.462 0.229
7 20 0.594 0.323
8 9 0.516 0.232
8 10 0.646 0.356
8 11 0.73 0.354
8 12 0.672 0.232
8 13 0.432 0.142
8 14 0.362 0.282
8 15 0.351 0.226
8 16 0.65 0.361
8 17 0.652 0.306
8 18 0.845 0.425
8 19 0.817 0.131
8 20 0.568 0.248
9 10 0.364 0.208
9 11 0.775 0.429
9 12 0.442 0.293
9 13 0.711 0.238
9 14 0.68 0.474
9 15 0.581 0.378
9 16 0.812 0.317
9 17 0.618 0.329
9 18 0.581 0.358
9 19 0.562 0.328
9 20 0.588 0.283
10 11 0.766 0.32
10 12 0.572 0.322
10 13 0.71 0.325
10 14 0.668 0.352
10 15 0.743 0.17
10 16 0.448 0.335
10 17 0.706 0.161
10 18 0.844 0.378
10 19 0.782 0.336
10 20 0.628 0.108
11 12 0.634 0.141
11 13 0.577 0.231
11 14 0.39 0.267
11 15 0.58 0.381
11 16 0.586 0.344
11 17 0.573 0.225
11 18 0.626 0.071
11 19 0.816 0.223
11 20 0.718 0.428
12 13 0.269 0.09
12 14 0.461 0.258
12 15 0.551 0.356
12 16 0.51 0.364
12 17 0.489 0.227
12 18 0.43 0.212
12 19 0.371 0.267
12 20 0.592 0.43
13 14 0.73 0.244
13 15 0.282 0.266
13 16 0.604 0.422
13 17 0.22 0.164
13 18 0.542 0.302
13 19 0.51 0.273
13 20 0.388 0.384
14 15 0.69 0.239
14 16 0.786 0.341
14 17 0.569 0.191
14 18 0.754 0.338
14 19 0.744 0.366
14 20 0.493 0.4
15 16 0.524 0.254
15 17 0.502 0.156
15 18 0.717 0.378
15 19 0.502 0.292
15 20 0.67 0.278
16 17 0.45 0.258
16 18 0.739 0.415
16 19 0.334 0.322
16 20 0.531 0.254
17 18 0.62 0.222
17 19 0.29 0.175
17 20 0.608 0.269
18 19 0.746 0.294
18 20 0.675 0.469
19 20 0.834 0.255
node_demand
0.1
0.1
0.06666667
0.16666667
0.033333335
0.1
0.3
0.3
0.06666667
0.3
0.16666667
0.3
0.26666668
0.13333334
0.26666668
0.2
0.13333334
0.16666667
0.3
0.033333335
