20
0 1 0.786 0.098
0 2 0.524 0.254
0 3 0.488 0.32
0 4 0.779 0.176
0 5 0.636 0.312
0 6 0.474 0.056
0 7 0.726 0.31
0 8 0.713 0.08
0 9 0.483 0.192
0 10 0.66 0.166
0 11 0.428 0.022
0 12 0.339 0.088
0 13 0.478 0.211
0 14 0.854 0.251
0 15 0.375 0.15
0 16 0.386 0.128
0 17 0.519 0.185
0 18 0.791 0.229
0 19 0.667 0.214
0 20 0.72 0.183
1 2 0.548 0.222
1 3 0.437 0.313
1 4 0.858 0.262
1 5 0.706 0.305
1 6 0.326 0.142
1 7 0.618 0.305
1 8 0.772 0.073
1 9 0.703 0.245
1 10 0.806 0.159
1 11 0.806 0.12
1 12 0.684 0.146
1 13 0.415 0.309
1 14 0.682 0.244
1 15 0.47 0.084
1 16 0.4 0.226
1 17 0.873 0.283
1 18 0.519 0.222
1 19 0.532 0.226
1 20 0.542 0.176
2 3 0.766 0.308
2 4 0.681 0.286
2 5 0.496 0.172
2 6 0.599 0.31
2 7 0.683 0.449
2 8 0.569 0.263
2 9 0.646 0.266
2 10 0.612 0.318
2 11 0.693 0.276
2 12 0.241 0.166
2 13 0.584 0.382
2 14 0.416 0.092
2 15 0.575 0.228
2 16 0.646 0.288
2 17 0.805 0.318
2 18 0.851 0.317
2 19 0.479 0.292
2 20 0.732 0.335
3 4 0.573 0.456
3 5 0.792 0.436
3 6 0.673 0.337
3 7 0.782 0.506
3 8 0.738 0.24
3 9 0.552 0.219
3 10 0.632 0.326
3 11 0.541 0.342
3 12 0.662 0.332
3 13 0.679 0.451
3 14 0.725 0.4
3 15 0.755 0.394
3 16 0.833 0.339
3 17 0.55 0.271
3 18 0.741 0.362
3 19 0.499 0.206
3 20 0.267 0.21
4 5 0.782 0.386
4 6 0.78 0.12
4 7 0.764 0.468
4 8 0.61 0.256
4 9 0.76 0.316
4 10 0.651 0.271
4 11 0.568 0.154
4 12 0.44 0.264
4 13 0.682 0.387
4 14 0.726 0.194
4 15 0.469 0.326
4 16 0.763 0.26
4 17 0.733 0.304
4 18 0.862 0.208
4 19 0.743 0.266
4 20 0.49 0.247
5 6 0.586 0.368
5 7 0.522 0.346
5 8 0.806 0.232
5 9 0.416 0.294
5 10 0.522 0.146
5 11 0.642 0.334
5 12 0.696 0.338
5 13 0.682 0.416
5 14 0.53 0.264
5 15 0.512 0.376
5 16 0.664 0.414
5 17 0.602 0.346
5 18 0.414 0.178
5 19 0.653 0.23
5 20 0.585 0.298
6 7 0.409 0.348
6 8 0.674 0.136
6 9 0.733 0.196
6 10 0.48 0.222
6 11 0.67 0.034
6 12 0.358 0.144
6 13 0.741 0.267
6 14 0.598 0.307
6 15 0.552 0.206
6 16 0.448 0.14
6 17 0.756 0.208
6 18 0.544 0.269
6 19 0.686 0.269
6 20 0.61 0.127
7 8 0.631 0.378
7 9 0.488 0.34
7 10 0.438 0.295
7 11 0.636 0.314
7 12 0.442 0.283
7 13 0.356 0.31
7 14 0.788 0.47
7 15 0.408 0.221
7 16 0.49 0.356
7 17 0.478 0.288
7 18 0.803 0.358
7 19 0.498 0.366
7 20 0.579 0.296
8 9 0.705 0.272
8 10 0.414 0.086
8 11 0.808 0.102
8 12 0.754 0.168
8 13 0.582 0.291
8 14 0.276 0.171
8 15 0.639 0.157
8 16 0.72 0.208
8 17 0.279 0.254
8 18 0.639 0.149
8 19 0.658 0.238
8 20 0.687 0.249
9 10 0.476 0.358
9 11 0.675 0.21
9 12 0.64 0.214
9 13 0.844 0.314
9 14 0.569 0.319
9 15 0.604 0.276
9 16 0.792 0.12
9 17 0.426 0.052
9 18 0.606 0.367
9 19 0.449 0.211
9 20 0.425 0.069
10 11 0.576 0.188
10 12 0.688 0.216
10 13 0.511 0.377
10 14 0.69 0.257
10 15 0.748 0.243
10 16 0.579 0.294
10 17 0.541 0.34
10 18 0.478 0.063
10 19 0.608 0.152
10 20 0.477 0.294
11 12 0.476 0.11
11 13 0.722 0.233
11 14 0.756 0.273
11 15 0.75 0.172
11 16 0.592 0.106
11 17 0.888 0.174
11 18 0.363 0.235
11 19 0.374 0.236
11 20 0.794 0.161
12 13 0.6 0.299
12 14 0.63 0.258
12 15 0.484 0.062
12 16 0.5 0.216
12 17 0.702 0.266
12 18 0.61 0.279
12 19 0.328 0.126
12 20 0.542 0.268
13 14 0.83 0.29
13 15 0.618 0.32
13 16 0.789 0.194
13 17 0.786 0.262
13 18 0.447 0.401
13 19 0.701 0.245
13 20 0.806 0.383
14 15 0.662 0.32
14 16 0.818 0.234
14 17 0.555 0.302
14 18 0.449 0.225
14 19 0.829 0.378
14 20 0.458 0.25
15 16 0.761 0.278
15 17 0.629 0.253
15 18 0.622 0.246
15 19 0.692 0.188
15 20 0.488 0.26
16 17 0.586 0.068
16 18 0.568 0.329
16 19 0.816 0.331
16 20 0.566 0.189
17 18 0.556 0.397
17 19 0.575 0.263
17 20 0.706 0.121
18 19 0.406 0.156
18 20 0.52 0.298
19 20 0.42 0.142
node_demand
0.13333334
0.23333333
0.1
0.2
0.13333334
0.16666667
0.1
0.3
0.2
0.26666668
0.13333334
0.1
0.06666667
0.1
0.033333335
0.033333335
0.23333333
0.033333335
0.26666668
0.16666667
