20
0 1 0.154 0.118
0 2 0.664 0.329
0 3 0.412 0.335
0 4 0.504 0.108
0 5 0.607 0.335
0 6 0.384 0.21
0 7 0.692 0.375
0 8 0.809 0.394
0 9 0.768 0.222
0 10 0.787 0.386
0 11 0.582 0.395
0 12 0.71 0.356
0 13 0.706 0.4
0 14 0.426 0.273
0 15 0.576 0.389
0 16 0.778 0.218
0 17 0.774 0.27
0 18 0.564 0.213
0 19 0.72 0.276
0 20 0.354 0.139
1 2 0.51 0.211
1 3 0.566 0.352
1 4 0.35 0.05
1 5 0.734 0.346
1 6 0.23 0.092
1 7 0.538 0.257
1 8 0.706 0.336
1 9 0.614 0.164
1 10 0.659 0.328
1 11 0.428 0.277
1 12 0.556 0.298
1 13 0.608 0.282
1 14 0.524 0.22
1 15 0.664 0.271
1 16 0.7 0.16
1 17 0.643 0.152
1 18 0.5 0.095
1 19 0.668 0.158
1 20 0.508 0.24
2 3 0.683 0.39
2 4 0.635 0.261
2 5 0.516 0.324
2 6 0.28 0.254
2 7 0.373 0.348
2 8 0.566 0.141
2 9 0.642 0.313
2 10 0.67 0.243
2 11 0.596 0.34
2 12 0.728 0.336
2 13 0.686 0.15
2 14 0.57 0.378
2 15 0.679 0.353
2 16 0.6 0.317
2 17 0.629 0.059
2 18 0.586 0.306
2 19 0.547 0.185
2 20 0.51 0.232
3 4 0.522 0.302
3 5 0.458 0.244
3 6 0.633 0.38
3 7 0.31 0.113
3 8 0.684 0.361
3 9 0.396 0.309
3 10 0.659 0.278
3 11 0.874 0.23
3 12 0.557 0.443
3 13 0.723 0.34
3 14 0.315 0.266
3 15 0.589 0.131
3 16 0.487 0.291
3 17 0.49 0.425
3 18 0.626 0.275
3 19 0.535 0.36
3 20 0.766 0.428
4 5 0.686 0.296
4 6 0.44 0.142
4 7 0.706 0.288
4 8 0.694 0.286
4 9 0.642 0.114
4 10 0.73 0.278
4 11 0.746 0.327
4 12 0.546 0.248
4 13 0.518 0.332
4 14 0.512 0.224
4 15 0.496 0.292
4 16 0.468 0.11
4 17 0.78 0.202
4 18 0.85 0.145
4 19 0.58 0.19
4 20 0.749 0.247
5 6 0.59 0.38
5 7 0.658 0.222
5 8 0.568 0.218
5 9 0.776 0.39
5 10 0.721 0.187
5 11 0.648 0.34
5 12 0.709 0.524
5 13 0.315 0.295
5 14 0.435 0.328
5 15 0.562 0.24
5 16 0.753 0.186
5 17 0.729 0.32
5 18 0.674 0.384
5 19 0.864 0.194
5 20 0.72 0.196
6 7 0.556 0.267
6 8 0.476 0.392
6 9 0.636 0.24
6 10 0.49 0.379
6 11 0.658 0.287
6 12 0.448 0.349
6 13 0.808 0.292
6 14 0.48 0.13
6 15 0.536 0.285
6 16 0.794 0.252
6 17 0.413 0.195
6 18 0.473 0.105
6 19 0.598 0.198
6 20 0.738 0.184
7 8 0.711 0.248
7 9 0.611 0.196
7 10 0.781 0.333
7 11 0.65 0.244
7 12 0.573 0.33
7 13 0.71 0.227
7 14 0.42 0.292
7 15 0.836 0.018
7 16 0.238 0.178
7 17 0.524 0.312
7 18 0.316 0.162
7 19 0.55 0.302
7 20 0.758 0.414
8 9 0.67 0.172
8 10 0.454 0.162
8 11 0.424 0.306
8 12 0.556 0.306
8 13 0.592 0.291
8 14 0.554 0.282
8 15 0.635 0.23
8 16 0.473 0.31
8 17 0.514 0.2
8 18 0.446 0.41
8 19 0.325 0.249
8 20 0.455 0.304
9 10 0.263 0.243
9 11 0.585 0.44
9 12 0.732 0.134
9 13 0.568 0.37
9 14 0.408 0.11
9 15 0.861 0.178
9 16 0.8 0.224
9 17 0.594 0.316
9 18 0.627 0.259
9 19 0.659 0.304
9 20 0.574 0.361
10 11 0.72 0.465
10 12 0.572 0.377
10 13 0.406 0.356
10 14 0.361 0.353
10 15 0.598 0.315
10 16 0.753 0.191
10 17 0.596 0.184
10 18 0.668 0.336
10 19 0.396 0.31
10 20 0.628 0.383
11 12 0.695 0.426
11 13 0.687 0.325
11 14 0.559 0.388
11 15 0.636 0.262
11 16 0.783 0.422
11 17 0.686 0.281
11 18 0.707 0.182
11 19 0.749 0.407
11 20 0.725 0.446
12 13 0.394 0.236
12 14 0.528 0.244
12 15 0.572 0.312
12 16 0.811 0.358
12 17 0.492 0.285
12 18 0.51 0.244
12 19 0.558 0.411
12 20 0.804 0.374
13 14 0.5 0.341
13 15 0.877 0.209
13 16 0.768 0.405
13 17 0.414 0.209
13 18 0.778 0.187
13 19 0.701 0.335
13 20 0.691 0.382
14 15 0.59 0.274
14 16 0.658 0.334
14 17 0.805 0.325
14 18 0.55 0.235
14 19 0.757 0.328
14 20 0.458 0.314
15 16 0.742 0.196
15 17 0.8 0.294
15 18 0.643 0.18
15 19 0.754 0.284
15 20 0.73 0.432
16 17 0.762 0.258
16 18 0.554 0.255
16 19 0.736 0.132
16 20 0.596 0.357
17 18 0.701 0.247
17 19 0.626 0.126
17 20 0.804 0.291
18 19 0.482 0.253
18 20 0.685 0.289
19 20 0.78 0.291
node_demand
0.26666668
0.26666668
0.2
0.26666668
0.06666667
0.23333333
0.23333333
0.033333335
0.06666667
0.26666668
0.16666667
0.13333334
0.3
0.1
0.033333335
0.23333333
0.033333335
0.06666667
0.16666667
0.06666667
