20
0 1 0.659 0.254
0 2 0.498 0.166
0 3 0.532 0.273
0 4 0.693 0.352
0 5 0.314 0.24
0 6 0.642 0.11
0 7 0.614 0.167
0 8 0.258 0.226
0 9 0.628 0.327
0 10 0.826 0.218
0 11 0.714 0.308
0 12 0.631 0.276
0 13 0.774 0.287
0 14 0.402 0.186
0 15 0.444 0.307
0 16 0.59 0.356
0 17 0.667 0.068
0 18 0.426 0.234
0 19 0.606 0.316
0 20 0.374 0.288
1 2 0.785 0.42
1 3 0.393 0.304
1 4 0.562 0.256
1 5 0.539 0.354
1 6 0.636 0.315
1 7 0.839 0.174
1 8 0.468 0.278
1 9 0.616 0.257
1 10 0.787 0.452
1 11 0.714 0.3
1 12 0.714 0.366
1 13 0.642 0.249
1 14 0.449 0.214
1 15 0.478 0.354
1 16 0.632 0.318
1 17 0.702 0.273
1 18 0.66 0.262
1 19 0.156 0.084
1 20 0.285 0.162
2 3 0.687 0.276
2 4 0.712 0.28
2 5 0.347 0.092
2 6 0.532 0.15
2 7 0.647 0.291
2 8 0.317 0.189
2 9 0.661 0.272
2 10 0.401 0.128
2 11 0.414 0.251
2 12 0.679 0.316
2 13 0.614 0.26
2 14 0.743 0.232
2 15 0.619 0.249
2 16 0.605 0.318
2 17 0.883 0.192
2 18 0.659 0.28
2 19 0.73 0.362
2 20 0.872 0.454
3 4 0.628 0.248
3 5 0.548 0.368
3 6 0.787 0.316
3 7 0.607 0.373
3 8 0.745 0.282
3 9 0.54 0.383
3 10 0.54 0.148
3 11 0.76 0.292
3 12 0.398 0.327
3 13 0.695 0.211
3 14 0.43 0.304
3 15 0.792 0.342
3 16 0.758 0.28
3 17 0.309 0.274
3 18 0.548 0.256
3 19 0.549 0.388
3 20 0.668 0.284
4 5 0.602 0.306
4 6 0.56 0.3
4 7 0.53 0.254
4 8 0.546 0.383
4 9 0.689 0.226
4 10 0.851 0.232
4 11 0.322 0.044
4 12 0.399 0.189
4 13 0.67 0.38
4 14 0.544 0.166
4 15 0.839 0.21
4 16 0.882 0.329
4 17 0.844 0.322
4 18 0.652 0.118
4 19 0.406 0.223
4 20 0.506 0.342
5 6 0.486 0.19
5 7 0.3 0.259
5 8 0.572 0.281
5 9 0.51 0.364
5 10 0.748 0.22
5 11 0.486 0.262
5 12 0.332 0.238
5 13 0.676 0.352
5 14 0.554 0.14
5 15 0.733 0.157
5 16 0.505 0.37
5 17 0.714 0.172
5 18 0.636 0.188
5 19 0.383 0.27
5 20 0.688 0.393
6 7 0.786 0.141
6 8 0.662 0.248
6 9 0.481 0.301
6 10 0.452 0.176
6 11 0.624 0.256
6 12 0.624 0.166
6 13 0.704 0.177
6 14 0.686 0.23
6 15 0.854 0.274
6 16 0.45 0.246
6 17 0.478 0.042
6 18 0.32 0.182
6 19 0.522 0.36
6 20 0.567 0.398
7 8 0.68 0.212
7 9 0.474 0.311
7 10 0.73 0.317
7 11 0.441 0.21
7 12 0.53 0.208
7 13 0.376 0.283
7 14 0.713 0.332
7 15 0.708 0.376
7 16 0.466 0.352
7 17 0.414 0.099
7 18 0.562 0.284
7 19 0.683 0.258
7 20 0.638 0.336
8 9 0.496 0.233
8 10 0.586 0.222
8 11 0.724 0.4
8 12 0.616 0.414
8 13 0.769 0.071
8 14 0.612 0.374
8 15 0.384 0.314
8 16 0.848 0.14
8 17 0.566 0.29
8 18 0.342 0.326
8 19 0.624 0.362
8 20 0.614 0.44
9 10 0.435 0.293
9 11 0.671 0.211
9 12 0.658 0.393
9 13 0.502 0.172
9 14 0.767 0.303
9 15 0.728 0.377
9 16 0.41 0.103
9 17 0.754 0.259
9 18 0.414 0.285
9 19 0.613 0.173
9 20 0.732 0.331
10 11 0.68 0.188
10 12 0.452 0.321
10 13 0.738 0.259
10 14 0.675 0.261
10 15 0.402 0.194
10 16 0.354 0.19
10 17 0.732 0.218
10 18 0.67 0.213
10 19 0.725 0.391
10 20 0.86 0.432
11 12 0.478 0.182
11 13 0.614 0.336
11 14 0.33 0.122
11 15 0.786 0.166
11 16 0.716 0.314
11 17 0.641 0.278
11 18 0.727 0.074
11 19 0.558 0.252
11 20 0.55 0.386
12 13 0.696 0.343
12 14 0.507 0.152
12 15 0.57 0.2
12 16 0.549 0.412
12 17 0.575 0.208
12 18 0.304 0.108
12 19 0.715 0.282
12 20 0.698 0.42
13 14 0.446 0.308
13 15 0.662 0.354
13 16 0.384 0.069
13 17 0.386 0.219
13 18 0.427 0.262
13 19 0.603 0.333
13 20 0.738 0.411
14 15 0.846 0.14
14 16 0.544 0.377
14 17 0.462 0.254
14 18 0.646 0.048
14 19 0.366 0.13
14 20 0.516 0.288
15 16 0.508 0.31
15 17 0.888 0.316
15 18 0.726 0.092
15 19 0.527 0.27
15 20 0.612 0.428
16 17 0.622 0.288
16 18 0.666 0.331
16 19 0.476 0.276
16 20 0.58 0.434
17 18 0.695 0.224
17 19 0.572 0.357
17 20 0.51 0.356
18 19 0.504 0.178
18 20 0.8 0.336
19 20 0.441 0.158
node_demand
0.06666667
0.16666667
0.2
0.3
0.3
0.2
0.16666667
0.06666667
0.26666668
0.3
0.26666668
0.16666667
0.23333333
0.26666668
0.26666668
0.06666667
0.2
0.26666668
0.16666667
0.3
