20
0 1 0.788 0.134
0 2 0.432 0.332
0 3 0.438 0.294
0 4 0.576 0.302
0 5 0.638 0.308
0 6 0.482 0.35
0 7 0.578 0.18
0 8 0.498 0.24
0 9 0.602 0.357
0 10 0.358 0.312
0 11 0.696 0.425
0 12 0.779 0.358
0 13 0.656 0.266
0 14 0.388 0.22
0 15 0.348 0.322
0 16 0.336 0.24
0 17 0.758 0.43
0 18 0.572 0.444
0 19 0.836 0.317
0 20 0.736 0.297
1 2 0.388 0.25
1 3 0.628 0.278
1 4 0.337 0.168
1 5 0.706 0.328
1 6 0.77 0.275
1 7 0.706 0.314
1 8 0.764 0.269
1 9 0.716 0.327
1 10 0.43 0.309
1 11 0.462 0.291
1 12 0.388 0.31
1 13 0.644 0.355
1 14 0.806 0.284
1 15 0.521 0.248
1 16 0.59 0.374
1 17 0.835 0.382
1 18 0.75 0.347
1 19 0.531 0.419
1 20 0.324 0.163
2 3 0.612 0.365
2 4 0.594 0.252
2 5 0.416 0.261
2 6 0.64 0.244
2 7 0.836 0.455
2 8 0.455 0.191
2 9 0.736 0.296
2 10 0.461 0.148
2 11 0.512 0.204
2 12 0.455 0.304
2 13 0.724 0.194
2 14 0.728 0.378
2 15 0.684 0.209
2 16 0.768 0.39
2 17 0.732 0.284
2 18 0.447 0.288
2 19 0.6 0.171
2 20 0.708 0.132
3 4 0.635 0.446
3 5 0.584 0.242
3 6 0.682 0.317
3 7 0.766 0.474
3 8 0.582 0.422
3 9 0.634 0.414
3 10 0.576 0.372
3 11 0.642 0.39
3 12 0.656 0.306
3 13 0.928 0.326
3 14 0.6 0.375
3 15 0.762 0.378
3 16 0.726 0.371
3 17 0.684 0.264
3 18 0.49 0.15
3 19 0.605 0.194
3 20 0.753 0.334
4 5 0.55 0.216
4 6 0.507 0.24
4 7 0.498 0.251
4 8 0.753 0.234
4 9 0.889 0.292
4 10 0.767 0.316
4 11 0.335 0.204
4 12 0.523 0.322
4 13 0.465 0.332
4 14 0.794 0.349
4 15 0.66 0.307
4 16 0.416 0.336
4 17 0.678 0.214
4 18 0.734 0.312
4 19 0.584 0.384
4 20 0.494 0.128
5 6 0.644 0.363
5 7 0.559 0.269
5 8 0.396 0.32
5 9 0.442 0.412
5 10 0.782 0.354
5 11 0.66 0.33
5 12 0.871 0.456
5 13 0.525 0.308
5 14 0.942 0.133
5 15 0.558 0.415
5 16 0.682 0.129
5 17 0.51 0.384
5 18 0.666 0.392
5 19 0.814 0.369
5 20 0.574 0.296
6 7 0.517 0.326
6 8 0.661 0.218
6 9 0.536 0.27
6 10 0.81 0.392
6 11 0.528 0.24
6 12 0.568 0.306
6 13 0.676 0.414
6 14 0.626 0.23
6 15 0.734 0.343
6 16 0.74 0.441
6 17 0.346 0.329
6 18 0.803 0.296
6 19 0.65 0.368
6 20 0.669 0.112
7 8 0.668 0.339
7 9 0.76 0.456
7 10 0.398 0.326
7 11 0.712 0.444
7 12 0.75 0.354
7 13 0.564 0.372
7 14 0.568 0.4
7 15 0.698 0.387
7 16 0.482 0.243
7 17 0.398 0.25
7 18 0.57 0.503
7 19 0.702 0.436
7 20 0.382 0.323
8 9 0.62 0.117
8 10 0.596 0.33
8 11 0.852 0.234
8 12 0.726 0.225
8 13 0.35 0.284
8 14 0.609 0.448
8 15 0.829 0.337
8 16 0.828 0.435
8 17 0.554 0.423
8 18 0.446 0.29
8 19 0.484 0.228
8 20 0.676 0.106
9 10 0.81 0.345
9 11 0.82 0.292
9 12 0.644 0.108
9 13 0.446 0.335
9 14 0.609 0.448
9 15 0.574 0.284
9 16 0.568 0.493
9 17 0.563 0.306
9 18 0.784 0.348
9 19 0.572 0.268
9 20 0.583 0.164
10 11 0.856 0.164
10 12 0.465 0.334
10 13 0.584 0.046
10 14 0.518 0.23
10 15 0.547 0.061
10 16 0.68 0.365
10 17 0.782 0.136
10 18 0.665 0.315
10 19 0.478 0.193
10 20 0.378 0.28
11 12 0.696 0.322
11 13 0.571 0.21
11 14 0.67 0.394
11 15 0.664 0.103
11 16 0.692 0.201
11 17 0.755 0.3
11 18 0.62 0.312
11 19 0.632 0.23
11 20 0.478 0.128
12 13 0.63 0.38
12 14 0.438 0.34
12 15 0.782 0.392
12 16 0.861 0.429
12 17 0.758 0.198
12 18 0.548 0.378
12 19 0.552 0.376
12 20 0.49 0.194
13 14 0.526 0.184
13 15 0.522 0.107
13 16 0.747 0.388
13 17 0.58 0.182
13 18 0.46 0.35
13 19 0.727 0.147
13 20 0.702 0.326
14 15 0.736 0.291
14 16 0.724 0.262
14 17 0.757 0.318
14 18 0.546 0.453
14 19 0.642 0.236
14 20 0.796 0.342
15 16 0.536 0.304
15 17 0.556 0.197
15 18 0.56 0.254
15 19 0.519 0.254
15 20 0.59 0.231
16 17 0.582 0.256
16 18 0.842 0.51
16 19 0.749 0.431
16 20 0.59 0.329
17 18 0.629 0.414
17 19 0.304 0.232
17 20 0.618 0.329
18 19 0.755 0.344
18 20 0.426 0.184
19 20 0.329 0.256
node_demand
0.26666668
0.2
0.06666667
0.1
0.2
0.1
0.16666667
0.13333334
0.26666668
0.3
0.2
0.26666668
0.23333333
0.033333335
0.16666667
0.13333334
0.13333334
0.3
0.033333335
0.2
