20
0 1 0.792 0.203
0 2 0.761 0.301
0 3 0.541 0.128
0 4 0.676 0.222
0 5 0.448 0.316
0 6 0.614 0.272
0 7 0.388 0.31
0 8 0.449 0.16
0 9 0.497 0.367
0 10 0.514 0.229
0 11 0.389 0.304
0 12 0.63 0.261
0 13 0.75 0.328
0 14 0.401 0.292
0 15 0.521 0.245
0 16 0.557 0.17
0 17 0.581 0.35
0 18 0.73 0.365
0 19 0.608 0.169
0 20 0.416 0.053
1 2 0.579 0.233
1 3 0.586 0.331
1 4 0.524 0.166
1 5 0.808 0.476
1 6 0.547 0.24
1 7 0.666 0.242
1 8 0.653 0.301
1 9 0.352 0.164
1 10 0.554 0.354
1 11 0.716 0.395
1 12 0.719 0.29
1 13 0.574 0.334
1 14 0.786 0.441
1 15 0.454 0.294
1 16 0.634 0.138
1 17 0.575 0.469
1 18 0.848 0.24
1 19 0.55 0.266
1 20 0.376 0.15
2 3 0.84 0.294
2 4 0.642 0.239
2 5 0.532 0.243
2 6 0.404 0.157
2 7 0.683 0.009
2 8 0.745 0.247
2 9 0.469 0.371
2 10 0.62 0.193
2 11 0.74 0.326
2 12 0.548 0.258
2 13 0.292 0.151
2 14 0.389 0.361
2 15 0.497 0.211
2 16 0.642 0.259
2 17 0.694 0.405
2 18 0.796 0.171
2 19 0.738 0.263
2 20 0.668 0.354
3 4 0.552 0.35
3 5 0.489 0.214
3 6 0.77 0.331
3 7 0.612 0.303
3 8 0.767 0.288
3 9 0.658 0.486
3 10 0.474 0.101
3 11 0.534 0.419
3 12 0.718 0.389
3 13 0.548 0.233
3 14 0.544 0.325
3 15 0.776 0.314
3 16 0.763 0.298
3 17 0.604 0.478
3 18 0.491 0.367
3 19 0.75 0.297
3 20 0.21 0.181
4 5 0.727 0.464
4 6 0.475 0.082
4 7 0.288 0.23
4 8 0.462 0.347
4 9 0.73 0.328
4 10 0.564 0.312
4 11 0.61 0.288
4 12 0.668 0.287
4 13 0.476 0.284
4 14 0.79 0.395
4 15 0.568 0.136
4 16 0.448 0.184
4 17 0.863 0.33
4 18 0.786 0.256
4 19 0.774 0.212
4 20 0.69 0.275
5 6 0.738 0.382
5 7 0.56 0.234
5 8 0.639 0.403
5 9 0.688 0.548
5 10 0.757 0.315
5 11 0.345 0.205
5 12 0.68 0.482
5 13 0.376 0.306
5 14 0.658 0.433
5 15 0.656 0.357
5 16 0.798 0.484
5 17 0.803 0.335
5 18 0.686 0.36
5 19 0.404 0.294
5 20 0.572 0.342
6 7 0.422 0.148
6 8 0.474 0.265
6 9 0.552 0.344
6 10 0.447 0.23
6 11 0.715 0.206
6 12 0.481 0.205
6 13 0.66 0.308
6 14 0.604 0.313
6 15 0.093 0.054
6 16 0.27 0.102
6 17 0.61 0.248
6 18 0.727 0.174
6 19 0.334 0.13
6 20 0.717 0.246
7 8 0.722 0.256
7 9 0.599 0.38
7 10 0.551 0.202
7 11 0.592 0.317
7 12 0.4 0.267
7 13 0.672 0.16
7 14 0.789 0.354
7 15 0.515 0.202
7 16 0.557 0.25
7 17 0.728 0.396
7 18 0.722 0.162
7 19 0.486 0.254
7 20 0.402 0.363
8 9 0.584 0.215
8 10 0.488 0.389
8 11 0.752 0.198
8 12 0.52 0.334
8 13 0.838 0.266
8 14 0.604 0.452
8 15 0.447 0.319
8 16 0.475 0.163
8 17 0.486 0.328
8 18 0.66 0.353
8 19 0.699 0.329
8 20 0.633 0.213
9 10 0.692 0.385
9 11 0.736 0.413
9 12 0.682 0.324
9 13 0.643 0.466
9 14 0.55 0.498
9 15 0.645 0.398
9 16 0.282 0.242
9 17 0.554 0.39
9 18 0.734 0.404
9 19 0.608 0.41
9 20 0.648 0.314
10 11 0.717 0.365
10 12 0.718 0.364
10 13 0.832 0.132
10 14 0.697 0.224
10 15 0.511 0.213
10 16 0.41 0.332
10 17 0.524 0.407
10 18 0.424 0.266
10 19 0.468 0.289
10 20 0.684 0.244
11 12 0.594 0.303
11 13 0.496 0.349
11 14 0.356 0.35
11 15 0.622 0.152
11 16 0.748 0.308
11 17 0.458 0.13
11 18 0.341 0.155
11 19 0.727 0.228
11 20 0.556 0.33
12 13 0.697 0.409
12 14 0.504 0.4
12 15 0.388 0.151
12 16 0.457 0.171
12 17 0.706 0.345
12 18 0.494 0.219
12 19 0.64 0.227
12 20 0.802 0.208
13 14 0.681 0.356
13 15 0.716 0.344
13 16 0.488 0.41
13 17 0.694 0.39
13 18 0.655 0.224
13 19 0.719 0.414
13 20 0.758 0.376
14 15 0.627 0.314
14 16 0.624 0.415
14 17 0.518 0.366
14 18 0.594 0.252
14 19 0.732 0.39
14 20 0.576 0.291
15 16 0.363 0.156
15 17 0.584 0.194
15 18 0.634 0.12
15 19 0.252 0.076
15 20 0.732 0.192
16 17 0.836 0.35
16 18 0.776 0.276
16 19 0.567 0.232
16 20 0.72 0.223
17 18 0.799 0.285
17 19 0.612 0.27
17 20 0.514 0.319
18 19 0.543 0.196
18 20 0.701 0.312
19 20 0.54 0.116
node_demand
0.16666667
0.23333333
0.06666667
0.3
0.06666667
0.1
0.13333334
0.26666668
0.23333333
0.26666668
0.06666667
0.2
0.06666667
0.3
0.26666668
0.1
0.23333333
0.033333335
0.23333333
0.1
