20
0 1 0.729 0.317
0 2 0.436 0.164
0 3 0.418 0.31
0 4 0.724 0.158
0 5 0.563 0.236
0 6 0.698 0.319
0 7 0.484 0.254
0 8 0.167 0.042
0 9 0.798 0.273
0 10 0.537 0.293
0 11 0.765 0.344
0 12 0.816 0.262
0 13 0.662 0.351
0 14 0.561 0.131
0 15 0.69 0.29
0 16 0.404 0.302
0 17 0.652 0.166
0 18 0.532 0.181
0 19 0.702 0.316
0 20 0.721 0.16
1 2 0.408 0.19
1 3 0.642 0.311
1 4 0.432 0.159
1 5 0.536 0.262
1 6 0.626 0.271
1 7 0.412 0.215
1 8 0.639 0.336
1 9 0.37 0.252
1 10 0.392 0.174
1 11 0.725 0.329
1 12 0.633 0.288
1 13 0.713 0.312
1 14 0.561 0.336
1 15 0.444 0.291
1 16 0.696 0.328
1 17 0.582 0.428
1 18 0.477 0.197
1 19 0.446 0.19
1 20 0.752 0.309
2 3 0.784 0.298
2 4 0.714 0.146
2 5 0.196 0.072
2 6 0.624 0.233
2 7 0.361 0.224
2 8 0.603 0.206
2 9 0.778 0.113
2 10 0.669 0.324
2 11 0.885 0.312
2 12 0.628 0.098
2 13 0.348 0.289
2 14 0.479 0.281
2 15 0.472 0.214
2 16 0.464 0.138
2 17 0.796 0.33
2 18 0.416 0.184
2 19 0.412 0.152
2 20 0.592 0.318
3 4 0.356 0.152
3 5 0.588 0.37
3 6 0.706 0.214
3 7 0.445 0.246
3 8 0.585 0.325
3 9 0.615 0.268
3 10 0.596 0.317
3 11 0.438 0.295
3 12 0.434 0.263
3 13 0.52 0.343
3 14 0.468 0.402
3 15 0.863 0.242
3 16 0.601 0.303
3 17 0.562 0.322
3 18 0.47 0.186
3 19 0.494 0.295
3 20 0.508 0.312
4 5 0.809 0.218
4 6 0.632 0.308
4 7 0.757 0.37
4 8 0.774 0.177
4 9 0.624 0.165
4 10 0.677 0.333
4 11 0.422 0.186
4 12 0.319 0.244
4 13 0.788 0.303
4 14 0.324 0.287
4 15 0.642 0.132
4 16 0.9 0.284
4 17 0.636 0.314
4 18 0.534 0.038
4 19 0.42 0.227
4 20 0.725 0.306
5 6 0.688 0.217
5 7 0.196 0.152
5 8 0.73 0.278
5 9 0.668 0.185
5 10 0.706 0.396
5 11 0.764 0.358
5 12 0.49 0.152
5 13 0.396 0.249
5 14 0.537 0.24
5 15 0.502 0.286
5 16 0.386 0.112
5 17 0.6 0.4
5 18 0.612 0.208
5 19 0.608 0.198
5 20 0.777 0.246
6 7 0.692 0.325
6 8 0.658 0.32
6 9 0.526 0.143
6 10 0.234 0.198
6 11 0.624 0.241
6 12 0.493 0.331
6 13 0.555 0.228
6 14 0.338 0.188
6 15 0.596 0.23
6 16 0.54 0.329
6 17 0.5 0.183
6 18 0.517 0.27
6 19 0.212 0.081
6 20 0.464 0.296
7 8 0.551 0.296
7 9 0.724 0.306
7 10 0.51 0.38
7 11 0.63 0.389
7 12 0.605 0.304
7 13 0.592 0.097
7 14 0.433 0.318
7 15 0.418 0.375
7 16 0.582 0.264
7 17 0.796 0.386
7 18 0.463 0.36
7 19 0.773 0.244
7 20 0.648 0.094
8 9 0.844 0.231
8 10 0.424 0.335
8 11 0.72 0.363
8 12 0.649 0.304
8 13 0.497 0.328
8 14 0.45 0.173
8 15 0.786 0.309
8 16 0.571 0.344
8 17 0.67 0.137
8 18 0.699 0.139
8 19 0.788 0.293
8 20 0.554 0.202
9 10 0.678 0.341
9 11 0.784 0.222
9 12 0.503 0.211
9 13 0.538 0.209
9 14 0.536 0.196
9 15 0.725 0.297
9 16 0.868 0.251
9 17 0.718 0.326
9 18 0.65 0.127
9 19 0.61 0.062
9 20 0.382 0.276
10 11 0.65 0.439
10 12 0.706 0.388
10 13 0.321 0.283
10 14 0.572 0.162
10 15 0.362 0.294
10 16 0.484 0.348
10 17 0.734 0.381
10 18 0.55 0.358
10 19 0.446 0.279
10 20 0.646 0.453
11 12 0.702 0.41
11 13 0.545 0.307
11 14 0.642 0.418
11 15 0.646 0.318
11 16 0.596 0.384
11 17 0.845 0.424
11 18 0.728 0.224
11 19 0.658 0.16
11 20 0.457 0.295
12 13 0.64 0.387
12 14 0.643 0.335
12 15 0.506 0.312
12 16 0.82 0.04
12 17 0.823 0.412
12 18 0.45 0.282
12 19 0.705 0.25
12 20 0.406 0.283
13 14 0.464 0.221
13 15 0.577 0.435
13 16 0.782 0.361
13 17 0.713 0.289
13 18 0.332 0.265
13 19 0.581 0.147
13 20 0.462 0.191
14 15 0.576 0.398
14 16 0.784 0.352
14 17 0.574 0.297
14 18 0.796 0.312
14 19 0.55 0.258
14 20 0.722 0.291
15 16 0.456 0.352
15 17 0.826 0.3
15 18 0.881 0.17
15 19 0.808 0.29
15 20 0.638 0.438
16 17 0.432 0.372
16 18 0.456 0.32
16 19 0.752 0.29
16 20 0.547 0.323
17 18 0.381 0.276
17 19 0.693 0.264
17 20 0.669 0.326
18 19 0.634 0.189
18 20 0.288 0.268
19 20 0.676 0.338
node_demand
0.2
0.033333335
0.23333333
0.033333335
0.16666667
0.16666667
0.16666667
0.06666667
0.16666667
0.23333333
0.26666668
0.06666667
0.3
0.26666668
0.1
0.13333334
0.2
0.3
0.1
0.26666668
