20
0 1 0.764 0.174
0 2 0.518 0.233
0 3 0.747 0.31
0 4 0.444 0.28
0 5 0.549 0.308
0 6 0.674 0.342
0 7 0.626 0.338
0 8 0.596 0.23
0 9 0.442 0.31
0 10 0.698 0.423
0 11 0.688 0.198
0 12 0.653 0.291
0 13 0.664 0.128
0 14 0.644 0.25
0 15 0.648 0.22
0 16 0.698 0.224
0 17 0.778 0.289
0 18 0.31 0.157
0 19 0.488 0.268
0 20 0.509 0.4
1 2 0.477 0.352
1 3 0.538 0.136
1 4 0.64 0.351
1 5 0.702 0.321
1 6 0.456 0.259
1 7 0.557 0.31
1 8 0.771 0.236
1 9 0.504 0.326
1 10 0.697 0.428
1 11 0.866 0.251
1 12 0.56 0.158
1 13 0.726 0.24
1 14 0.495 0.236
1 15 0.67 0.192
1 16 0.38 0.262
1 17 0.502 0.206
1 18 0.596 0.331
1 19 0.535 0.312
1 20 0.743 0.366
2 3 0.81 0.24
2 4 0.731 0.298
2 5 0.564 0.33
2 6 0.584 0.261
2 7 0.469 0.229
2 8 0.525 0.116
2 9 0.5 0.325
2 10 0.265 0.19
2 11 0.663 0.246
2 12 0.739 0.194
2 13 0.498 0.348
2 14 0.589 0.14
2 15 0.718 0.347
2 16 0.718 0.114
2 17 0.677 0.208
2 18 0.624 0.076
2 19 0.74 0.248
2 20 0.376 0.316
3 4 0.886 0.247
3 5 0.612 0.257
3 6 0.573 0.201
3 7 0.411 0.241
3 8 0.693 0.148
3 9 0.683 0.329
3 10 0.903 0.374
3 11 0.743 0.147
3 12 0.89 0.226
3 13 0.62 0.376
3 14 0.413 0.1
3 15 0.45 0.318
3 16 0.626 0.126
3 17 0.347 0.148
3 18 0.745 0.28
3 19 0.567 0.364
3 20 0.862 0.364
4 5 0.415 0.21
4 6 0.582 0.204
4 7 0.506 0.299
4 8 0.768 0.271
4 9 0.589 0.282
4 10 0.466 0.228
4 11 0.244 0.1
4 12 0.398 0.193
4 13 0.566 0.152
4 14 0.474 0.21
4 15 0.507 0.339
4 16 0.26 0.184
4 17 0.638 0.257
4 18 0.684 0.288
4 19 0.506 0.283
4 20 0.468 0.326
5 6 0.67 0.249
5 7 0.44 0.247
5 8 0.502 0.281
5 9 0.578 0.275
5 10 0.299 0.14
5 11 0.171 0.11
5 12 0.554 0.203
5 13 0.356 0.284
5 14 0.562 0.294
5 15 0.752 0.129
5 16 0.631 0.32
5 17 0.444 0.196
5 18 0.66 0.298
5 19 0.517 0.395
5 20 0.306 0.161
6 7 0.51 0.409
6 8 0.581 0.297
6 9 0.562 0.261
6 10 0.562 0.389
6 11 0.648 0.304
6 12 0.784 0.219
6 13 0.616 0.356
6 14 0.81 0.301
6 15 0.536 0.291
6 16 0.674 0.327
6 17 0.226 0.053
6 18 0.718 0.185
6 19 0.604 0.25
6 20 0.474 0.41
7 8 0.282 0.172
7 9 0.384 0.299
7 10 0.734 0.164
7 11 0.332 0.232
7 12 0.69 0.25
7 13 0.606 0.404
7 14 0.712 0.141
7 15 0.5 0.118
7 16 0.713 0.115
7 17 0.72 0.356
7 18 0.562 0.305
7 19 0.384 0.365
7 20 0.62 0.236
8 9 0.478 0.246
8 10 0.651 0.226
8 11 0.524 0.171
8 12 0.408 0.078
8 13 0.7 0.232
8 14 0.43 0.248
8 15 0.636 0.29
8 16 0.536 0.23
8 17 0.638 0.251
8 18 0.486 0.192
8 19 0.308 0.272
8 20 0.514 0.302
9 10 0.544 0.135
9 11 0.716 0.182
9 12 0.466 0.168
9 13 0.222 0.182
9 14 0.774 0.339
9 15 0.646 0.268
9 16 0.329 0.313
9 17 0.336 0.208
9 18 0.752 0.34
9 19 0.734 0.367
9 20 0.34 0.228
10 11 0.47 0.25
10 12 0.474 0.303
10 13 0.627 0.317
10 14 0.634 0.305
10 15 0.453 0.269
10 16 0.611 0.279
10 17 0.656 0.336
10 18 0.532 0.266
10 19 0.71 0.438
10 20 0.554 0.301
11 12 0.642 0.093
11 13 0.527 0.252
11 14 0.586 0.247
11 15 0.732 0.239
11 16 0.504 0.273
11 17 0.582 0.295
11 18 0.679 0.188
11 19 0.688 0.36
11 20 0.477 0.226
12 13 0.688 0.31
12 14 0.607 0.326
12 15 0.736 0.23
12 16 0.644 0.308
12 17 0.77 0.272
12 18 0.652 0.202
12 19 0.614 0.35
12 20 0.684 0.319
13 14 0.903 0.362
13 15 0.425 0.316
13 16 0.551 0.336
13 17 0.558 0.39
13 18 0.604 0.285
13 19 0.628 0.396
13 20 0.562 0.41
14 15 0.478 0.259
14 16 0.445 0.026
14 17 0.587 0.248
14 18 0.783 0.216
14 19 0.707 0.388
14 20 0.7 0.264
15 16 0.484 0.233
15 17 0.31 0.238
15 18 0.632 0.37
15 19 0.784 0.454
15 20 0.626 0.252
16 17 0.665 0.274
16 18 0.481 0.19
16 19 0.659 0.362
16 20 0.374 0.238
17 18 0.677 0.132
17 19 0.499 0.216
17 20 0.655 0.357
18 19 0.178 0.172
18 20 0.558 0.392
19 20 0.57 0.234
node_demand
0.2
0.2
0.033333335
0.3
0.1
0.1
0.26666668
0.26666668
0.2
0.06666667
0.26666668
0.23333333
0.1
0.23333333
0.13333334
0.033333335
0.26666668
0.3
0.06666667
0.23333333
