20
0 1 0.377 0.182
0 2 0.362 0.132
0 3 0.745 0.278
0 4 0.432 0.276
0 5 0.364 0.134
0 6 0.635 0.274
0 7 0.522 0.284
0 8 0.484 0.352
0 9 0.598 0.344
0 10 0.743 0.322
0 11 0.569 0.287
0 12 0.552 0.372
0 13 0.546 0.316
0 14 0.514 0.266
0 15 0.556 0.126
0 16 0.627 0.246
0 17 0.379 0.17
0 18 0.86 0.314
0 19 0.358 0.232
0 20 0.674 0.332
1 2 0.548 0.314
1 3 0.466 0.278
1 4 0.614 0.17
1 5 0.741 0.182
1 6 0.703 0.274
1 7 0.506 0.314
1 8 0.78 0.448
1 9 0.325 0.27
1 10 0.666 0.41
1 11 0.59 0.441
1 12 0.845 0.484
1 13 0.169 0.134
1 14 0.692 0.182
1 15 0.468 0.28
1 16 0.402 0.328
1 17 0.558 0.352
1 18 0.593 0.271
1 19 0.565 0.366
1 20 0.696 0.362
2 3 0.826 0.176
2 4 0.495 0.196
2 5 0.517 0.266
2 6 0.584 0.142
2 7 0.536 0.182
2 8 0.232 0.22
2 9 0.474 0.222
2 10 0.51 0.19
2 11 0.686 0.419
2 12 0.792 0.297
2 13 0.717 0.32
2 14 0.593 0.208
2 15 0.8 0.258
2 16 0.359 0.114
2 17 0.607 0.225
2 18 0.897 0.346
2 19 0.596 0.234
2 20 0.725 0.23
3 4 0.774 0.35
3 5 0.52 0.229
3 6 0.403 0.246
3 7 0.584 0.252
3 8 0.873 0.386
3 9 0.371 0.146
3 10 0.64 0.156
3 11 0.543 0.313
3 12 0.584 0.27
3 13 0.558 0.144
3 14 0.798 0.362
3 15 0.189 0.152
3 16 0.546 0.254
3 17 0.495 0.365
3 18 0.726 0.34
3 19 0.611 0.2
3 20 0.652 0.3
4 5 0.42 0.29
4 6 0.496 0.104
4 7 0.685 0.144
4 8 0.727 0.278
4 9 0.658 0.342
4 10 0.475 0.24
4 11 0.648 0.41
4 12 0.566 0.39
4 13 0.658 0.304
4 14 0.098 0.012
4 15 0.63 0.37
4 16 0.425 0.31
4 17 0.673 0.236
4 18 0.548 0.232
4 19 0.55 0.196
4 20 0.38 0.192
5 6 0.618 0.213
5 7 0.288 0.232
5 8 0.749 0.366
5 9 0.536 0.33
5 10 0.805 0.349
5 11 0.655 0.361
5 12 0.799 0.44
5 13 0.751 0.262
5 14 0.518 0.278
5 15 0.606 0.2
5 16 0.61 0.222
5 17 0.728 0.304
5 18 0.616 0.246
5 19 0.722 0.284
5 20 0.418 0.253
6 7 0.558 0.04
6 8 0.707 0.174
6 9 0.378 0.238
6 10 0.415 0.136
6 11 0.468 0.306
6 12 0.84 0.419
6 13 0.575 0.292
6 14 0.594 0.116
6 15 0.518 0.266
6 16 0.552 0.216
6 17 0.422 0.327
6 18 0.504 0.336
6 19 0.554 0.092
6 20 0.876 0.088
7 8 0.534 0.134
7 9 0.482 0.198
7 10 0.517 0.176
7 11 0.492 0.324
7 12 0.738 0.379
7 13 0.621 0.332
7 14 0.587 0.156
7 15 0.571 0.226
7 16 0.34 0.176
7 17 0.588 0.287
7 18 0.566 0.341
7 19 0.543 0.052
7 20 0.494 0.048
8 9 0.62 0.332
8 10 0.742 0.31
8 11 0.816 0.426
8 12 0.758 0.439
8 13 0.758 0.37
8 14 0.825 0.29
8 15 0.956 0.265
8 16 0.378 0.31
8 17 0.626 0.25
8 18 0.802 0.207
8 19 0.38 0.186
8 20 0.518 0.182
9 10 0.723 0.302
9 11 0.52 0.379
9 12 0.624 0.214
9 13 0.494 0.29
9 14 0.604 0.354
9 15 0.56 0.218
9 16 0.491 0.108
9 17 0.642 0.219
9 18 0.71 0.34
9 19 0.24 0.146
9 20 0.596 0.246
10 11 0.816 0.341
10 12 0.425 0.376
10 13 0.497 0.3
10 14 0.377 0.252
10 15 0.579 0.308
10 16 0.628 0.304
10 17 0.58 0.415
10 18 0.573 0.214
10 19 0.809 0.228
10 20 0.716 0.224
11 12 0.471 0.426
11 13 0.718 0.457
11 14 0.571 0.422
11 15 0.732 0.161
11 16 0.508 0.396
11 17 0.756 0.443
11 18 0.442 0.342
11 19 0.436 0.272
11 20 0.486 0.372
12 13 0.676 0.414
12 14 0.468 0.378
12 15 0.53 0.386
12 16 0.48 0.322
12 17 0.728 0.433
12 18 0.764 0.554
12 19 0.384 0.327
12 20 0.74 0.427
13 14 0.6 0.316
13 15 0.637 0.296
13 16 0.571 0.398
13 17 0.727 0.426
13 18 0.455 0.324
13 19 0.659 0.334
13 20 0.701 0.32
14 15 0.639 0.382
14 16 0.494 0.322
14 17 0.742 0.248
14 18 0.646 0.22
14 19 0.452 0.208
14 20 0.478 0.204
15 16 0.606 0.298
15 17 0.654 0.282
15 18 0.574 0.188
15 19 0.723 0.174
15 20 0.702 0.274
16 17 0.248 0.111
16 18 0.742 0.232
16 19 0.468 0.124
16 20 0.654 0.224
17 18 0.494 0.343
17 19 0.698 0.235
17 20 0.54 0.335
18 19 0.624 0.356
18 20 0.558 0.389
19 20 0.356 0.1
node_demand
0.3
0.16666667
0.13333334
0.3
0.26666668
0.1
0.3
0.06666667
0.06666667
0.3
0.033333335
0.1
0.1
0.26666668
0.06666667
0.1
0.06666667
0.23333333
0.06666667
0.13333334
