20
0 1 0.378 0.168
0 2 0.544 0.36
0 3 0.37 0.038
0 4 0.411 0.12
0 5 0.8 0.256
0 6 0.672 0.294
0 7 0.734 0.3
0 8 0.466 0.158
0 9 0.508 0.255
0 10 0.684 0.203
0 11 0.55 0.23
0 12 0.562 0.292
0 13 0.713 0.136
0 14 0.54 0.272
0 15 0.59 0.211
0 16 0.52 0.274
0 17 0.544 0.444
0 18 0.808 0.347
0 19 0.479 0.293
0 20 0.65 0.181
1 2 0.55 0.311
1 3 0.731 0.13
1 4 0.574 0.212
1 5 0.766 0.424
1 6 0.774 0.302
1 7 0.554 0.251
1 8 0.55 0.271
1 9 0.749 0.234
1 10 0.518 0.272
1 11 0.658 0.315
1 12 0.184 0.124
1 13 0.648 0.228
1 14 0.282 0.138
1 15 0.293 0.162
1 16 0.638 0.366
1 17 0.458 0.276
1 18 0.585 0.368
1 19 0.571 0.252
1 20 0.5 0.25
2 3 0.772 0.322
2 4 0.627 0.24
2 5 0.608 0.322
2 6 0.783 0.286
2 7 0.718 0.06
2 8 0.861 0.461
2 9 0.643 0.372
2 10 0.589 0.212
2 11 0.669 0.354
2 12 0.586 0.373
2 13 0.512 0.298
2 14 0.696 0.434
2 15 0.536 0.149
2 16 0.596 0.4
2 17 0.57 0.388
2 18 0.602 0.338
2 19 0.591 0.291
2 20 0.345 0.234
3 4 0.356 0.082
3 5 0.464 0.294
3 6 0.626 0.297
3 7 0.366 0.262
3 8 0.792 0.196
3 9 0.317 0.217
3 10 0.369 0.165
3 11 0.34 0.192
3 12 0.738 0.254
3 13 0.343 0.098
3 14 0.624 0.234
3 15 0.438 0.173
3 16 0.648 0.236
3 17 0.629 0.406
3 18 0.691 0.309
3 19 0.521 0.255
3 20 0.57 0.143
4 5 0.792 0.212
4 6 0.956 0.215
4 7 0.722 0.18
4 8 0.868 0.278
4 9 0.349 0.251
4 10 0.588 0.135
4 11 0.696 0.24
4 12 0.684 0.252
4 13 0.694 0.18
4 14 0.586 0.316
4 15 0.684 0.091
4 16 0.706 0.279
4 17 0.556 0.34
4 18 0.814 0.391
4 19 0.686 0.303
4 20 0.638 0.113
5 6 0.761 0.306
5 7 0.696 0.262
5 8 0.714 0.414
5 9 0.572 0.202
5 10 0.724 0.347
5 11 0.36 0.242
5 12 0.605 0.414
5 13 0.761 0.392
5 14 0.484 0.325
5 15 0.599 0.303
5 16 0.494 0.181
5 17 0.884 0.347
5 18 0.736 0.266
5 19 0.321 0.286
5 20 0.753 0.325
6 7 0.575 0.346
6 8 0.808 0.444
6 9 0.76 0.399
6 10 0.422 0.343
6 11 0.908 0.455
6 12 0.866 0.426
6 13 0.52 0.201
6 14 0.632 0.164
6 15 0.485 0.306
6 16 0.412 0.346
6 17 0.8 0.544
6 18 0.744 0.394
6 19 0.763 0.518
6 20 0.55 0.328
7 8 0.683 0.401
7 9 0.683 0.312
7 10 0.478 0.152
7 11 0.336 0.294
7 12 0.56 0.313
7 13 0.456 0.294
7 14 0.656 0.378
7 15 0.336 0.089
7 16 0.673 0.34
7 17 0.711 0.448
7 18 0.508 0.278
7 19 0.588 0.231
7 20 0.722 0.174
8 9 0.66 0.413
8 10 0.72 0.361
8 11 0.628 0.388
8 12 0.722 0.394
8 13 0.464 0.253
8 14 0.732 0.389
8 15 0.432 0.312
8 16 0.664 0.304
8 17 0.576 0.346
8 18 0.493 0.356
8 19 0.71 0.451
8 20 0.744 0.339
9 10 0.462 0.16
9 11 0.476 0.282
9 12 0.64 0.277
9 13 0.66 0.302
9 14 0.817 0.372
9 15 0.755 0.234
9 16 0.547 0.304
9 17 0.312 0.294
9 18 0.564 0.353
9 19 0.644 0.222
9 20 0.706 0.138
10 11 0.494 0.267
10 12 0.702 0.161
10 13 0.46 0.142
10 14 0.454 0.278
10 15 0.807 0.118
10 16 0.307 0.188
10 17 0.715 0.386
10 18 0.322 0.28
10 19 0.665 0.289
10 20 0.244 0.022
11 12 0.548 0.191
11 13 0.594 0.29
11 14 0.834 0.424
11 15 0.612 0.295
11 16 0.666 0.291
11 17 0.652 0.366
11 18 0.816 0.194
11 19 0.462 0.063
11 20 0.644 0.289
12 13 0.464 0.303
12 14 0.466 0.262
12 15 0.477 0.235
12 16 0.454 0.305
12 17 0.642 0.4
12 18 0.769 0.259
12 19 0.755 0.128
12 20 0.636 0.139
13 14 0.502 0.136
13 15 0.446 0.238
13 16 0.678 0.33
13 17 0.536 0.486
13 18 0.782 0.366
13 19 0.724 0.353
13 20 0.474 0.164
14 15 0.575 0.3
14 16 0.651 0.408
14 17 0.74 0.414
14 18 0.303 0.23
14 19 0.404 0.361
14 20 0.663 0.278
15 16 0.746 0.262
15 17 0.751 0.431
15 18 0.78 0.363
15 19 0.278 0.232
15 20 0.793 0.096
16 17 0.408 0.198
16 18 0.624 0.44
16 19 0.468 0.326
16 20 0.259 0.166
17 18 0.876 0.242
17 19 0.652 0.304
17 20 0.659 0.364
18 19 0.707 0.131
18 20 0.494 0.302
19 20 0.727 0.267
node_demand
0.13333334
0.033333335
0.3
0.033333335
0.033333335
0.2
0.033333335
0.3
0.26666668
0.13333334
0.2
0.2
0.06666667
0.16666667
0.033333335
0.1
0.26666668
0.13333334
0.033333335
0.26666668
