20
0 1 0.457 0.285
0 2 0.545 0.3
0 3 0.621 0.364
0 4 0.667 0.393
0 5 0.765 0.362
0 6 0.698 0.284
0 7 0.623 0.152
0 8 0.494 0.373
0 9 0.638 0.432
0 10 0.649 0.19
0 11 0.474 0.282
0 12 0.852 0.369
0 13 0.904 0.366
0 14 0.781 0.262
0 15 0.604 0.169
0 16 0.622 0.404
0 17 0.823 0.468
0 18 0.693 0.392
0 19 0.957 0.309
0 20 0.498 0.209
1 2 0.474 0.374
1 3 0.636 0.304
1 4 0.516 0.357
1 5 0.859 0.356
1 6 0.399 0.27
1 7 0.492 0.146
1 8 0.352 0.302
1 9 0.356 0.241
1 10 0.602 0.184
1 11 0.742 0.244
1 12 0.562 0.084
1 13 0.812 0.299
1 14 0.44 0.256
1 15 0.726 0.42
1 16 0.588 0.39
1 17 0.628 0.366
1 18 0.523 0.278
1 19 0.748 0.414
1 20 0.613 0.348
2 3 0.429 0.07
2 4 0.578 0.168
2 5 0.618 0.252
2 6 0.755 0.178
2 7 0.733 0.306
2 8 0.672 0.31
2 9 0.396 0.284
2 10 0.623 0.344
2 11 0.836 0.326
2 12 0.67 0.314
2 13 0.362 0.096
2 14 0.639 0.408
2 15 0.514 0.272
2 16 0.714 0.168
2 17 0.762 0.405
2 18 0.662 0.322
2 19 0.618 0.44
2 20 0.456 0.324
3 4 0.81 0.238
3 5 0.788 0.322
3 6 0.628 0.248
3 7 0.742 0.236
3 8 0.284 0.24
3 9 0.5 0.306
3 10 0.716 0.274
3 11 0.953 0.396
3 12 0.533 0.244
3 13 0.672 0.166
3 14 0.508 0.338
3 15 0.45 0.342
3 16 0.544 0.238
3 17 0.644 0.434
3 18 0.825 0.36
3 19 0.744 0.37
3 20 0.812 0.394
4 5 0.607 0.258
4 6 0.598 0.262
4 7 0.404 0.241
4 8 0.766 0.258
4 9 0.542 0.116
4 10 0.514 0.279
4 11 0.258 0.181
4 12 0.592 0.348
4 13 0.508 0.18
4 14 0.722 0.351
4 15 0.62 0.44
4 16 0.641 0.336
4 17 0.535 0.312
4 18 0.354 0.154
4 19 0.7 0.387
4 20 0.579 0.421
5 6 0.46 0.307
5 7 0.52 0.21
5 8 0.738 0.224
5 9 0.524 0.218
5 10 0.63 0.248
5 11 0.544 0.214
5 12 0.945 0.298
5 13 0.646 0.348
5 14 0.579 0.268
5 15 0.612 0.278
5 16 0.314 0.312
5 17 0.603 0.258
5 18 0.529 0.104
5 19 0.694 0.334
5 20 0.732 0.294
6 7 0.324 0.132
6 8 0.56 0.276
6 9 0.75 0.298
6 10 0.434 0.17
6 11 0.505 0.148
6 12 0.548 0.354
6 13 0.478 0.082
6 14 0.626 0.242
6 15 0.62 0.406
6 16 0.198 0.12
6 17 0.27 0.227
6 18 0.286 0.203
6 19 0.672 0.354
6 20 0.59 0.334
7 8 0.458 0.221
7 9 0.658 0.324
7 10 0.11 0.038
7 11 0.472 0.244
7 12 0.425 0.23
7 13 0.593 0.214
7 14 0.318 0.11
7 15 0.76 0.274
7 16 0.504 0.252
7 17 0.594 0.359
7 18 0.555 0.256
7 19 0.626 0.268
7 20 0.342 0.202
8 9 0.666 0.342
8 10 0.568 0.259
8 11 0.78 0.23
8 12 0.741 0.314
8 13 0.582 0.358
8 14 0.506 0.331
8 15 0.464 0.252
8 16 0.757 0.156
8 17 0.719 0.278
8 18 0.762 0.12
8 19 0.791 0.381
8 20 0.762 0.324
9 10 0.768 0.358
9 11 0.453 0.15
9 12 0.544 0.325
9 13 0.758 0.296
9 14 0.796 0.43
9 15 0.91 0.462
9 16 0.558 0.418
9 17 0.772 0.38
9 18 0.672 0.222
9 19 0.614 0.356
9 20 0.538 0.39
10 11 0.52 0.236
10 12 0.535 0.256
10 13 0.703 0.252
10 14 0.208 0.072
10 15 0.722 0.236
10 16 0.394 0.29
10 17 0.645 0.342
10 18 0.566 0.294
10 19 0.516 0.23
10 20 0.232 0.164
11 12 0.677 0.304
11 13 0.552 0.23
11 14 0.728 0.308
11 15 0.729 0.312
11 16 0.515 0.268
11 17 0.4 0.268
11 18 0.219 0.11
11 19 0.644 0.206
11 20 0.684 0.24
12 13 0.769 0.383
12 14 0.491 0.184
12 15 0.914 0.492
12 16 0.699 0.47
12 17 0.639 0.282
12 18 0.458 0.194
12 19 0.646 0.342
12 20 0.767 0.42
13 14 0.774 0.324
13 15 0.376 0.364
13 16 0.588 0.202
13 17 0.748 0.309
13 18 0.764 0.285
13 19 0.683 0.436
13 20 0.711 0.39
14 15 0.514 0.308
14 16 0.602 0.362
14 17 0.55 0.27
14 18 0.731 0.366
14 19 0.308 0.158
14 20 0.44 0.236
15 16 0.708 0.324
15 17 0.628 0.433
15 18 0.686 0.304
15 19 0.623 0.274
15 20 0.51 0.072
16 17 0.468 0.276
16 18 0.407 0.276
16 19 0.59 0.274
16 20 0.462 0.252
17 18 0.181 0.158
17 19 0.69 0.159
17 20 0.413 0.361
18 19 0.509 0.316
18 20 0.477 0.35
19 20 0.728 0.202
node_demand
0.033333335
0.23333333
0.06666667
0.23333333
0.26666668
0.06666667
0.2
0.1
0.06666667
0.3
0.26666668
0.3
0.23333333
0.26666668
0.3
0.2
0.16666667
0.26666668
0.13333334
0.13333334
