20
0 1 0.556 0.252
0 2 0.56 0.406
0 3 0.695 0.338
0 4 0.477 0.284
0 5 0.508 0.239
0 6 0.496 0.14
0 7 0.43 0.301
0 8 0.274 0.256
0 9 0.702 0.229
0 10 0.6 0.164
0 11 0.396 0.262
0 12 0.464 0.162
0 13 0.667 0.246
0 14 0.501 0.201
0 15 0.648 0.345
0 16 0.474 0.342
0 17 0.525 0.416
0 18 0.479 0.108
0 19 0.795 0.212
0 20 0.464 0.178
1 2 0.568 0.2
1 3 0.38 0.289
1 4 0.686 0.329
1 5 0.584 0.173
1 6 0.498 0.296
1 7 0.266 0.212
1 8 0.483 0.202
1 9 0.592 0.237
1 10 0.31 0.172
1 11 0.788 0.402
1 12 0.486 0.403
1 13 0.576 0.31
1 14 0.656 0.135
1 15 0.594 0.282
1 16 0.364 0.354
1 17 0.485 0.199
1 18 0.628 0.36
1 19 0.706 0.367
1 20 0.745 0.386
2 3 0.475 0.334
2 4 0.259 0.129
2 5 0.742 0.167
2 6 0.774 0.335
2 7 0.302 0.174
2 8 0.462 0.204
2 9 0.594 0.307
2 10 0.677 0.242
2 11 0.562 0.424
2 12 0.494 0.251
2 13 0.712 0.236
2 14 0.847 0.205
2 15 0.588 0.381
2 16 0.521 0.164
2 17 0.609 0.336
2 18 0.692 0.347
2 19 0.544 0.344
2 20 0.598 0.401
3 4 0.734 0.274
3 5 0.575 0.435
3 6 0.652 0.198
3 7 0.646 0.196
3 8 0.848 0.13
3 9 0.598 0.4
3 10 0.538 0.36
3 11 0.859 0.277
3 12 0.687 0.356
3 13 0.752 0.392
3 14 0.528 0.397
3 15 0.698 0.173
3 16 0.744 0.288
3 17 0.377 0.09
3 18 0.731 0.398
3 19 0.472 0.27
3 20 0.888 0.193
4 5 0.692 0.296
4 6 0.515 0.28
4 7 0.516 0.21
4 8 0.203 0.144
4 9 0.631 0.198
4 10 0.418 0.263
4 11 0.434 0.295
4 12 0.614 0.122
4 13 0.744 0.358
4 14 0.795 0.3
4 15 0.474 0.305
4 16 0.768 0.293
4 17 0.664 0.364
4 18 0.488 0.356
4 19 0.628 0.215
4 20 0.762 0.341
5 6 0.386 0.342
5 7 0.688 0.332
5 8 0.572 0.371
5 9 0.515 0.14
5 10 0.274 0.075
5 11 0.666 0.396
5 12 0.681 0.329
5 13 0.6 0.213
5 14 0.105 0.038
5 15 0.436 0.429
5 16 0.764 0.282
5 17 0.64 0.372
5 18 0.435 0.31
5 19 0.556 0.27
5 20 0.454 0.312
6 7 0.618 0.161
6 8 0.439 0.136
6 9 0.48 0.202
6 10 0.66 0.267
6 11 0.745 0.402
6 12 0.779 0.214
6 13 0.518 0.336
6 14 0.491 0.304
6 15 0.462 0.371
6 16 0.736 0.29
6 17 0.6 0.288
6 18 0.716 0.248
6 19 0.442 0.072
6 20 0.674 0.318
7 8 0.334 0.066
7 9 0.494 0.363
7 10 0.483 0.334
7 11 0.746 0.311
7 12 0.533 0.332
7 13 0.664 0.196
7 14 0.696 0.347
7 15 0.759 0.369
7 16 0.252 0.153
7 17 0.751 0.286
7 18 0.776 0.334
7 19 0.529 0.233
7 20 0.724 0.227
8 9 0.428 0.338
8 10 0.621 0.374
8 11 0.586 0.377
8 12 0.711 0.266
8 13 0.756 0.262
8 14 0.592 0.337
8 15 0.546 0.303
8 16 0.586 0.164
8 17 0.57 0.22
8 18 0.579 0.364
8 19 0.521 0.208
8 20 0.582 0.293
9 10 0.369 0.065
9 11 0.604 0.306
9 12 0.436 0.193
9 13 0.452 0.203
9 14 0.41 0.102
9 15 0.755 0.342
9 16 0.467 0.362
9 17 0.532 0.425
9 18 0.57 0.337
9 19 0.251 0.13
9 20 0.695 0.323
10 11 0.734 0.342
10 12 0.41 0.254
10 13 0.326 0.138
10 14 0.379 0.037
10 15 0.71 0.383
10 16 0.674 0.357
10 17 0.795 0.371
10 18 0.709 0.272
10 19 0.568 0.195
10 20 0.506 0.258
11 12 0.528 0.246
11 13 0.482 0.355
11 14 0.677 0.358
11 15 0.436 0.41
11 16 0.83 0.464
11 17 0.701 0.367
11 18 0.347 0.217
11 19 0.64 0.388
11 20 0.678 0.084
12 13 0.564 0.236
12 14 0.576 0.291
12 15 0.481 0.183
12 16 0.741 0.415
12 17 0.624 0.266
12 18 0.59 0.27
12 19 0.687 0.142
12 20 0.259 0.219
13 14 0.617 0.175
13 15 0.634 0.419
13 16 0.841 0.234
13 17 0.78 0.432
13 18 0.426 0.138
13 19 0.288 0.264
13 20 0.597 0.386
14 15 0.541 0.417
14 16 0.78 0.32
14 17 0.628 0.334
14 18 0.33 0.272
14 19 0.649 0.232
14 20 0.559 0.274
15 16 0.628 0.281
15 17 0.533 0.083
15 18 0.464 0.391
15 19 0.504 0.325
15 20 0.548 0.366
16 17 0.656 0.198
16 18 0.6 0.372
16 19 0.654 0.362
16 20 0.482 0.38
17 18 0.354 0.308
17 19 0.673 0.36
17 20 0.559 0.283
18 19 0.319 0.306
18 20 0.331 0.248
19 20 0.458 0.341
node_demand
0.26666668
0.13333334
0.1
0.2
0.26666668
0.23333333
0.3
0.2
0.23333333
0.16666667
0.16666667
0.1
0.16666667
0.033333335
0.26666668
0.13333334
0.13333334
0.13333334
0.2
0.06666667
