20
0 1 0.544 0.36
0 2 0.673 0.416
0 3 0.887 0.389
0 4 0.833 0.45
0 5 0.911 0.394
0 6 0.746 0.432
0 7 0.738 0.471
0 8 0.656 0.348
0 9 0.578 0.504
0 10 0.822 0.402
0 11 0.535 0.446
0 12 0.442 0.224
0 13 0.63 0.417
0 14 0.691 0.266
0 15 0.543 0.493
0 16 0.605 0.41
0 17 0.55 0.286
0 18 0.632 0.39
0 19 0.765 0.422
0 20 0.369 0.364
1 2 0.391 0.35
1 3 0.728 0.28
1 4 0.658 0.278
1 5 0.798 0.265
1 6 0.234 0.224
1 7 0.745 0.348
1 8 0.744 0.365
1 9 0.512 0.332
1 10 0.495 0.339
1 11 0.734 0.274
1 12 0.584 0.241
1 13 0.635 0.349
1 14 0.552 0.094
1 15 0.523 0.312
1 16 0.674 0.414
1 17 0.426 0.29
1 18 0.194 0.186
1 19 0.416 0.35
1 20 0.654 0.37
2 3 0.55 0.355
2 4 0.446 0.298
2 5 0.66 0.13
2 6 0.157 0.134
2 7 0.666 0.47
2 8 0.452 0.324
2 9 0.715 0.171
2 10 0.627 0.204
2 11 0.396 0.229
2 12 0.5 0.3
2 13 0.544 0.334
2 14 0.744 0.409
2 15 0.803 0.251
2 16 0.713 0.392
2 17 0.717 0.268
2 18 0.585 0.164
2 19 0.669 0.332
2 20 0.546 0.416
3 4 0.354 0.292
3 5 0.782 0.225
3 6 0.707 0.433
3 7 0.568 0.564
3 8 0.626 0.419
3 9 0.443 0.242
3 10 0.883 0.299
3 11 0.731 0.3
3 12 0.54 0.395
3 13 0.63 0.42
3 14 0.87 0.374
3 15 0.508 0.104
3 16 0.58 0.248
3 17 0.824 0.334
3 18 0.534 0.23
3 19 0.696 0.375
3 20 0.696 0.4
4 5 0.772 0.326
4 6 0.554 0.164
4 7 0.776 0.315
4 8 0.484 0.132
4 9 0.783 0.35
4 10 0.544 0.298
4 11 0.622 0.336
4 12 0.522 0.256
4 13 0.636 0.304
4 14 0.607 0.184
4 15 0.525 0.334
4 16 0.267 0.19
4 17 0.536 0.24
4 18 0.718 0.308
4 19 0.496 0.124
4 20 0.464 0.288
5 6 0.588 0.208
5 7 0.468 0.349
5 8 0.288 0.194
5 9 0.7 0.259
5 10 0.536 0.074
5 11 0.695 0.317
5 12 0.676 0.17
5 13 0.524 0.408
5 14 0.547 0.359
5 15 0.656 0.121
5 16 0.798 0.265
5 17 0.76 0.232
5 18 0.838 0.247
5 19 0.698 0.368
5 20 0.574 0.35
6 7 0.604 0.354
6 8 0.609 0.296
6 9 0.558 0.305
6 10 0.47 0.134
6 11 0.534 0.249
6 12 0.526 0.208
6 13 0.41 0.2
6 14 0.758 0.318
6 15 0.657 0.329
6 16 0.659 0.317
6 17 0.56 0.27
6 18 0.428 0.243
6 19 0.65 0.27
6 20 0.703 0.282
7 8 0.362 0.186
7 9 0.492 0.39
7 10 0.47 0.396
7 11 0.605 0.448
7 12 0.614 0.247
7 13 0.491 0.371
7 14 0.484 0.356
7 15 0.632 0.462
7 16 0.734 0.318
7 17 0.319 0.268
7 18 0.686 0.372
7 19 0.501 0.191
7 20 0.649 0.262
8 9 0.412 0.3
8 10 0.726 0.268
8 11 0.768 0.358
8 12 0.496 0.124
8 13 0.624 0.386
8 14 0.62 0.284
8 15 0.67 0.315
8 16 0.51 0.31
8 17 0.681 0.186
8 18 0.55 0.29
8 19 0.452 0.256
8 20 0.287 0.156
9 10 0.492 0.333
9 11 0.874 0.058
9 12 0.52 0.326
9 13 0.792 0.184
9 14 0.716 0.238
9 15 0.258 0.138
9 16 0.516 0.282
9 17 0.686 0.368
9 18 0.318 0.264
9 19 0.528 0.364
9 20 0.584 0.414
10 11 0.734 0.383
10 12 0.606 0.178
10 13 0.88 0.334
10 14 0.58 0.296
10 15 0.65 0.195
10 16 0.482 0.339
10 17 0.668 0.24
10 18 0.542 0.321
10 19 0.764 0.376
10 20 0.895 0.288
11 12 0.766 0.384
11 13 0.514 0.126
11 14 0.798 0.18
11 15 0.795 0.196
11 16 0.72 0.34
11 17 0.849 0.404
11 18 0.566 0.322
11 19 0.553 0.306
11 20 0.659 0.356
12 13 0.51 0.272
12 14 0.735 0.335
12 15 0.778 0.291
12 16 0.664 0.186
12 17 0.562 0.062
12 18 0.676 0.166
12 19 0.558 0.198
12 20 0.552 0.212
13 14 0.543 0.28
13 15 0.835 0.322
13 16 0.779 0.307
13 17 0.644 0.278
13 18 0.556 0.364
13 19 0.334 0.18
13 20 0.337 0.23
14 15 0.826 0.376
14 16 0.584 0.374
14 17 0.766 0.362
14 18 0.469 0.28
14 19 0.566 0.308
14 20 0.344 0.332
15 16 0.258 0.144
15 17 0.761 0.23
15 18 0.464 0.126
15 19 0.666 0.271
15 20 0.536 0.296
16 17 0.78 0.124
16 18 0.48 0.228
16 19 0.445 0.127
16 20 0.468 0.274
17 18 0.598 0.104
17 19 0.81 0.251
17 20 0.871 0.15
18 19 0.222 0.184
18 20 0.674 0.254
19 20 0.452 0.376
node_demand
0.3
0.3
0.3
0.2
0.2
0.2
0.13333334
0.23333333
0.06666667
0.26666668
0.26666668
0.16666667
0.3
0.26666668
0.3
0.1
0.16666667
0.16666667
0.1
0.06666667
