min_dist:
0.0000 0.1600 0.4200 0.2500 0.3800 0.2200 0.3700 0.3600 0.2000 0.2200 0.2800 0.2000 0.2800 0.1200 0.1000 0.3900 0.3800 0.4200 0.3200 0.2400 0.2800
0.1600 0.0000 0.3800 0.2600 0.2200 0.2200 0.2800 0.2200 0.0600 0.0800 0.1800 0.0400 0.1600 0.2800 0.1600 0.2400 0.2600 0.3000 0.2400 0.1200 0.1600
0.4200 0.3800 0.0000 0.2200 0.3300 0.2800 0.1000 0.3400 0.3400 0.4000 0.3000 0.3600 0.2600 0.3000 0.3700 0.3700 0.1600 0.3800 0.2400 0.3000 0.2600
0.2500 0.2600 0.2200 0.0000 0.3000 0.0600 0.1200 0.1200 0.2000 0.2600 0.0800 0.2200 0.3000 0.1600 0.1500 0.2500 0.2400 0.2600 0.2600 0.2600 0.3000
0.3800 0.2200 0.3300 0.3000 0.0000 0.2400 0.3500 0.4200 0.2000 0.3000 0.3200 0.1800 0.1600 0.3400 0.3000 0.2300 0.2600 0.4200 0.3800 0.2000 0.1600
0.2200 0.2200 0.2800 0.0600 0.2400 0.0000 0.1800 0.1800 0.2600 0.3000 0.1400 0.2400 0.2800 0.1000 0.2100 0.1900 0.2000 0.2000 0.3200 0.3200 0.2800
0.3700 0.2800 0.1000 0.1200 0.3500 0.1800 0.0000 0.2400 0.2800 0.3000 0.2000 0.2600 0.1900 0.2800 0.2700 0.3000 0.2600 0.3800 0.1400 0.2300 0.1900
0.3600 0.2200 0.3400 0.1200 0.4200 0.1800 0.2400 0.0000 0.2800 0.1400 0.1700 0.2600 0.3300 0.2800 0.2700 0.2200 0.3300 0.3800 0.2000 0.3400 0.3300
0.2000 0.0600 0.3400 0.2000 0.2000 0.2600 0.2800 0.2800 0.0000 0.1400 0.1200 0.0200 0.1000 0.2800 0.1000 0.2100 0.2000 0.3000 0.2000 0.0600 0.1000
0.2200 0.0800 0.4000 0.2600 0.3000 0.3000 0.3000 0.1400 0.1400 0.0000 0.1800 0.1200 0.2400 0.3400 0.2400 0.2800 0.2900 0.3800 0.1600 0.2000 0.2400
0.2800 0.1800 0.3000 0.0800 0.3200 0.1400 0.2000 0.1700 0.1200 0.1800 0.0000 0.1400 0.2200 0.2400 0.2200 0.3300 0.1600 0.3400 0.2900 0.1800 0.2200
0.2000 0.0400 0.3600 0.2200 0.1800 0.2400 0.2600 0.2600 0.0200 0.1200 0.1400 0.0000 0.1200 0.3000 0.1200 0.2000 0.2200 0.2800 0.2000 0.0800 0.1200
0.2800 0.1600 0.2600 0.3000 0.1600 0.2800 0.1900 0.3300 0.1000 0.2400 0.2200 0.1200 0.0000 0.1800 0.2000 0.1100 0.1000 0.2600 0.2200 0.0400 0.0000
0.1200 0.2800 0.3000 0.1600 0.3400 0.1000 0.2800 0.2800 0.2800 0.3400 0.2400 0.3000 0.1800 0.0000 0.2200 0.2900 0.2800 0.3000 0.4000 0.2200 0.1800
0.1000 0.1600 0.3700 0.1500 0.3000 0.2100 0.2700 0.2700 0.1000 0.2400 0.2200 0.1200 0.2000 0.2200 0.0000 0.3100 0.3000 0.3900 0.3000 0.1600 0.2000
0.3900 0.2400 0.3700 0.2500 0.2300 0.1900 0.3000 0.2200 0.2100 0.2800 0.3300 0.2000 0.1100 0.2900 0.3100 0.0000 0.2100 0.1900 0.2400 0.1500 0.1100
0.3800 0.2600 0.1600 0.2400 0.2600 0.2000 0.2600 0.3300 0.2000 0.2900 0.1600 0.2200 0.1000 0.2800 0.3000 0.2100 0.0000 0.2200 0.1300 0.1400 0.1000
0.4200 0.3000 0.3800 0.2600 0.4200 0.2000 0.3800 0.3800 0.3000 0.3800 0.3400 0.2800 0.2600 0.3000 0.3900 0.1900 0.2200 0.0000 0.3500 0.3000 0.2600
0.3200 0.2400 0.2400 0.2600 0.3800 0.3200 0.1400 0.2000 0.2000 0.1600 0.2900 0.2000 0.2200 0.4000 0.3000 0.2400 0.1300 0.3500 0.0000 0.2600 0.2200
0.2400 0.1200 0.3000 0.2600 0.2000 0.3200 0.2300 0.3400 0.0600 0.2000 0.1800 0.0800 0.0400 0.2200 0.1600 0.1500 0.1400 0.3000 0.2600 0.0000 0.0400
0.2800 0.1600 0.2600 0.3000 0.1600 0.2800 0.1900 0.3300 0.1000 0.2400 0.2200 0.1200 0.0000 0.1800 0.2000 0.1100 0.1000 0.2600 0.2200 0.0400 0.0000

max_dist:
0.0000 0.6800 0.7500 0.7500 0.8000 0.6400 0.6000 0.4600 0.6000 0.2400 0.2900 0.4800 0.6200 0.4800 0.6700 0.7300 0.6300 0.4600 0.4600 0.3600 0.6000
0.6800 0.0000 0.5500 0.7300 0.6800 0.6200 0.6700 0.6800 0.7200 0.8700 0.7900 0.3800 0.5400 0.7000 0.4100 0.3800 0.5700 0.6000 0.5400 0.6300 0.6400
0.7500 0.5500 0.0000 0.5000 0.5200 0.5600 0.3800 0.4900 0.5800 0.5900 0.4600 0.6600 0.7200 0.4500 0.6600 0.7800 0.4100 0.5600 0.6200 0.6000 0.4700
0.7500 0.7300 0.5000 0.0000 0.5800 0.1100 0.1500 0.6200 0.5900 0.7700 0.5400 0.3600 0.5800 0.3800 0.7100 0.6800 0.5400 0.3900 0.3900 0.6100 0.4700
0.8000 0.6800 0.5200 0.5800 0.0000 0.6900 0.6600 0.7000 0.5400 0.6500 0.8000 0.4000 0.5200 0.4600 0.5000 0.3400 0.5000 0.4500 0.5600 0.6500 0.2600
0.6400 0.6200 0.5600 0.1100 0.6900 0.0000 0.2600 0.7300 0.4800 0.6600 0.5200 0.4700 0.6000 0.4800 0.6000 0.6800 0.6000 0.2800 0.5000 0.7000 0.5800
0.6000 0.6700 0.3800 0.1500 0.6600 0.2600 0.0000 0.5600 0.5600 0.6800 0.5500 0.5100 0.5600 0.5300 0.6400 0.5600 0.4500 0.5200 0.2400 0.7500 0.5300
0.4600 0.6800 0.4900 0.6200 0.7000 0.7300 0.5600 0.0000 0.6800 0.2200 0.6800 0.6800 0.5500 0.5400 0.6800 0.3600 0.6900 0.7900 0.4600 0.7000 0.6800
0.6000 0.7200 0.5800 0.5900 0.5400 0.4800 0.5600 0.6800 0.0000 0.7600 0.3800 0.3400 0.6400 0.5800 0.5800 0.5600 0.7200 0.7600 0.3200 0.5900 0.7000
0.2400 0.8700 0.5900 0.7700 0.6500 0.6600 0.6800 0.2200 0.7600 0.0000 0.4600 0.7200 0.7000 0.7200 0.4600 0.5500 0.6200 0.7000 0.4400 0.5400 0.5800
0.2900 0.7900 0.4600 0.5400 0.8000 0.5200 0.5500 0.6800 0.3800 0.4600 0.0000 0.5000 0.9000 0.7700 0.3800 0.4600 0.3400 0.6600 0.7000 0.6500 0.7000
0.4800 0.3800 0.6600 0.3600 0.4000 0.4700 0.5100 0.6800 0.3400 0.7200 0.5000 0.0000 0.7900 0.3200 0.7900 0.6700 0.5300 0.7000 0.6500 0.2500 0.6600
0.6200 0.5400 0.7200 0.5800 0.5200 0.6000 0.5600 0.5500 0.6400 0.7000 0.9000 0.7900 0.0000 0.5100 0.5400 0.4400 0.7800 0.6500 0.3200 0.5400 0.3000
0.4800 0.7000 0.4500 0.3800 0.4600 0.4800 0.5300 0.5400 0.5800 0.7200 0.7700 0.3200 0.5100 0.0000 0.8400 0.7000 0.6700 0.7600 0.4200 0.5700 0.6000
0.6700 0.4100 0.6600 0.7100 0.5000 0.6000 0.6400 0.6800 0.5800 0.4600 0.3800 0.7900 0.5400 0.8400 0.0000 0.7900 0.5000 0.4200 0.5300 0.6800 0.7000
0.7300 0.3800 0.7800 0.6800 0.3400 0.6800 0.5600 0.3600 0.5600 0.5500 0.4600 0.6700 0.4400 0.7000 0.7900 0.0000 0.5400 0.5600 0.3200 0.7000 0.4700
0.6300 0.5700 0.4100 0.5400 0.5000 0.6000 0.4500 0.6900 0.7200 0.6200 0.3400 0.5300 0.7800 0.6700 0.5000 0.5400 0.0000 0.3200 0.6500 0.7800 0.7600
0.4600 0.6000 0.5600 0.3900 0.4500 0.2800 0.5200 0.7900 0.7600 0.7000 0.6600 0.7000 0.6500 0.7600 0.4200 0.5600 0.3200 0.0000 0.7600 0.7500 0.5800
0.4600 0.5400 0.6200 0.3900 0.5600 0.5000 0.2400 0.4600 0.3200 0.4400 0.7000 0.6500 0.3200 0.4200 0.5300 0.3200 0.6500 0.7600 0.0000 0.5200 0.6000
0.3600 0.6300 0.6000 0.6100 0.6500 0.7000 0.7500 0.7000 0.5900 0.5400 0.6500 0.2500 0.5400 0.5700 0.6800 0.7000 0.7800 0.7500 0.5200 0.0000 0.5200
0.6000 0.6400 0.4700 0.4700 0.2600 0.5800 0.5300 0.6800 0.7000 0.5800 0.7000 0.6600 0.3000 0.6000 0.7000 0.4700 0.7600 0.5800 0.6000 0.5200 0.0000

--- Contains 5 samples ---

--- Sample 1 ---
node_demand:
0.2667
0.1000
0.3000
0.2000
0.2667
0.1000
0.2667
0.1333
0.3000
0.0667
0.2000
0.1333
0.0667
0.1667
0.2333
0.3000
0.2000
0.2000
0.0333
0.1667

dist_matrix:
0.0000 0.2403 0.5268 0.4259 0.5347 0.3666 0.4457 0.4129 0.5964 0.2270 0.2848 0.3656 0.5064 0.2845 0.1082 0.6768 0.4243 0.4598 0.3509 0.3111 0.3534
0.1898 0.0000 0.4978 0.4240 0.5106 0.2930 0.4638 0.2837 0.2625 0.4952 0.3322 0.2827 0.3270 0.2896 0.3672 0.3145 0.5581 0.3301 0.2984 0.3928 0.2949
0.5655 0.5148 0.0000 0.4075 0.4478 0.4811 0.2584 0.3649 0.4191 0.4169 0.4225 0.6273 0.5330 0.4046 0.4224 0.7160 0.3628 0.3966 0.5565 0.4083 0.2778
0.7156 0.3560 0.3806 0.0000 0.4844 0.0937 0.1481 0.4280 0.5600 0.3753 0.5268 0.2800 0.5373 0.3697 0.6807 0.3231 0.3876 0.3688 0.2814 0.4043 0.3309
0.5743 0.3317 0.4467 0.3920 0.0000 0.4672 0.5706 0.6822 0.5308 0.3395 0.6588 0.2846 0.3801 0.4145 0.3823 0.2697 0.4180 0.4352 0.3991 0.5352 0.2155
0.3697 0.6184 0.3516 0.1064 0.2469 0.0000 0.1868 0.6904 0.4105 0.4394 0.3669 0.4550 0.5129 0.2320 0.5625 0.5991 0.2842 0.2761 0.3726 0.4866 0.4668
0.4503 0.6087 0.2587 0.1392 0.4269 0.2260 0.0000 0.3217 0.5441 0.5321 0.3205 0.3966 0.5591 0.4314 0.5521 0.3551 0.4000 0.4796 0.2170 0.5529 0.4300
0.3619 0.3724 0.3783 0.4254 0.5796 0.6815 0.2597 0.0000 0.5103 0.1812 0.5445 0.5648 0.4072 0.2818 0.2806 0.3575 0.6054 0.5658 0.3924 0.5834 0.6239
0.4276 0.0917 0.4424 0.4763 0.4294 0.3959 0.4823 0.4282 0.0000 0.6679 0.3486 0.2117 0.1528 0.2840 0.2373 0.5329 0.5449 0.5402 0.2156 0.2682 0.6222
0.2397 0.1433 0.4451 0.6687 0.4488 0.4931 0.5889 0.1817 0.5838 0.0000 0.3731 0.4630 0.6116 0.3843 0.2417 0.3795 0.5724 0.6172 0.3937 0.4991 0.4820
0.2847 0.2949 0.3872 0.3759 0.5536 0.3667 0.4743 0.5852 0.2577 0.4250 0.0000 0.3423 0.6831 0.3953 0.3126 0.4344 0.2747 0.3736 0.5932 0.3066 0.2220
0.2072 0.0800 0.4148 0.2501 0.3378 0.3335 0.3235 0.4343 0.2135 0.5268 0.4424 0.0000 0.6884 0.3181 0.4048 0.4847 0.2663 0.6727 0.3061 0.2066 0.3341
0.4313 0.5281 0.6085 0.3632 0.2898 0.3931 0.3739 0.3302 0.5160 0.6744 0.3751 0.5452 0.0000 0.5070 0.3169 0.3155 0.7062 0.3221 0.3069 0.2982 0.2314
0.3951 0.5365 0.3895 0.1762 0.4230 0.3402 0.5271 0.4572 0.3355 0.6043 0.3833 0.3172 0.3142 0.0000 0.5166 0.6548 0.4290 0.3800 0.4165 0.2364 0.4759
0.1364 0.1969 0.4660 0.3669 0.3861 0.3262 0.2710 0.3147 0.1530 0.4103 0.3458 0.3794 0.2260 0.6508 0.0000 0.3741 0.4750 0.3967 0.3622 0.4380 0.5020
0.6203 0.3425 0.5804 0.2583 0.2999 0.5144 0.5330 0.2491 0.5445 0.4590 0.3932 0.2497 0.2031 0.6615 0.6916 0.0000 0.2579 0.3338 0.2417 0.1664 0.2089
0.4904 0.2961 0.3726 0.2517 0.4643 0.4965 0.3757 0.3412 0.2662 0.4949 0.2899 0.3428 0.2470 0.3247 0.3519 0.4303 0.0000 0.2998 0.4685 0.5866 0.2300
0.4226 0.5367 0.5139 0.2778 0.4315 0.2756 0.4922 0.4284 0.3445 0.5715 0.3741 0.4079 0.4752 0.3130 0.3916 0.3896 0.3138 0.0000 0.4331 0.3467 0.2637
0.4349 0.2960 0.4243 0.3231 0.5575 0.4240 0.2165 0.3748 0.3105 0.2311 0.6086 0.2742 0.2495 0.4159 0.3194 0.2722 0.2208 0.7497 0.0000 0.3866 0.5824
0.2530 0.5777 0.5353 0.3159 0.5188 0.6421 0.4031 0.6981 0.3796 0.3851 0.5206 0.2388 0.2445 0.3204 0.5669 0.3595 0.3070 0.6183 0.3682 0.0000 0.3108
0.3651 0.4806 0.4104 0.3751 0.2229 0.5046 0.3423 0.5275 0.3670 0.3032 0.3077 0.1408 0.0293 0.4549 0.2643 0.3946 0.4106 0.3449 0.2910 0.0520 0.0000

--- Sample 2 ---
node_demand:
0.2667
0.1000
0.3000
0.2000
0.2667
0.1000
0.2667
0.1333
0.3000
0.0667
0.2000
0.1333
0.0667
0.1667
0.2333
0.3000
0.2000
0.2000
0.0333
0.1667

dist_matrix:
0.0000 0.6344 0.5901 0.5325 0.7349 0.5168 0.4249 0.4505 0.3214 0.2283 0.2840 0.3559 0.4696 0.3850 0.2289 0.4873 0.5451 0.4313 0.3641 0.2859 0.4611
0.4069 0.0000 0.5118 0.5015 0.5507 0.2463 0.3749 0.5135 0.4238 0.6513 0.3964 0.1581 0.4849 0.6730 0.2846 0.3080 0.2631 0.5713 0.3427 0.1410 0.5468
0.4527 0.3872 0.0000 0.2472 0.4938 0.5197 0.3734 0.3998 0.3658 0.4121 0.3559 0.3878 0.6739 0.3479 0.3722 0.7279 0.3837 0.5568 0.5288 0.3828 0.4193
0.7205 0.5858 0.2634 0.0000 0.5438 0.0802 0.1472 0.2795 0.2157 0.6416 0.2705 0.3581 0.4257 0.2881 0.6004 0.2500 0.5250 0.2762 0.2848 0.5400 0.3441
0.7527 0.4425 0.5169 0.4194 0.0000 0.6457 0.4170 0.4770 0.2486 0.3209 0.5881 0.2248 0.3536 0.4252 0.4580 0.3319 0.2902 0.4316 0.4980 0.4795 0.1968
0.3539 0.3455 0.4563 0.0690 0.5293 0.0000 0.1951 0.2811 0.4176 0.4024 0.2259 0.2923 0.3111 0.1371 0.4612 0.4574 0.4628 0.2520 0.3663 0.6164 0.4148
0.5108 0.3634 0.2504 0.1368 0.4517 0.2478 0.0000 0.3169 0.4413 0.4916 0.5115 0.4596 0.2917 0.4350 0.5162 0.3173 0.3763 0.4708 0.1944 0.3600 0.4118
0.3845 0.5173 0.3675 0.1333 0.5739 0.3149 0.4565 0.0000 0.5539 0.1852 0.3428 0.6763 0.5294 0.4108 0.5589 0.2916 0.4076 0.4296 0.4344 0.4686 0.4042
0.3782 0.1807 0.5467 0.4705 0.3656 0.2930 0.4675 0.4829 0.0000 0.7349 0.1388 0.3367 0.5083 0.2928 0.5552 0.5158 0.6227 0.3193 0.3081 0.4536 0.2795
0.2268 0.8019 0.5877 0.5758 0.4357 0.3999 0.5549 0.1716 0.2355 0.0000 0.2419 0.2972 0.6592 0.6140 0.2419 0.3494 0.6180 0.6598 0.2973 0.3245 0.3749
0.2885 0.3074 0.3562 0.1688 0.7598 0.2645 0.3589 0.4374 0.3389 0.1913 0.0000 0.4608 0.4108 0.4123 0.3219 0.4207 0.1769 0.5819 0.5299 0.3630 0.6998
0.3801 0.1336 0.5667 0.3434 0.2373 0.2672 0.5055 0.6074 0.1799 0.1633 0.4842 0.0000 0.4167 0.3085 0.3725 0.2076 0.4663 0.5085 0.6286 0.1376 0.5122
0.3101 0.4465 0.2937 0.3465 0.4679 0.3444 0.3755 0.4789 0.2984 0.5060 0.6740 0.4381 0.0000 0.4579 0.4374 0.2390 0.2364 0.5126 0.3140 0.0444 0.1869
0.2395 0.6573 0.4357 0.2289 0.4043 0.3266 0.4037 0.4895 0.5433 0.6492 0.5733 0.3110 0.4376 0.0000 0.8288 0.4100 0.5476 0.4653 0.4096 0.4837 0.4314
0.5470 0.2903 0.5106 0.2945 0.3809 0.2549 0.3832 0.5309 0.1094 0.4113 0.2785 0.5812 0.2082 0.5088 0.0000 0.4564 0.4945 0.4076 0.4901 0.4370 0.6860
0.5517 0.2500 0.6861 0.4976 0.3167 0.3180 0.3439 0.3227 0.4072 0.3441 0.4567 0.4435 0.3892 0.4973 0.7283 0.0000 0.4687 0.3870 0.3154 0.4149 0.1476
0.5789 0.4346 0.3286 0.3603 0.4962 0.5020 0.2909 0.6161 0.4142 0.3036 0.1699 0.3955 0.6639 0.3975 0.4533 0.2651 0.0000 0.2501 0.4949 0.6022 0.1030
0.4250 0.4123 0.4228 0.3120 0.4330 0.2055 0.4918 0.4510 0.4914 0.3801 0.6582 0.5548 0.3432 0.4384 0.4129 0.1907 0.2288 0.0000 0.7421 0.7282 0.5335
0.4134 0.2917 0.6063 0.3105 0.4028 0.3368 0.1740 0.2771 0.2863 0.3735 0.3539 0.2557 0.2707 0.4032 0.3893 0.2979 0.2993 0.4834 0.0000 0.2898 0.3196
0.2608 0.5450 0.5055 0.3953 0.2700 0.6962 0.5493 0.5569 0.5220 0.3126 0.6202 0.2380 0.2360 0.5686 0.4091 0.4468 0.5617 0.4966 0.5149 0.0000 0.2415
0.3557 0.2685 0.4475 0.3379 0.2498 0.4352 0.3025 0.6667 0.5103 0.2454 0.3807 0.6498 0.1516 0.5503 0.4182 0.1730 0.1234 0.3313 0.5562 0.2064 0.0000

--- Sample 3 ---
node_demand:
0.2667
0.1000
0.3000
0.2000
0.2667
0.1000
0.2667
0.1333
0.3000
0.0667
0.2000
0.1333
0.0667
0.1667
0.2333
0.3000
0.2000
0.2000
0.0333
0.1667

dist_matrix:
0.0000 0.3719 0.6093 0.5686 0.4962 0.3724 0.4136 0.4372 0.2290 0.2211 0.2820 0.2099 0.5527 0.1800 0.2820 0.6727 0.5072 0.4352 0.4593 0.3056 0.4702
0.3947 0.0000 0.4087 0.5610 0.5307 0.4042 0.3530 0.6273 0.2415 0.1602 0.6169 0.1937 0.1628 0.6590 0.2438 0.2971 0.5327 0.3945 0.3064 0.5644 0.3511
0.6639 0.4103 0.0000 0.3315 0.3615 0.5190 0.2423 0.4294 0.5442 0.4073 0.3497 0.5597 0.5748 0.3920 0.5856 0.4111 0.1703 0.5224 0.3259 0.5056 0.4629
0.3794 0.6329 0.4918 0.0000 0.5586 0.0645 0.1409 0.4714 0.4652 0.2833 0.1207 0.3151 0.4764 0.3069 0.3920 0.5084 0.5155 0.3516 0.2898 0.2792 0.4480
0.6524 0.3743 0.3717 0.5415 0.0000 0.3249 0.4282 0.5668 0.4687 0.3713 0.3654 0.3163 0.4126 0.4525 0.4480 0.2623 0.3232 0.4239 0.4997 0.5046 0.1904
0.5122 0.4679 0.3294 0.0799 0.3429 0.0000 0.2399 0.2851 0.3304 0.4444 0.1681 0.3094 0.3275 0.1945 0.3785 0.4930 0.3798 0.2748 0.3946 0.4985 0.4336
0.4054 0.3235 0.2898 0.1391 0.5074 0.2369 0.0000 0.3345 0.3849 0.6607 0.4073 0.2759 0.4291 0.4295 0.5540 0.4840 0.3968 0.3824 0.1797 0.7484 0.4246
0.3614 0.2736 0.4067 0.5454 0.4902 0.3459 0.3394 0.0000 0.5098 0.1425 0.4867 0.6064 0.4498 0.2889 0.4719 0.2926 0.5204 0.4591 0.3560 0.4608 0.5307
0.3440 0.6524 0.4589 0.4535 0.4021 0.2744 0.5177 0.6794 0.0000 0.3823 0.1943 0.1808 0.4169 0.3635 0.1122 0.5096 0.2980 0.5616 0.2095 0.2066 0.1531
0.2392 0.7914 0.4913 0.6800 0.4306 0.6030 0.6660 0.1577 0.2693 0.0000 0.4558 0.6720 0.3826 0.6758 0.4268 0.3871 0.3338 0.6238 0.4308 0.2144 0.3268
0.2848 0.7173 0.4291 0.3773 0.3519 0.3994 0.4505 0.5549 0.1570 0.3997 0.0000 0.3456 0.7177 0.4954 0.3276 0.4285 0.3354 0.5317 0.6472 0.4584 0.2629
0.2215 0.2741 0.4178 0.3167 0.2643 0.3214 0.3001 0.3939 0.2737 0.4052 0.3075 0.0000 0.6266 0.3097 0.6606 0.6297 0.2903 0.5812 0.2906 0.2276 0.2396
0.6096 0.4813 0.3039 0.3481 0.2823 0.4633 0.4886 0.4650 0.1344 0.3326 0.3048 0.3581 0.0000 0.2922 0.5275 0.2606 0.5005 0.4137 0.2280 0.2884 0.2076
0.1735 0.4616 0.3849 0.2481 0.4225 0.3659 0.2916 0.3754 0.2858 0.6714 0.7053 0.3088 0.4263 0.0000 0.4217 0.5415 0.5779 0.7204 0.4133 0.4933 0.2950
0.2277 0.3187 0.4502 0.6905 0.4804 0.2232 0.5974 0.3810 0.1954 0.4577 0.2776 0.6490 0.4280 0.5934 0.0000 0.5744 0.3347 0.4147 0.3064 0.1978 0.3255
0.7215 0.2455 0.4507 0.6578 0.2705 0.6018 0.4654 0.2508 0.3885 0.3672 0.4451 0.5252 0.1446 0.6357 0.6528 0.0000 0.4607 0.3924 0.2656 0.2913 0.2223
0.4826 0.3914 0.3738 0.2901 0.3843 0.3108 0.3022 0.3734 0.3745 0.3598 0.2109 0.3743 0.3067 0.6519 0.3808 0.2448 0.0000 0.2799 0.5585 0.4260 0.5448
0.4467 0.5020 0.5273 0.3779 0.4223 0.2412 0.5152 0.6179 0.5827 0.5853 0.5484 0.5347 0.3161 0.3070 0.4154 0.2659 0.2955 0.0000 0.4025 0.4664 0.4248
0.3511 0.4057 0.4799 0.3057 0.3807 0.4509 0.2146 0.3761 0.2931 0.4158 0.6969 0.5370 0.2316 0.4062 0.3139 0.2585 0.2814 0.4429 0.0000 0.3865 0.5709
0.3590 0.4991 0.3467 0.5010 0.6198 0.5822 0.5221 0.5917 0.1765 0.2622 0.5893 0.1444 0.0557 0.4906 0.3837 0.2206 0.2413 0.3326 0.2921 0.0000 0.3568
0.5614 0.3749 0.3747 0.4384 0.2267 0.4464 0.3371 0.3488 0.4349 0.2916 0.3011 0.2288 0.1986 0.2666 0.5771 0.1724 0.1776 0.5585 0.4067 0.4050 0.0000

--- Sample 4 ---
node_demand:
0.2667
0.1000
0.3000
0.2000
0.2667
0.1000
0.2667
0.1333
0.3000
0.0667
0.2000
0.1333
0.0667
0.1667
0.2333
0.3000
0.2000
0.2000
0.0333
0.1667

dist_matrix:
0.0000 0.1962 0.6216 0.6123 0.7937 0.4649 0.5203 0.4038 0.2319 0.2376 0.2897 0.2625 0.3686 0.1451 0.5218 0.4138 0.4391 0.4543 0.3237 0.2403 0.5186
0.1659 0.0000 0.4278 0.6807 0.4188 0.2549 0.3254 0.6004 0.5098 0.5121 0.2731 0.2758 0.3867 0.6671 0.1869 0.3758 0.4952 0.5229 0.4884 0.5994 0.6040
0.4609 0.4317 0.0000 0.4203 0.4689 0.4179 0.2428 0.4105 0.4315 0.4157 0.3644 0.3651 0.6905 0.3654 0.4216 0.7665 0.1792 0.4916 0.3809 0.4716 0.3488
0.3597 0.6152 0.4440 0.0000 0.4323 0.0774 0.1350 0.5091 0.4011 0.3222 0.5053 0.2645 0.5176 0.2126 0.5929 0.4490 0.3426 0.2945 0.3560 0.3262 0.4396
0.5473 0.2284 0.3540 0.3063 0.0000 0.3981 0.3749 0.5721 0.4893 0.5160 0.6184 0.2261 0.2848 0.3692 0.4319 0.2512 0.4495 0.4243 0.4965 0.3516 0.1837
0.3922 0.5958 0.4178 0.0651 0.3153 0.0000 0.2191 0.1937 0.3525 0.3696 0.3726 0.2589 0.3052 0.3397 0.3744 0.5843 0.3708 0.2677 0.4606 0.6475 0.5645
0.5574 0.5444 0.1550 0.1335 0.6413 0.2086 0.0000 0.3825 0.4735 0.3925 0.4122 0.4696 0.2288 0.3343 0.5481 0.3168 0.2751 0.4431 0.1833 0.5342 0.5120
0.4117 0.6055 0.4393 0.2300 0.5020 0.6429 0.5474 0.0000 0.4522 0.1932 0.4165 0.5726 0.3934 0.4196 0.3988 0.2617 0.6896 0.7274 0.4048 0.4091 0.6334
0.5465 0.2008 0.4226 0.5035 0.2490 0.3963 0.4391 0.3837 0.0000 0.5141 0.1596 0.2296 0.1316 0.2842 0.1192 0.4610 0.7097 0.5422 0.2815 0.4228 0.3113
0.2288 0.5687 0.5400 0.7455 0.5294 0.4712 0.3868 0.1448 0.2393 0.0000 0.3474 0.5715 0.4135 0.6185 0.3052 0.3363 0.3855 0.4551 0.4029 0.3466 0.3468
0.2861 0.5674 0.4563 0.4263 0.4906 0.5073 0.3375 0.5109 0.3272 0.1895 0.0000 0.3391 0.2957 0.6409 0.2775 0.4340 0.2616 0.6188 0.3434 0.2078 0.3812
0.2778 0.2298 0.6508 0.2745 0.2214 0.3699 0.3942 0.6336 0.1092 0.6739 0.1528 0.0000 0.2205 0.3186 0.6712 0.4974 0.3447 0.4774 0.2469 0.1069 0.1953
0.5071 0.1777 0.2708 0.4655 0.4151 0.2881 0.2320 0.3998 0.1752 0.6054 0.3711 0.3649 0.0000 0.4728 0.3818 0.2405 0.2876 0.3777 0.2988 0.2427 0.2107
0.2313 0.3317 0.4194 0.2599 0.3784 0.2683 0.4442 0.5216 0.3756 0.4378 0.4769 0.3163 0.2810 0.0000 0.5557 0.6367 0.3609 0.4548 0.4082 0.3199 0.2176
0.5057 0.2900 0.5808 0.3666 0.3647 0.3026 0.5889 0.5034 0.4620 0.4557 0.2593 0.6166 0.5193 0.3994 0.0000 0.3152 0.3504 0.3911 0.3849 0.3846 0.2023
0.4857 0.2446 0.6537 0.5567 0.2366 0.1953 0.3709 0.2693 0.3621 0.5409 0.3539 0.6562 0.4114 0.5644 0.7150 0.0000 0.4318 0.5391 0.2432 0.3168 0.3938
0.5002 0.3455 0.2393 0.4068 0.3316 0.2148 0.4457 0.6690 0.4347 0.3162 0.3381 0.3851 0.4229 0.6112 0.4781 0.3005 0.0000 0.2946 0.4491 0.3439 0.5887
0.4270 0.5837 0.5141 0.3023 0.4343 0.2410 0.5079 0.7391 0.5959 0.6497 0.3910 0.4827 0.4315 0.4896 0.4137 0.2785 0.2542 0.0000 0.6662 0.4605 0.3500
0.3756 0.4206 0.3909 0.3352 0.4792 0.4376 0.1646 0.2818 0.3157 0.1712 0.4420 0.2308 0.2540 0.4167 0.3748 0.2506 0.3186 0.4412 0.0000 0.3515 0.4742
0.3413 0.3350 0.5988 0.3744 0.2598 0.6520 0.6839 0.5419 0.1863 0.4380 0.4281 0.2172 0.3095 0.3928 0.1939 0.2542 0.5163 0.7310 0.3709 0.0000 0.4631
0.4868 0.4831 0.3301 0.4221 0.2200 0.3027 0.4967 0.5166 0.2905 0.5123 0.2844 0.4323 0.2133 0.3399 0.6055 0.3094 0.4031 0.3479 0.3961 0.1515 0.0000

--- Sample 5 ---
node_demand:
0.2667
0.1000
0.3000
0.2000
0.2667
0.1000
0.2667
0.1333
0.3000
0.0667
0.2000
0.1333
0.0667
0.1667
0.2333
0.3000
0.2000
0.2000
0.0333
0.1667

dist_matrix:
0.0000 0.4997 0.4514 0.3350 0.6623 0.5206 0.4957 0.4575 0.5660 0.2356 0.2892 0.2188 0.6065 0.2030 0.5112 0.3939 0.4930 0.4397 0.4040 0.3562 0.3363
0.5443 0.0000 0.4568 0.5387 0.4805 0.3700 0.4697 0.2435 0.4162 0.3955 0.5881 0.3721 0.4739 0.6594 0.3977 0.2779 0.5154 0.4077 0.4400 0.3177 0.5930
0.4809 0.4596 0.0000 0.2209 0.4188 0.4367 0.2441 0.4190 0.3940 0.5503 0.3118 0.5189 0.6860 0.4038 0.4262 0.6842 0.2912 0.4493 0.2818 0.3940 0.3859
0.5976 0.3703 0.4404 0.0000 0.5033 0.0811 0.1239 0.3248 0.3493 0.5533 0.3734 0.2475 0.5450 0.3606 0.5851 0.2722 0.4898 0.2655 0.3278 0.5835 0.4392
0.6312 0.6545 0.4822 0.3952 0.0000 0.6480 0.5141 0.5107 0.5174 0.3735 0.3361 0.2638 0.3136 0.4555 0.3220 0.2848 0.2730 0.4392 0.4317 0.4581 0.1765
0.2902 0.4795 0.3902 0.0977 0.5610 0.0000 0.1805 0.5146 0.4787 0.5371 0.3037 0.2832 0.5663 0.3985 0.5526 0.5060 0.3652 0.2227 0.4773 0.4993 0.4950
0.5035 0.6046 0.1705 0.1490 0.5654 0.2043 0.0000 0.2499 0.5323 0.4598 0.2762 0.3525 0.3085 0.4747 0.4314 0.3145 0.2980 0.4351 0.1946 0.5200 0.3445
0.4162 0.4660 0.4409 0.5938 0.4282 0.2039 0.3406 0.0000 0.3868 0.2080 0.5033 0.6497 0.3871 0.4295 0.6468 0.3378 0.3511 0.5432 0.2015 0.5175 0.4221
0.2542 0.6709 0.5397 0.3659 0.5386 0.4550 0.5128 0.6511 0.0000 0.3646 0.2566 0.3153 0.2534 0.3945 0.1614 0.4062 0.2796 0.6047 0.2214 0.1372 0.1268
0.2399 0.0975 0.4559 0.3092 0.3450 0.5385 0.4994 0.1556 0.3801 0.0000 0.3520 0.3472 0.4305 0.5380 0.3631 0.4244 0.5274 0.4237 0.3068 0.2572 0.3710
0.2851 0.7107 0.3685 0.3616 0.5259 0.2015 0.2715 0.5180 0.1790 0.3888 0.0000 0.2767 0.2342 0.6643 0.3151 0.3588 0.2584 0.3721 0.6498 0.2481 0.3364
0.2348 0.3012 0.4707 0.2424 0.3907 0.3557 0.3120 0.3468 0.2875 0.4348 0.2075 0.0000 0.7743 0.3013 0.3019 0.4291 0.4694 0.4348 0.2332 0.1391 0.1881
0.3591 0.5065 0.6468 0.4163 0.3637 0.3591 0.4342 0.3373 0.4082 0.6973 0.3033 0.7551 0.0000 0.3895 0.4001 0.2339 0.2950 0.4760 0.2552 0.1319 0.1491
0.2393 0.4982 0.3167 0.1735 0.4580 0.1212 0.5161 0.3059 0.4054 0.6119 0.5151 0.3089 0.4311 0.0000 0.4155 0.3591 0.4446 0.5500 0.4025 0.4303 0.5319
0.2508 0.3288 0.5734 0.6574 0.3293 0.5219 0.5388 0.2763 0.5061 0.4197 0.3363 0.1232 0.4256 0.4082 0.0000 0.4191 0.3039 0.4141 0.4186 0.2939 0.5775
0.3923 0.3418 0.5557 0.6396 0.3218 0.2291 0.4337 0.2694 0.5344 0.3338 0.4362 0.4179 0.1209 0.5887 0.7717 0.0000 0.2717 0.3814 0.2576 0.2795 0.4262
0.5837 0.3940 0.3779 0.3450 0.4231 0.3579 0.3014 0.6477 0.3208 0.3894 0.1860 0.3325 0.7703 0.4802 0.4195 0.3160 0.0000 0.2369 0.3437 0.6247 0.7230
0.4436 0.4875 0.4908 0.2657 0.4398 0.2665 0.5089 0.4967 0.5608 0.4396 0.6125 0.3506 0.3337 0.4591 0.4018 0.4401 0.2680 0.0000 0.6518 0.6932 0.2628
0.3872 0.4496 0.5773 0.3303 0.4267 0.3830 0.1839 0.3313 0.2908 0.3123 0.4926 0.3388 0.3030 0.4146 0.4123 0.2761 0.3457 0.3593 0.0000 0.4468 0.4771
0.3281 0.3508 0.3684 0.4303 0.2253 0.6700 0.4669 0.4615 0.1662 0.4121 0.4442 0.2199 0.2675 0.5244 0.6317 0.4800 0.7079 0.5496 0.2836 0.0000 0.2251
0.3875 0.3351 0.2900 0.4519 0.1917 0.4003 0.4536 0.3504 0.2231 0.4346 0.5998 0.5249 0.0129 0.2938 0.3770 0.3508 0.4986 0.2753 0.2690 0.1903 0.0000
