obj:5.873000000000001
regret:5.818
sol:[(0, 7), (8, 0), (0, 10), (11, 0), (14, 0), (0, 15), (0, 16), (20, 0), (2, 1), (1, 9), (5, 2), (3, 11), (12, 3), (4, 14), (19, 4), (7, 5), (10, 6), (6, 19), (13, 8), (9, 20), (15, 12), (18, 13), (16, 17), (17, 18)]
obj:5.020999999999997
regret:4.686
sol:[(0, 4), (6, 0), (8, 0), (0, 9), (0, 13), (15, 0), (17, 0), (0, 20), (1, 3), (11, 1), (2, 14), (18, 2), (3, 12), (4, 11), (5, 17), (20, 5), (14, 6), (9, 7), (7, 18), (16, 8), (10, 16), (19, 10), (12, 15), (13, 19)]
obj:5.228
regret:5.068
sol:[(0, 6), (0, 7), (8, 0), (11, 0), (12, 0), (0, 14), (0, 15), (20, 0), (3, 1), (1, 16), (2, 4), (7, 2), (17, 3), (4, 8), (6, 5), (5, 18), (14, 9), (9, 19), (10, 12), (13, 10), (18, 11), (19, 13), (15, 17), (16, 20)]
obj:5.71
regret:5.710000000000004
sol:[(1, 0), (2, 0), (0, 5), (0, 9), (0, 12), (13, 0), (18, 0), (0, 20), (6, 1), (10, 2), (14, 3), (3, 19), (4, 10), (11, 4), (5, 11), (17, 6), (8, 7), (7, 15), (12, 8), (9, 17), (15, 13), (16, 14), (20, 16), (19, 18)]
obj:6.568
regret:6.506
sol:[(4, 0), (0, 6), (7, 0), (9, 0), (0, 11), (12, 0), (0, 13), (14, 0), (0, 15), (0, 17), (18, 0), (0, 20), (1, 19), (20, 1), (2, 5), (8, 2), (3, 10), (17, 3), (11, 4), (5, 7), (6, 18), (15, 8), (16, 9), (10, 12), (13, 16), (19, 14)]
obj:5.517
regret:5.494999999999999
sol:[(0, 3), (8, 0), (0, 9), (11, 0), (0, 13), (17, 0), (1, 17), (20, 1), (2, 12), (16, 2), (3, 5), (5, 4), (4, 20), (9, 6), (6, 16), (7, 8), (14, 7), (13, 10), (10, 19), (18, 11), (12, 15), (19, 14), (15, 18)]
obj:6.802
regret:6.683999999999999
sol:[(5, 0), (0, 10), (0, 12), (14, 0), (16, 0), (0, 17), (0, 19), (20, 0), (7, 1), (1, 18), (9, 2), (2, 15), (6, 3), (3, 11), (4, 5), (18, 4), (8, 6), (19, 7), (13, 8), (10, 9), (11, 14), (12, 13), (15, 20), (17, 16)]
obj:6.396000000000001
regret:6.337000000000001
sol:[(0, 1), (0, 4), (0, 8), (0, 10), (12, 0), (13, 0), (14, 0), (0, 17), (19, 0), (20, 0), (1, 16), (8, 2), (2, 20), (4, 3), (3, 6), (9, 5), (5, 12), (6, 18), (7, 15), (17, 7), (10, 9), (11, 14), (18, 11), (15, 13), (16, 19)]
obj:5.0920000000000005
regret:5.092
sol:[(1, 0), (3, 0), (0, 4), (0, 5), (0, 10), (0, 14), (18, 0), (20, 0), (7, 1), (2, 9), (14, 2), (15, 3), (4, 11), (5, 19), (9, 6), (6, 20), (8, 7), (12, 8), (10, 13), (11, 18), (13, 12), (17, 15), (16, 17), (19, 16)]
obj:6.9879999999999995
regret:6.988000000000001
sol:[(1, 0), (0, 3), (9, 0), (10, 0), (13, 0), (0, 14), (0, 19), (0, 20), (12, 1), (2, 15), (20, 2), (3, 4), (4, 9), (5, 16), (19, 5), (6, 13), (14, 6), (7, 11), (15, 7), (17, 8), (8, 18), (18, 10), (11, 12), (16, 17)]
obj:6.706000000000001
regret:6.713999999999999
sol:[(2, 0), (0, 5), (0, 7), (0, 8), (0, 11), (12, 0), (0, 14), (15, 0), (16, 0), (17, 0), (9, 1), (1, 12), (3, 2), (8, 3), (4, 9), (11, 4), (5, 18), (13, 6), (6, 16), (7, 10), (10, 20), (19, 13), (14, 19), (20, 15), (18, 17)]
obj:5.452000000000001
regret:5.362999999999999
sol:[(0, 3), (0, 5), (0, 6), (9, 0), (10, 0), (11, 0), (12, 0), (13, 0), (0, 14), (0, 19), (1, 10), (18, 1), (6, 2), (2, 11), (3, 4), (4, 16), (5, 8), (8, 7), (7, 17), (15, 9), (17, 12), (20, 13), (14, 20), (16, 15), (19, 18)]
obj:6.312
regret:6.241999999999998
sol:[(0, 1), (0, 3), (4, 0), (0, 9), (0, 14), (18, 0), (19, 0), (20, 0), (1, 6), (6, 2), (2, 20), (3, 15), (16, 4), (5, 13), (14, 5), (15, 7), (7, 16), (10, 8), (8, 11), (9, 10), (11, 18), (13, 12), (12, 17), (17, 19)]
obj:6.154
regret:6.153999999999999
sol:[(5, 0), (0, 6), (7, 0), (0, 8), (9, 0), (0, 10), (0, 11), (14, 0), (1, 16), (20, 1), (2, 13), (19, 2), (10, 3), (3, 20), (4, 7), (17, 4), (13, 5), (6, 15), (8, 17), (16, 9), (11, 18), (12, 14), (18, 12), (15, 19)]
obj:7.181000000000002
regret:7.172000000000002
sol:[(1, 0), (2, 0), (0, 4), (0, 6), (9, 0), (0, 10), (0, 12), (0, 16), (17, 0), (20, 0), (13, 1), (5, 2), (3, 11), (16, 3), (4, 18), (15, 5), (6, 14), (12, 7), (7, 13), (8, 9), (18, 8), (10, 17), (11, 19), (14, 20), (19, 15)]
obj:7.268
regret:6.905
sol:[(3, 0), (0, 5), (7, 0), (0, 9), (0, 12), (0, 13), (14, 0), (15, 0), (1, 3), (8, 1), (2, 6), (20, 2), (4, 8), (17, 4), (5, 11), (6, 14), (18, 7), (9, 20), (13, 10), (10, 18), (11, 17), (12, 16), (19, 15), (16, 19)]
obj:6.952000000000002
regret:6.899999999999999
sol:[(0, 1), (3, 0), (0, 9), (10, 0), (0, 12), (13, 0), (0, 15), (17, 0), (1, 6), (12, 2), (2, 14), (20, 3), (15, 4), (4, 20), (9, 5), (5, 18), (6, 16), (7, 13), (19, 7), (14, 8), (8, 17), (18, 10), (16, 11), (11, 19)]
obj:6.343
regret:6.190000000000001
sol:[(2, 0), (0, 3), (6, 0), (0, 7), (0, 13), (14, 0), (0, 15), (19, 0), (1, 17), (20, 1), (11, 2), (3, 18), (4, 11), (16, 4), (8, 5), (5, 9), (9, 6), (7, 10), (13, 8), (10, 12), (12, 14), (15, 16), (17, 19), (18, 20)]
obj:7.108999999999998
regret:7.109
sol:[(0, 1), (3, 0), (6, 0), (0, 8), (0, 12), (17, 0), (0, 18), (19, 0), (1, 5), (2, 3), (14, 2), (12, 4), (4, 20), (5, 7), (9, 6), (7, 13), (8, 11), (16, 9), (13, 10), (10, 19), (11, 15), (18, 14), (15, 16), (20, 17)]
obj:5.6110000000000015
regret:5.5489999999999995
sol:[(2, 0), (0, 4), (0, 5), (7, 0), (10, 0), (0, 11), (0, 12), (19, 0), (1, 9), (13, 1), (8, 2), (3, 6), (12, 3), (4, 14), (5, 7), (6, 17), (20, 8), (9, 19), (14, 10), (11, 15), (18, 13), (15, 18), (17, 16), (16, 20)]
