obj:6.300000000000001
regret:6.299999999999998
sol:[(0, 1), (0, 2), (3, 0), (5, 0), (7, 0), (0, 12), (15, 0), (0, 18), (1, 16), (2, 3), (12, 4), (4, 17), (14, 5), (6, 7), (10, 6), (8, 11), (19, 8), (18, 9), (9, 20), (17, 10), (11, 13), (13, 14), (20, 15), (16, 19)]
obj:6.25
regret:5.9899999999999975
sol:[(0, 4), (0, 7), (8, 0), (9, 0), (0, 10), (14, 0), (17, 0), (0, 19), (5, 1), (1, 8), (4, 2), (2, 5), (15, 3), (3, 17), (10, 6), (6, 20), (7, 16), (12, 9), (13, 11), (11, 14), (16, 12), (20, 13), (18, 15), (19, 18)]
obj:7.06
regret:7.059999999999999
sol:[(0, 1), (5, 0), (6, 0), (0, 7), (0, 8), (0, 9), (11, 0), (14, 0), (1, 2), (2, 19), (3, 4), (16, 3), (4, 6), (15, 5), (7, 13), (8, 15), (9, 12), (10, 11), (20, 10), (12, 20), (13, 16), (18, 14), (17, 18), (19, 17)]
obj:6.340000000000002
regret:6.329999999999999
sol:[(2, 0), (3, 0), (4, 0), (0, 6), (0, 8), (10, 0), (0, 15), (0, 18), (1, 13), (17, 1), (12, 2), (16, 3), (5, 4), (18, 5), (6, 14), (9, 7), (7, 16), (8, 20), (14, 9), (19, 10), (15, 11), (11, 19), (13, 12), (20, 17)]
obj:6.799999999999994
regret:6.989999999999998
sol:[(1, 0), (2, 0), (0, 4), (0, 5), (0, 10), (0, 16), (17, 0), (19, 0), (8, 1), (3, 2), (11, 3), (4, 15), (5, 12), (7, 6), (6, 13), (18, 7), (12, 8), (9, 11), (20, 9), (10, 14), (13, 17), (14, 18), (15, 19), (16, 20)]
obj:8.39
regret:8.270000000000003
sol:[(4, 0), (0, 6), (0, 8), (0, 10), (0, 11), (12, 0), (13, 0), (0, 15), (16, 0), (17, 0), (1, 13), (14, 1), (15, 2), (2, 18), (10, 3), (3, 14), (7, 4), (11, 5), (5, 17), (6, 19), (19, 7), (8, 9), (9, 20), (20, 12), (18, 16)]
obj:6.620000000000001
regret:6.619999999999999
sol:[(0, 3), (6, 0), (7, 0), (8, 0), (0, 10), (0, 11), (0, 15), (19, 0), (1, 7), (18, 1), (11, 2), (2, 13), (3, 4), (4, 20), (5, 6), (13, 5), (9, 8), (16, 9), (10, 14), (12, 17), (20, 12), (14, 16), (15, 19), (17, 18)]
obj:6.64
regret:6.639999999999998
sol:[(0, 3), (0, 4), (0, 5), (9, 0), (0, 10), (14, 0), (16, 0), (18, 0), (10, 1), (1, 19), (2, 15), (19, 2), (3, 8), (4, 17), (5, 11), (8, 6), (6, 9), (7, 14), (20, 7), (11, 13), (15, 12), (12, 16), (13, 18), (17, 20)]
obj:6.44
regret:6.290000000000001
sol:[(2, 0), (0, 3), (0, 8), (0, 10), (0, 13), (17, 0), (19, 0), (20, 0), (1, 5), (15, 1), (7, 2), (3, 11), (16, 4), (4, 19), (5, 18), (6, 9), (10, 6), (12, 7), (8, 16), (9, 14), (11, 17), (18, 12), (13, 15), (14, 20)]
obj:6.149999999999999
regret:6.150000000000001
sol:[(6, 0), (7, 0), (0, 9), (0, 10), (11, 0), (0, 13), (0, 17), (19, 0), (8, 1), (1, 11), (2, 6), (16, 2), (5, 3), (3, 7), (15, 4), (4, 20), (13, 5), (14, 8), (9, 18), (10, 14), (12, 19), (20, 12), (17, 15), (18, 16)]
obj:5.320000000000001
regret:5.3199999999999985
sol:[(3, 0), (0, 5), (8, 0), (0, 13), (0, 15), (0, 16), (17, 0), (19, 0), (2, 1), (1, 3), (15, 2), (4, 7), (16, 4), (5, 19), (13, 6), (6, 18), (7, 11), (10, 8), (18, 9), (9, 20), (11, 10), (12, 14), (20, 12), (14, 17)]
obj:7.439999999999915
regret:7.330000000000003
sol:[(1, 0), (5, 0), (0, 7), (0, 9), (10, 0), (11, 0), (15, 0), (0, 16), (0, 17), (0, 18), (12, 1), (7, 2), (2, 20), (3, 4), (20, 3), (4, 10), (6, 5), (16, 6), (8, 11), (18, 8), (9, 12), (13, 15), (19, 13), (17, 14), (14, 19)]
obj:6.3500000000000005
regret:6.230000000000002
sol:[(1, 0), (5, 0), (0, 6), (0, 7), (8, 0), (0, 13), (0, 18), (19, 0), (3, 1), (9, 2), (2, 20), (17, 3), (4, 19), (20, 4), (12, 5), (6, 16), (7, 9), (15, 8), (10, 14), (16, 10), (13, 11), (11, 15), (14, 12), (18, 17)]
obj:5.349999999999915
regret:5.3000000000000025
sol:[(0, 2), (0, 5), (6, 0), (0, 8), (0, 10), (11, 0), (16, 0), (17, 0), (1, 7), (19, 1), (2, 14), (8, 3), (3, 13), (5, 4), (4, 18), (20, 6), (7, 12), (14, 9), (9, 17), (10, 15), (12, 11), (13, 20), (15, 19), (18, 16)]
obj:6.359999999999999
regret:6.350000000000002
sol:[(3, 0), (0, 7), (0, 9), (0, 10), (16, 0), (17, 0), (19, 0), (0, 20), (11, 1), (1, 18), (7, 2), (2, 15), (18, 3), (4, 5), (13, 4), (5, 17), (6, 8), (20, 6), (8, 19), (9, 12), (10, 11), (12, 14), (15, 13), (14, 16)]
obj:7.26
regret:7.26
sol:[(0, 1), (2, 0), (3, 0), (6, 0), (10, 0), (0, 11), (0, 12), (0, 14), (18, 0), (0, 19), (1, 7), (9, 2), (17, 3), (15, 4), (4, 18), (5, 6), (20, 5), (7, 17), (12, 8), (8, 16), (13, 9), (16, 10), (11, 13), (14, 15), (19, 20)]
obj:6.34
regret:6.25
sol:[(0, 6), (0, 7), (11, 0), (12, 0), (0, 13), (0, 15), (17, 0), (20, 0), (9, 1), (1, 17), (2, 5), (10, 2), (3, 4), (16, 3), (4, 20), (5, 11), (6, 16), (7, 8), (8, 19), (15, 9), (13, 10), (14, 12), (18, 14), (19, 18)]
obj:6.290000000000001
regret:6.289999999999999
sol:[(1, 0), (4, 0), (0, 7), (0, 9), (0, 10), (0, 11), (12, 0), (0, 13), (15, 0), (16, 0), (6, 1), (5, 2), (2, 15), (3, 4), (11, 3), (19, 5), (9, 6), (7, 8), (8, 20), (10, 19), (20, 12), (13, 18), (14, 16), (17, 14), (18, 17)]
obj:7.700000000000001
regret:7.599999999999998
sol:[(0, 1), (0, 3), (5, 0), (0, 6), (7, 0), (8, 0), (0, 10), (0, 11), (12, 0), (0, 14), (19, 0), (20, 0), (1, 13), (2, 5), (14, 2), (3, 9), (11, 4), (4, 18), (6, 19), (16, 7), (13, 8), (9, 16), (10, 17), (15, 12), (18, 15), (17, 20)]
obj:5.85
regret:5.810000000000002
sol:[(0, 2), (0, 3), (5, 0), (0, 11), (0, 12), (13, 0), (16, 0), (17, 0), (1, 5), (19, 1), (2, 19), (3, 8), (7, 4), (4, 13), (15, 6), (6, 16), (14, 7), (8, 18), (9, 10), (12, 9), (10, 15), (11, 14), (20, 17), (18, 20)]
