obj:19.416
regret:19.354999999999997
sol:[(8, 0), (12, 0), (0, 16), (0, 22), (25, 0), (0, 26), (0, 27), (0, 29), (33, 0), (0, 34), (0, 38), (41, 0), (0, 42), (44, 0), (46, 0), (48, 0), (2, 1), (1, 8), (50, 2), (3, 32), (45, 3), (5, 4), (4, 23), (28, 5), (13, 6), (6, 45), (7, 30), (34, 7), (14, 9), (9, 48), (29, 10), (10, 50), (19, 11), (11, 43), (32, 12), (27, 13), (36, 14), (22, 15), (15, 40), (16, 24), (21, 17), (17, 31), (20, 18), (18, 46), (35, 19), (49, 20), (38, 21), (23, 25), (24, 36), (26, 28), (30, 41), (31, 37), (37, 33), (47, 35), (40, 39), (39, 49), (42, 47), (43, 44)]
obj:24.267999999999383
regret:24.160000000000004
sol:[(4, 0), (7, 0), (0, 8), (0, 10), (10, 0), (12, 0), (0, 16), (0, 17), (0, 22), (22, 0), (23, 0), (30, 0), (0, 31), (32, 0), (0, 33), (0, 35), (38, 0), (39, 0), (0, 41), (0, 42), (42, 0), (0, 45), (0, 46), (50, 0), (5, 1), (1, 12), (2, 6), (26, 2), (3, 36), (41, 3), (49, 4), (21, 5), (6, 44), (33, 7), (8, 40), (9, 37), (45, 9), (11, 26), (43, 11), (13, 15), (35, 13), (19, 14), (14, 29), (15, 27), (16, 20), (17, 48), (20, 18), (18, 32), (36, 19), (34, 21), (47, 23), (24, 38), (48, 24), (25, 39), (40, 25), (27, 47), (44, 28), (28, 50), (29, 49), (37, 30), (31, 43), (46, 34)]
obj:24.27799999999942
regret:24.359
sol:[(3, 0), (0, 6), (0, 8), (0, 9), (10, 0), (11, 0), (12, 0), (0, 14), (17, 0), (0, 18), (18, 0), (19, 0), (0, 20), (21, 0), (0, 22), (22, 0), (25, 0), (0, 27), (27, 0), (0, 30), (30, 0), (0, 34), (0, 35), (36, 0), (37, 0), (0, 41), (0, 42), (42, 0), (44, 0), (0, 45), (0, 46), (46, 0), (0, 47), (0, 49), (1, 5), (9, 1), (2, 13), (32, 2), (49, 3), (20, 4), (4, 32), (5, 15), (6, 38), (7, 12), (29, 7), (8, 48), (28, 10), (43, 11), (13, 19), (14, 24), (15, 50), (16, 31), (33, 16), (45, 17), (47, 21), (39, 23), (23, 44), (24, 40), (50, 25), (26, 33), (41, 26), (35, 28), (40, 29), (31, 43), (34, 39), (48, 36), (38, 37)]
obj:22.525
regret:22.661999999999995
sol:[(4, 0), (0, 7), (8, 0), (0, 9), (12, 0), (0, 14), (17, 0), (18, 0), (0, 19), (0, 27), (28, 0), (0, 30), (32, 0), (0, 35), (38, 0), (39, 0), (0, 43), (0, 46), (25, 1), (1, 50), (22, 2), (2, 24), (3, 4), (33, 3), (5, 16), (41, 5), (14, 6), (6, 36), (7, 45), (45, 8), (9, 41), (10, 11), (46, 10), (11, 42), (16, 12), (13, 38), (47, 13), (15, 31), (35, 15), (37, 17), (42, 18), (19, 44), (20, 37), (40, 20), (21, 32), (49, 21), (27, 22), (26, 23), (23, 47), (24, 40), (30, 25), (36, 26), (29, 28), (43, 29), (31, 33), (34, 48), (50, 34), (44, 39), (48, 49)]
obj:20.846000000000004
regret:20.710000000000004
sol:[(4, 0), (10, 0), (0, 11), (0, 16), (25, 0), (26, 0), (0, 29), (30, 0), (0, 36), (42, 0), (0, 43), (0, 44), (0, 45), (49, 0), (1, 33), (45, 1), (2, 10), (24, 2), (3, 25), (38, 3), (13, 4), (43, 5), (5, 47), (21, 6), (6, 46), (11, 7), (7, 12), (8, 32), (39, 8), (23, 9), (9, 39), (12, 19), (37, 13), (16, 14), (14, 22), (19, 15), (15, 30), (17, 26), (50, 17), (28, 18), (18, 34), (20, 27), (34, 20), (33, 21), (22, 41), (48, 23), (35, 24), (27, 38), (44, 28), (29, 48), (31, 37), (40, 31), (32, 42), (47, 35), (36, 40), (41, 50), (46, 49)]
obj:21.534
regret:21.384
sol:[(1, 0), (0, 6), (0, 8), (11, 0), (12, 0), (13, 0), (14, 0), (0, 15), (0, 17), (19, 0), (0, 25), (28, 0), (29, 0), (33, 0), (35, 0), (0, 37), (0, 39), (0, 41), (0, 42), (0, 46), (0, 47), (48, 0), (50, 1), (2, 12), (21, 2), (30, 3), (3, 35), (4, 28), (34, 4), (5, 20), (45, 5), (6, 14), (7, 32), (47, 7), (8, 21), (25, 9), (9, 40), (10, 24), (46, 10), (26, 11), (49, 13), (15, 18), (17, 16), (16, 48), (18, 22), (27, 19), (20, 29), (22, 36), (41, 23), (23, 45), (24, 26), (32, 27), (37, 30), (31, 33), (38, 31), (42, 34), (36, 49), (43, 38), (39, 50), (40, 44), (44, 43)]
obj:19.69199999999999
regret:19.102999999999994
sol:[(0, 3), (0, 5), (0, 6), (9, 0), (14, 0), (15, 0), (17, 0), (0, 18), (25, 0), (32, 0), (0, 33), (0, 35), (42, 0), (0, 47), (1, 21), (44, 1), (2, 14), (49, 2), (3, 41), (26, 4), (4, 45), (5, 12), (6, 30), (11, 7), (7, 37), (27, 8), (8, 42), (36, 9), (21, 10), (10, 25), (28, 11), (12, 24), (13, 36), (40, 13), (29, 15), (23, 16), (16, 43), (22, 17), (18, 20), (19, 28), (33, 19), (20, 40), (48, 22), (30, 23), (24, 27), (41, 26), (34, 29), (31, 38), (46, 31), (50, 32), (35, 34), (37, 49), (38, 50), (39, 44), (47, 39), (43, 48), (45, 46)]
obj:20.728000000000005
regret:20.560000000000002
sol:[(0, 1), (7, 0), (8, 0), (9, 0), (11, 0), (0, 12), (17, 0), (0, 18), (0, 20), (24, 0), (0, 37), (0, 38), (0, 47), (50, 0), (1, 14), (22, 2), (2, 23), (3, 19), (25, 3), (4, 35), (45, 4), (5, 27), (44, 5), (39, 6), (6, 48), (47, 7), (46, 8), (29, 9), (19, 10), (10, 50), (31, 11), (12, 44), (15, 13), (13, 40), (14, 15), (20, 16), (16, 26), (34, 17), (18, 39), (21, 31), (36, 21), (27, 22), (23, 29), (32, 24), (48, 25), (26, 42), (28, 32), (42, 28), (30, 46), (49, 30), (37, 33), (33, 49), (40, 34), (35, 41), (41, 36), (38, 43), (43, 45)]
obj:17.298000000000002
regret:17.134999999999998
sol:[(0, 1), (0, 3), (7, 0), (10, 0), (12, 0), (0, 16), (0, 18), (0, 19), (20, 0), (0, 34), (35, 0), (36, 0), (0, 37), (43, 0), (0, 45), (46, 0), (0, 47), (48, 0), (0, 49), (50, 0), (1, 35), (6, 2), (2, 27), (3, 31), (9, 4), (4, 41), (5, 17), (38, 5), (21, 6), (22, 7), (13, 8), (8, 25), (32, 9), (33, 10), (16, 11), (11, 22), (14, 12), (31, 13), (26, 14), (15, 20), (39, 15), (17, 33), (18, 36), (19, 40), (45, 21), (42, 23), (23, 50), (37, 24), (24, 44), (25, 26), (27, 48), (34, 28), (28, 39), (29, 32), (40, 29), (41, 30), (30, 43), (47, 38), (49, 42), (44, 46)]
obj:20.73999999999998
regret:20.906
sol:[(0, 7), (8, 0), (9, 0), (10, 0), (0, 13), (14, 0), (0, 16), (0, 17), (0, 18), (21, 0), (0, 22), (0, 27), (30, 0), (32, 0), (0, 40), (43, 0), (1, 39), (50, 1), (2, 32), (39, 2), (20, 3), (3, 38), (12, 4), (4, 37), (5, 10), (19, 5), (6, 34), (40, 6), (7, 35), (47, 8), (45, 9), (46, 11), (11, 47), (23, 12), (13, 42), (41, 14), (16, 15), (15, 21), (17, 50), (18, 29), (37, 19), (25, 20), (22, 44), (29, 23), (42, 24), (24, 46), (31, 25), (26, 30), (49, 26), (27, 33), (28, 41), (48, 28), (34, 31), (33, 36), (35, 45), (36, 49), (38, 43), (44, 48)]
obj:18.016
regret:17.986999999999995
sol:[(7, 0), (8, 0), (10, 0), (0, 16), (19, 0), (0, 22), (0, 24), (29, 0), (40, 0), (0, 41), (0, 43), (0, 44), (0, 45), (48, 0), (27, 1), (1, 49), (4, 2), (2, 34), (3, 15), (44, 3), (16, 4), (22, 5), (5, 28), (30, 6), (6, 39), (35, 7), (9, 8), (36, 9), (46, 10), (11, 17), (43, 11), (12, 13), (20, 12), (13, 37), (25, 14), (14, 30), (15, 18), (17, 25), (18, 42), (47, 19), (24, 20), (32, 21), (21, 35), (26, 23), (23, 48), (31, 26), (45, 27), (28, 50), (39, 29), (33, 31), (42, 32), (50, 33), (34, 47), (37, 36), (41, 38), (38, 46), (49, 40)]
obj:21.073999999999984
regret:20.865
sol:[(2, 0), (0, 5), (10, 0), (11, 0), (0, 15), (0, 16), (20, 0), (0, 21), (26, 0), (27, 0), (0, 34), (0, 40), (43, 0), (0, 48), (1, 25), (41, 1), (9, 2), (13, 3), (3, 49), (30, 4), (4, 38), (5, 39), (6, 33), (38, 6), (7, 31), (40, 7), (8, 28), (35, 8), (29, 9), (33, 10), (44, 11), (12, 29), (31, 12), (34, 13), (25, 14), (14, 27), (15, 42), (16, 46), (17, 30), (48, 17), (18, 37), (42, 18), (19, 36), (49, 19), (24, 20), (21, 50), (22, 23), (46, 22), (23, 35), (28, 24), (45, 26), (39, 32), (32, 44), (36, 47), (37, 45), (50, 41), (47, 43)]
obj:21.02
regret:20.882999999999996
sol:[(0, 7), (0, 9), (0, 10), (0, 18), (19, 0), (21, 0), (0, 23), (0, 25), (28, 0), (0, 33), (0, 35), (36, 0), (39, 0), (42, 0), (46, 0), (47, 0), (22, 1), (1, 31), (2, 15), (33, 2), (23, 3), (3, 38), (41, 4), (4, 42), (12, 5), (5, 46), (6, 20), (24, 6), (7, 37), (8, 16), (32, 8), (9, 34), (10, 39), (13, 11), (11, 50), (16, 12), (35, 13), (14, 28), (29, 14), (15, 26), (26, 17), (17, 43), (18, 32), (40, 19), (20, 36), (44, 21), (25, 22), (50, 24), (27, 30), (45, 27), (38, 29), (30, 47), (31, 40), (34, 48), (37, 45), (48, 41), (43, 49), (49, 44)]
obj:27.391999999999413
regret:26.774000000000008
sol:[(0, 2), (3, 0), (0, 4), (0, 7), (0, 8), (8, 0), (0, 9), (9, 0), (10, 0), (11, 0), (0, 12), (0, 13), (0, 14), (16, 0), (19, 0), (22, 0), (23, 0), (0, 24), (0, 27), (0, 29), (29, 0), (0, 30), (30, 0), (31, 0), (0, 33), (0, 35), (0, 36), (40, 0), (0, 41), (41, 0), (0, 44), (0, 45), (45, 0), (46, 0), (0, 47), (48, 0), (49, 0), (50, 0), (6, 1), (1, 49), (2, 15), (43, 3), (4, 22), (24, 5), (5, 32), (12, 6), (7, 31), (17, 10), (37, 11), (13, 20), (14, 23), (15, 46), (36, 16), (28, 17), (18, 39), (47, 18), (44, 19), (20, 50), (21, 37), (38, 21), (34, 25), (25, 43), (39, 26), (26, 48), (27, 34), (42, 28), (32, 42), (33, 38), (35, 40)]
obj:18.805000000000003
regret:18.489999999999995
sol:[(2, 0), (12, 0), (0, 14), (0, 15), (0, 21), (0, 23), (0, 29), (32, 0), (0, 40), (41, 0), (43, 0), (44, 0), (45, 0), (0, 49), (11, 1), (1, 22), (5, 2), (3, 6), (29, 3), (13, 4), (4, 20), (17, 5), (6, 39), (7, 16), (34, 7), (8, 36), (49, 8), (9, 18), (47, 9), (15, 10), (10, 46), (36, 11), (42, 12), (23, 13), (14, 25), (16, 45), (28, 17), (18, 24), (19, 27), (46, 19), (20, 48), (21, 50), (22, 44), (24, 28), (25, 35), (26, 32), (48, 26), (27, 31), (38, 30), (30, 41), (31, 38), (39, 33), (33, 43), (50, 34), (35, 37), (37, 42), (40, 47)]
obj:24.908999999999995
regret:24.908999999999992
sol:[(1, 0), (0, 2), (0, 3), (0, 4), (5, 0), (0, 10), (12, 0), (13, 0), (0, 14), (21, 0), (0, 22), (23, 0), (25, 0), (0, 28), (33, 0), (0, 34), (0, 35), (35, 0), (0, 37), (0, 38), (39, 0), (0, 40), (41, 0), (44, 0), (0, 48), (50, 0), (8, 1), (2, 26), (3, 41), (4, 15), (15, 5), (19, 6), (6, 21), (7, 29), (31, 7), (45, 8), (9, 20), (27, 9), (10, 47), (47, 11), (11, 50), (16, 12), (49, 13), (14, 31), (17, 16), (36, 17), (22, 18), (18, 30), (24, 19), (20, 49), (43, 23), (29, 24), (46, 25), (26, 45), (34, 27), (28, 33), (30, 42), (32, 39), (48, 32), (42, 36), (37, 44), (38, 43), (40, 46)]
obj:21.43399999999999
regret:21.431
sol:[(0, 3), (4, 0), (5, 0), (0, 16), (19, 0), (20, 0), (0, 21), (27, 0), (0, 29), (30, 0), (33, 0), (0, 38), (0, 39), (0, 42), (1, 5), (24, 1), (2, 8), (38, 2), (3, 14), (13, 4), (6, 20), (44, 6), (7, 34), (47, 7), (8, 35), (9, 19), (37, 9), (40, 10), (10, 43), (11, 25), (31, 11), (12, 44), (50, 12), (25, 13), (14, 30), (29, 15), (15, 31), (16, 47), (46, 17), (17, 49), (18, 28), (42, 18), (21, 45), (22, 40), (45, 22), (28, 23), (23, 50), (43, 24), (26, 33), (49, 26), (41, 27), (36, 32), (32, 37), (34, 48), (35, 36), (39, 46), (48, 41)]
obj:18.915999999999997
regret:18.916
sol:[(8, 0), (0, 10), (0, 26), (29, 0), (0, 31), (35, 0), (38, 0), (0, 40), (41, 0), (0, 45), (0, 48), (49, 0), (12, 1), (1, 21), (2, 12), (40, 2), (25, 3), (3, 27), (4, 7), (50, 4), (5, 30), (33, 5), (6, 19), (39, 6), (7, 46), (22, 8), (9, 43), (46, 9), (10, 36), (11, 23), (36, 11), (14, 13), (13, 44), (26, 14), (20, 15), (15, 50), (16, 34), (42, 16), (21, 17), (17, 22), (19, 18), (18, 38), (48, 20), (23, 39), (24, 29), (32, 24), (31, 25), (27, 42), (30, 28), (28, 35), (44, 32), (37, 33), (34, 41), (47, 37), (43, 49), (45, 47)]
obj:19.466
regret:19.36099999999999
sol:[(0, 4), (0, 7), (0, 11), (16, 0), (18, 0), (0, 19), (25, 0), (0, 27), (29, 0), (31, 0), (32, 0), (0, 37), (42, 0), (0, 44), (1, 3), (41, 1), (2, 39), (48, 2), (3, 31), (4, 21), (21, 5), (5, 35), (20, 6), (6, 42), (7, 9), (11, 8), (8, 20), (9, 33), (19, 10), (10, 48), (44, 12), (12, 49), (13, 15), (27, 13), (14, 30), (40, 14), (15, 38), (36, 16), (17, 43), (49, 17), (39, 18), (22, 28), (30, 22), (23, 34), (37, 23), (24, 46), (47, 24), (50, 25), (34, 26), (26, 41), (28, 29), (46, 32), (33, 40), (35, 45), (43, 36), (38, 47), (45, 50)]
obj:18.221999999999994
regret:18.178000000000004
sol:[(4, 0), (0, 11), (0, 15), (0, 16), (19, 0), (21, 0), (0, 24), (34, 0), (0, 36), (37, 0), (0, 40), (43, 0), (1, 6), (38, 1), (15, 2), (2, 30), (3, 12), (42, 3), (20, 4), (5, 10), (32, 5), (6, 29), (12, 7), (7, 26), (8, 25), (31, 8), (9, 35), (45, 9), (10, 14), (11, 45), (13, 32), (49, 13), (14, 18), (16, 42), (46, 17), (17, 50), (18, 21), (48, 19), (25, 20), (24, 22), (22, 44), (23, 27), (41, 23), (26, 48), (27, 31), (28, 33), (44, 28), (29, 37), (30, 38), (33, 34), (35, 46), (36, 41), (40, 39), (39, 49), (47, 43), (50, 47)]
