obj:20.160000000000004
regret:19.979999999999997
sol:[(0, 5), (0, 6), (0, 7), (8, 0), (9, 0), (15, 0), (0, 22), (28, 0), (0, 29), (37, 0), (0, 38), (39, 0), (0, 41), (50, 0), (1, 17), (25, 1), (27, 2), (2, 39), (3, 10), (43, 3), (24, 4), (4, 25), (5, 48), (6, 24), (7, 47), (17, 8), (19, 9), (10, 31), (21, 11), (11, 27), (12, 15), (44, 12), (34, 13), (13, 40), (14, 43), (45, 14), (32, 16), (16, 46), (18, 33), (40, 18), (33, 19), (20, 30), (41, 20), (48, 21), (22, 35), (23, 26), (47, 23), (26, 49), (49, 28), (29, 32), (30, 44), (31, 37), (38, 34), (35, 45), (42, 36), (36, 50), (46, 42)]
obj:20.53
regret:20.38
sol:[(0, 2), (0, 3), (0, 8), (0, 12), (0, 20), (0, 22), (24, 0), (25, 0), (26, 0), (37, 0), (42, 0), (0, 44), (0, 45), (47, 0), (48, 0), (50, 0), (36, 1), (1, 50), (2, 47), (3, 38), (39, 4), (4, 46), (11, 5), (5, 41), (27, 6), (6, 49), (7, 28), (44, 7), (8, 33), (9, 16), (35, 9), (16, 10), (10, 24), (29, 11), (12, 27), (22, 13), (13, 34), (14, 15), (46, 14), (15, 31), (17, 32), (38, 17), (18, 23), (49, 18), (21, 19), (19, 37), (20, 35), (31, 21), (23, 48), (41, 25), (43, 26), (28, 30), (45, 29), (30, 42), (32, 40), (33, 36), (34, 39), (40, 43)]
obj:18.590000000000003
regret:18.46999999999999
sol:[(5, 0), (0, 8), (0, 9), (13, 0), (0, 14), (0, 19), (0, 22), (27, 0), (32, 0), (34, 0), (36, 0), (0, 37), (0, 41), (50, 0), (23, 1), (1, 45), (2, 7), (21, 2), (3, 24), (37, 3), (4, 30), (42, 4), (18, 5), (8, 6), (6, 46), (7, 47), (9, 35), (17, 10), (10, 29), (11, 15), (43, 11), (12, 28), (31, 12), (45, 13), (14, 33), (15, 44), (16, 26), (49, 16), (25, 17), (40, 18), (19, 48), (20, 39), (47, 20), (41, 21), (22, 43), (48, 23), (24, 49), (46, 25), (26, 27), (28, 36), (29, 50), (30, 40), (38, 31), (44, 32), (33, 38), (39, 34), (35, 42)]
obj:17.970000000000002
regret:17.89
sol:[(0, 1), (0, 3), (0, 8), (22, 0), (23, 0), (25, 0), (28, 0), (31, 0), (33, 0), (0, 38), (39, 0), (0, 42), (0, 44), (0, 48), (1, 30), (2, 26), (44, 2), (3, 34), (11, 4), (4, 31), (16, 5), (5, 27), (7, 6), (6, 28), (49, 7), (8, 36), (9, 15), (43, 9), (10, 19), (26, 10), (29, 11), (14, 12), (12, 40), (21, 13), (13, 22), (24, 14), (15, 16), (36, 17), (17, 37), (18, 35), (41, 18), (19, 23), (20, 32), (47, 20), (50, 21), (34, 24), (35, 25), (27, 33), (45, 29), (30, 46), (32, 49), (37, 45), (38, 43), (40, 39), (42, 41), (46, 50), (48, 47)]
obj:21.06
regret:20.920000000000005
sol:[(2, 0), (0, 3), (15, 0), (0, 22), (23, 0), (25, 0), (0, 28), (0, 36), (39, 0), (0, 40), (0, 41), (47, 0), (1, 17), (24, 1), (18, 2), (3, 33), (12, 4), (4, 31), (5, 14), (36, 5), (6, 18), (26, 6), (7, 8), (14, 7), (8, 26), (9, 21), (45, 9), (28, 10), (10, 38), (11, 16), (30, 11), (40, 12), (17, 13), (13, 42), (19, 15), (16, 47), (50, 19), (48, 20), (20, 50), (21, 25), (22, 48), (27, 23), (34, 24), (49, 27), (41, 29), (29, 43), (38, 30), (31, 34), (44, 32), (32, 49), (33, 44), (35, 37), (42, 35), (37, 39), (43, 46), (46, 45)]
obj:19.470000000000002
regret:19.149999999999995
sol:[(11, 0), (15, 0), (0, 19), (0, 20), (21, 0), (0, 27), (29, 0), (36, 0), (0, 39), (0, 41), (42, 0), (0, 43), (0, 45), (48, 0), (19, 1), (1, 44), (10, 2), (2, 28), (40, 3), (3, 48), (4, 6), (33, 4), (9, 5), (5, 29), (6, 9), (27, 7), (7, 35), (44, 8), (8, 49), (18, 10), (23, 11), (12, 14), (22, 12), (20, 13), (13, 24), (14, 40), (25, 15), (30, 16), (16, 42), (17, 32), (39, 17), (35, 18), (31, 21), (50, 22), (47, 23), (24, 30), (43, 25), (26, 31), (49, 26), (28, 37), (32, 34), (45, 33), (34, 47), (37, 36), (41, 38), (38, 46), (46, 50)]
obj:16.82
regret:16.509999999999998
sol:[(4, 0), (0, 7), (8, 0), (0, 9), (0, 14), (0, 16), (0, 17), (0, 19), (22, 0), (23, 0), (25, 0), (29, 0), (49, 0), (0, 50), (1, 26), (32, 1), (7, 2), (2, 31), (3, 12), (44, 3), (12, 4), (5, 21), (36, 5), (6, 8), (26, 6), (9, 36), (10, 20), (43, 10), (19, 11), (11, 28), (14, 13), (13, 38), (15, 24), (34, 15), (16, 33), (17, 46), (18, 23), (47, 18), (20, 29), (21, 41), (27, 22), (24, 47), (42, 25), (40, 27), (28, 35), (37, 30), (30, 49), (31, 45), (38, 32), (33, 43), (48, 34), (35, 39), (41, 37), (39, 42), (45, 40), (46, 44), (50, 48)]
obj:19.71999999999999
regret:19.700000000000006
sol:[(0, 2), (4, 0), (0, 9), (10, 0), (12, 0), (0, 16), (19, 0), (0, 24), (0, 25), (28, 0), (0, 34), (0, 37), (38, 0), (0, 39), (41, 0), (49, 0), (34, 1), (1, 36), (2, 11), (44, 3), (3, 45), (23, 4), (5, 18), (32, 5), (6, 22), (47, 6), (25, 7), (7, 44), (18, 8), (8, 49), (9, 35), (46, 10), (11, 31), (30, 12), (13, 28), (33, 13), (22, 14), (14, 43), (35, 15), (15, 42), (16, 48), (17, 30), (31, 17), (43, 19), (20, 23), (26, 20), (24, 21), (21, 50), (50, 26), (27, 33), (37, 27), (29, 40), (45, 29), (39, 32), (36, 46), (40, 38), (42, 41), (48, 47)]
obj:20.81
regret:20.809999999999995
sol:[(1, 0), (0, 3), (0, 8), (9, 0), (12, 0), (13, 0), (15, 0), (0, 22), (22, 0), (27, 0), (31, 0), (0, 32), (0, 35), (0, 37), (0, 40), (0, 45), (41, 1), (21, 2), (2, 34), (3, 26), (4, 21), (45, 4), (5, 17), (32, 5), (6, 10), (38, 6), (16, 7), (7, 29), (8, 18), (11, 9), (10, 48), (36, 11), (33, 12), (29, 13), (14, 36), (43, 14), (30, 15), (44, 16), (17, 20), (18, 49), (19, 23), (39, 19), (20, 30), (23, 42), (26, 24), (24, 46), (25, 41), (46, 25), (42, 27), (28, 31), (48, 28), (34, 33), (35, 50), (37, 39), (50, 38), (40, 47), (47, 43), (49, 44)]
obj:24.610000000000003
regret:24.61
sol:[(0, 2), (4, 0), (7, 0), (8, 0), (0, 9), (13, 0), (0, 15), (0, 16), (0, 17), (0, 21), (0, 23), (23, 0), (0, 24), (24, 0), (0, 28), (0, 29), (0, 31), (32, 0), (35, 0), (37, 0), (0, 44), (46, 0), (47, 0), (48, 0), (19, 1), (1, 40), (2, 30), (38, 3), (3, 47), (12, 4), (5, 14), (16, 5), (6, 18), (34, 6), (27, 7), (11, 8), (9, 33), (22, 10), (10, 32), (49, 11), (40, 12), (14, 13), (15, 22), (17, 45), (18, 26), (45, 19), (42, 20), (20, 49), (21, 39), (25, 36), (43, 25), (26, 48), (41, 27), (28, 42), (29, 50), (30, 43), (31, 34), (33, 46), (39, 35), (36, 37), (50, 38), (44, 41)]
obj:21.34999999999999
regret:21.24
sol:[(4, 0), (0, 7), (16, 0), (0, 17), (19, 0), (20, 0), (0, 21), (25, 0), (0, 26), (0, 27), (0, 28), (30, 0), (0, 31), (35, 0), (0, 45), (46, 0), (1, 6), (34, 1), (8, 2), (2, 35), (26, 3), (3, 33), (38, 4), (18, 5), (5, 36), (6, 50), (7, 40), (44, 8), (9, 47), (49, 9), (10, 29), (48, 10), (11, 18), (40, 11), (21, 12), (12, 42), (13, 14), (37, 13), (14, 39), (15, 23), (27, 15), (29, 16), (17, 22), (42, 19), (24, 20), (22, 32), (23, 41), (41, 24), (43, 25), (28, 34), (39, 30), (31, 37), (32, 49), (33, 44), (36, 43), (45, 38), (47, 46), (50, 48)]
obj:21.240000000000002
regret:21.230000000000008
sol:[(2, 0), (0, 7), (11, 0), (0, 16), (19, 0), (22, 0), (0, 23), (0, 24), (0, 25), (0, 28), (0, 34), (35, 0), (0, 36), (37, 0), (38, 0), (41, 0), (42, 0), (0, 44), (1, 3), (23, 1), (47, 2), (3, 37), (5, 4), (4, 41), (39, 5), (6, 13), (16, 6), (7, 45), (13, 8), (8, 47), (36, 9), (9, 50), (10, 11), (45, 10), (12, 17), (24, 12), (26, 14), (14, 30), (30, 15), (15, 49), (17, 39), (18, 21), (31, 18), (49, 19), (20, 46), (48, 20), (21, 27), (43, 22), (25, 33), (29, 26), (27, 32), (28, 29), (33, 31), (32, 42), (34, 40), (50, 35), (40, 38), (46, 43), (44, 48)]
obj:19.74
regret:19.44
sol:[(0, 3), (6, 0), (7, 0), (0, 8), (0, 10), (17, 0), (19, 0), (0, 20), (22, 0), (25, 0), (0, 32), (33, 0), (0, 40), (0, 45), (49, 1), (1, 50), (2, 12), (13, 2), (3, 35), (4, 17), (41, 4), (5, 21), (50, 5), (37, 6), (44, 7), (8, 36), (30, 9), (9, 33), (10, 47), (40, 11), (11, 48), (12, 37), (36, 13), (14, 23), (43, 14), (27, 15), (15, 39), (29, 16), (16, 30), (18, 29), (46, 18), (24, 19), (20, 46), (21, 44), (39, 22), (23, 31), (34, 24), (38, 25), (26, 41), (48, 26), (28, 27), (42, 28), (31, 38), (32, 43), (35, 34), (47, 42), (45, 49)]
obj:18.6
regret:18.590000000000007
sol:[(0, 10), (13, 0), (14, 0), (18, 0), (0, 19), (24, 0), (0, 25), (0, 26), (27, 0), (29, 0), (0, 42), (0, 43), (0, 45), (49, 0), (1, 13), (47, 1), (35, 2), (2, 49), (3, 8), (41, 3), (4, 32), (46, 4), (5, 9), (31, 5), (34, 6), (6, 36), (10, 7), (7, 50), (8, 35), (9, 44), (11, 20), (40, 11), (12, 14), (44, 12), (15, 30), (36, 15), (16, 29), (38, 16), (17, 23), (45, 17), (21, 18), (19, 28), (20, 21), (22, 39), (43, 22), (23, 38), (33, 24), (25, 34), (26, 48), (30, 27), (28, 40), (37, 31), (32, 47), (50, 33), (39, 37), (48, 41), (42, 46)]
obj:21.340000000000003
regret:21.089999999999996
sol:[(0, 3), (0, 8), (9, 0), (10, 0), (0, 13), (17, 0), (0, 19), (0, 20), (0, 21), (0, 25), (34, 0), (38, 0), (41, 0), (43, 0), (0, 45), (47, 0), (1, 2), (20, 1), (2, 32), (3, 18), (4, 15), (45, 4), (18, 5), (5, 31), (7, 6), (6, 12), (23, 7), (8, 48), (24, 9), (39, 10), (31, 11), (11, 41), (12, 47), (13, 26), (14, 30), (46, 14), (15, 33), (21, 16), (16, 44), (27, 17), (19, 49), (32, 22), (22, 39), (25, 23), (44, 24), (26, 28), (30, 27), (28, 34), (29, 37), (40, 29), (33, 50), (35, 42), (48, 35), (36, 38), (50, 36), (37, 43), (49, 40), (42, 46)]
obj:21.580000000000002
regret:21.57
sol:[(0, 4), (0, 9), (11, 0), (0, 14), (20, 0), (24, 0), (0, 25), (31, 0), (0, 32), (35, 0), (40, 0), (41, 0), (0, 42), (0, 44), (45, 0), (0, 46), (1, 10), (42, 1), (2, 5), (46, 2), (3, 27), (36, 3), (4, 34), (5, 30), (6, 41), (50, 6), (21, 7), (7, 33), (22, 8), (8, 39), (9, 36), (10, 50), (43, 11), (14, 12), (12, 29), (13, 35), (37, 13), (16, 15), (15, 47), (44, 16), (17, 22), (32, 17), (18, 26), (28, 18), (19, 21), (34, 19), (38, 20), (25, 23), (23, 37), (33, 24), (26, 48), (27, 28), (29, 49), (30, 43), (47, 31), (49, 38), (39, 45), (48, 40)]
obj:23.86
regret:23.85
sol:[(0, 7), (0, 9), (0, 10), (10, 0), (0, 11), (0, 13), (13, 0), (17, 0), (20, 0), (0, 21), (22, 0), (0, 23), (23, 0), (24, 0), (0, 25), (27, 0), (0, 29), (32, 0), (0, 34), (0, 35), (0, 36), (38, 0), (39, 0), (0, 41), (41, 0), (0, 42), (44, 0), (48, 0), (8, 1), (1, 48), (42, 2), (2, 44), (21, 3), (3, 28), (4, 5), (7, 4), (5, 30), (11, 6), (6, 15), (49, 8), (9, 45), (12, 26), (47, 12), (25, 14), (14, 31), (15, 40), (29, 16), (16, 39), (19, 17), (35, 18), (18, 47), (37, 19), (50, 20), (26, 22), (45, 24), (43, 27), (28, 37), (30, 33), (31, 43), (46, 32), (33, 46), (34, 49), (36, 38), (40, 50)]
obj:21.490000000000002
regret:21.320000000000007
sol:[(3, 0), (0, 6), (0, 7), (0, 8), (9, 0), (0, 11), (0, 12), (0, 13), (0, 14), (0, 16), (0, 19), (21, 0), (22, 0), (24, 0), (26, 0), (31, 0), (36, 0), (41, 0), (43, 0), (0, 44), (0, 49), (50, 0), (35, 1), (1, 43), (2, 36), (45, 2), (42, 3), (5, 4), (4, 32), (7, 5), (6, 30), (8, 34), (28, 9), (10, 26), (47, 10), (11, 33), (12, 27), (13, 48), (14, 38), (20, 15), (15, 24), (16, 17), (17, 29), (23, 18), (18, 41), (19, 37), (37, 20), (30, 21), (25, 22), (33, 23), (34, 25), (27, 31), (39, 28), (29, 40), (32, 47), (44, 35), (38, 45), (46, 39), (40, 42), (48, 46), (49, 50)]
obj:23.5
regret:23.5
sol:[(0, 1), (0, 5), (9, 0), (12, 0), (0, 16), (18, 0), (0, 20), (20, 0), (27, 0), (0, 28), (0, 30), (0, 33), (36, 0), (0, 37), (38, 0), (0, 39), (0, 40), (40, 0), (42, 0), (48, 0), (1, 7), (30, 2), (2, 44), (3, 6), (16, 3), (5, 4), (4, 26), (6, 31), (7, 29), (8, 25), (46, 8), (19, 9), (10, 34), (47, 10), (28, 11), (11, 41), (44, 12), (25, 13), (13, 48), (14, 42), (49, 14), (15, 38), (45, 15), (17, 24), (35, 17), (29, 18), (24, 19), (22, 21), (21, 46), (37, 22), (33, 23), (23, 35), (26, 47), (39, 27), (31, 45), (41, 32), (32, 43), (34, 49), (50, 36), (43, 50)]
obj:20.230000000000008
regret:20.119999999999997
sol:[(0, 6), (9, 0), (10, 0), (12, 0), (0, 13), (17, 0), (0, 20), (0, 23), (0, 28), (30, 0), (0, 34), (0, 40), (44, 0), (45, 0), (1, 12), (19, 1), (2, 9), (21, 2), (37, 3), (3, 45), (23, 4), (4, 26), (5, 19), (27, 5), (6, 43), (7, 8), (36, 7), (8, 39), (31, 10), (11, 16), (20, 11), (13, 32), (14, 17), (29, 14), (24, 15), (15, 30), (16, 21), (32, 18), (18, 37), (22, 36), (48, 22), (33, 24), (25, 41), (46, 25), (26, 27), (28, 48), (42, 29), (47, 31), (41, 33), (34, 35), (35, 49), (38, 47), (49, 38), (39, 44), (40, 46), (50, 42), (43, 50)]
