50
0 1 0.449 0.207
0 2 0.7 0.282
0 3 0.244 0.225
0 4 0.748 0.323
0 5 0.668 0.28
0 6 0.464 0.249
0 7 0.411 0.249
0 8 0.324 0.18
0 9 0.602 0.29
0 10 0.713 0.298
0 11 0.471 0.325
0 12 0.688 0.215
0 13 0.634 0.184
0 14 0.622 0.202
0 15 0.444 0.248
0 16 0.477 0.332
0 17 0.266 0.187
0 18 0.534 0.221
0 19 0.646 0.229
0 20 0.633 0.248
0 21 0.688 0.257
0 22 0.61 0.186
0 23 0.6 0.344
0 24 0.638 0.296
0 25 0.668 0.277
0 26 0.552 0.259
0 27 0.595 0.275
0 28 0.728 0.304
0 29 0.547 0.26
0 30 0.588 0.196
0 31 0.634 0.272
0 32 0.516 0.201
0 33 0.564 0.183
0 34 0.65 0.234
0 35 0.814 0.283
0 36 0.644 0.199
0 37 0.552 0.236
0 38 0.358 0.101
0 39 0.688 0.199
0 40 0.548 0.246
0 41 0.591 0.183
0 42 0.54 0.265
0 43 0.781 0.039
0 44 0.588 0.197
0 45 0.664 0.162
0 46 0.594 0.22
0 47 0.487 0.24
0 48 0.745 0.272
0 49 0.749 0.209
0 50 0.531 0.284
1 2 0.61 0.3
1 3 0.693 0.192
1 4 0.342 0.116
1 5 0.584 0.268
1 6 0.362 0.106
1 7 0.266 0.172
1 8 0.58 0.188
1 9 0.594 0.215
1 10 0.512 0.201
1 11 0.847 0.282
1 12 0.744 0.22
1 13 0.468 0.074
1 14 0.176 0.158
1 15 0.502 0.138
1 16 0.608 0.202
1 17 0.564 0.256
1 18 0.647 0.178
1 19 0.347 0.119
1 20 0.555 0.23
1 21 0.512 0.198
1 22 0.75 0.204
1 23 0.474 0.264
1 24 0.714 0.278
1 25 0.598 0.252
1 26 0.566 0.249
1 27 0.608 0.208
1 28 0.796 0.256
1 29 0.693 0.286
1 30 0.47 0.204
1 31 0.552 0.162
1 32 0.467 0.206
1 33 0.361 0.258
1 34 0.673 0.235
1 35 0.769 0.124
1 36 0.452 0.25
1 37 0.728 0.244
1 38 0.338 0.106
1 39 0.56 0.156
1 40 0.468 0.136
1 41 0.783 0.234
1 42 0.65 0.255
1 43 0.636 0.246
1 44 0.616 0.279
1 45 0.588 0.218
1 46 0.714 0.212
1 47 0.344 0.179
1 48 0.618 0.162
1 49 0.602 0.234
1 50 0.487 0.207
2 3 0.592 0.207
2 4 0.584 0.324
2 5 0.7 0.198
2 6 0.602 0.243
2 7 0.344 0.143
2 8 0.626 0.25
2 9 0.436 0.246
2 10 0.49 0.336
2 11 0.562 0.163
2 12 0.624 0.327
2 13 0.562 0.226
2 14 0.623 0.183
2 15 0.256 0.204
2 16 0.82 0.254
2 17 0.651 0.214
2 18 0.388 0.171
2 19 0.655 0.254
2 20 0.676 0.338
2 21 0.678 0.226
2 22 0.254 0.096
2 23 0.73 0.228
2 24 0.706 0.311
2 25 0.266 0.208
2 26 0.631 0.076
2 27 0.459 0.138
2 28 0.675 0.228
2 29 0.425 0.267
2 30 0.51 0.234
2 31 0.537 0.262
2 32 0.738 0.251
2 33 0.672 0.141
2 34 0.551 0.261
2 35 0.793 0.201
2 36 0.636 0.176
2 37 0.448 0.126
2 38 0.62 0.291
2 39 0.666 0.193
2 40 0.414 0.166
2 41 0.8 0.192
2 42 0.58 0.082
2 43 0.36 0.296
2 44 0.508 0.283
2 45 0.704 0.309
2 46 0.664 0.283
2 47 0.422 0.194
2 48 0.576 0.239
2 49 0.276 0.167
2 50 0.565 0.162
3 4 0.642 0.201
3 5 0.517 0.255
3 6 0.708 0.176
3 7 0.508 0.102
3 8 0.568 0.144
3 9 0.445 0.211
3 10 0.555 0.247
3 11 0.472 0.267
3 12 0.488 0.267
3 13 0.573 0.24
3 14 0.724 0.205
3 15 0.336 0.194
3 16 0.556 0.247
3 17 0.409 0.2
3 18 0.429 0.13
3 19 0.493 0.213
3 20 0.4 0.286
3 21 0.624 0.116
3 22 0.749 0.279
3 23 0.625 0.298
3 24 0.738 0.27
3 25 0.424 0.067
3 26 0.548 0.158
3 27 0.404 0.22
3 28 0.496 0.188
3 29 0.757 0.21
3 30 0.556 0.16
3 31 0.39 0.152
3 32 0.695 0.15
3 33 0.688 0.066
3 34 0.704 0.247
3 35 0.812 0.068
3 36 0.457 0.058
3 37 0.796 0.119
3 38 0.602 0.172
3 39 0.574 0.152
3 40 0.589 0.294
3 41 0.61 0.042
3 42 0.626 0.164
3 43 0.644 0.186
3 44 0.709 0.216
3 45 0.704 0.302
3 46 0.734 0.184
3 47 0.511 0.153
3 48 0.554 0.157
3 49 0.69 0.092
3 50 0.287 0.107
4 5 0.277 0.181
4 6 0.532 0.222
4 7 0.41 0.244
4 8 0.817 0.228
4 9 0.44 0.229
4 10 0.581 0.104
4 11 0.714 0.382
4 12 0.507 0.293
4 13 0.624 0.19
4 14 0.518 0.268
4 15 0.486 0.152
4 16 0.522 0.086
4 17 0.648 0.199
4 18 0.489 0.245
4 19 0.629 0.186
4 20 0.678 0.142
4 21 0.446 0.235
4 22 0.81 0.32
4 23 0.773 0.363
4 24 0.684 0.19
4 25 0.463 0.184
4 26 0.404 0.248
4 27 0.743 0.241
4 28 0.642 0.358
4 29 0.586 0.353
4 30 0.608 0.212
4 31 0.718 0.271
4 32 0.801 0.215
4 33 0.703 0.267
4 34 0.38 0.152
4 35 0.519 0.133
4 36 0.676 0.259
4 37 0.61 0.214
4 38 0.537 0.222
4 39 0.532 0.267
4 40 0.624 0.234
4 41 0.441 0.243
4 42 0.594 0.254
4 43 0.606 0.347
4 44 0.469 0.163
4 45 0.804 0.228
4 46 0.613 0.266
4 47 0.437 0.246
4 48 0.762 0.274
4 49 0.699 0.254
4 50 0.476 0.279
5 6 0.761 0.17
5 7 0.504 0.17
5 8 0.54 0.234
5 9 0.514 0.105
5 10 0.517 0.144
5 11 0.551 0.326
5 12 0.596 0.254
5 13 0.629 0.194
5 14 0.494 0.134
5 15 0.672 0.182
5 16 0.633 0.255
5 17 0.532 0.248
5 18 0.694 0.142
5 19 0.352 0.226
5 20 0.747 0.228
5 21 0.45 0.265
5 22 0.704 0.294
5 23 0.694 0.333
5 24 0.483 0.228
5 25 0.578 0.249
5 26 0.516 0.122
5 27 0.466 0.06
5 28 0.762 0.196
5 29 0.48 0.224
5 30 0.446 0.218
5 31 0.652 0.282
5 32 0.662 0.198
5 33 0.64 0.273
5 34 0.657 0.201
5 35 0.561 0.247
5 36 0.438 0.222
5 37 0.494 0.22
5 38 0.332 0.179
5 39 0.35 0.12
5 40 0.531 0.256
5 41 0.468 0.213
5 42 0.416 0.128
5 43 0.594 0.296
5 44 0.192 0.174
5 45 0.536 0.256
5 46 0.717 0.274
5 47 0.578 0.221
5 48 0.616 0.161
5 49 0.681 0.284
5 50 0.725 0.205
6 7 0.483 0.1
6 8 0.426 0.082
6 9 0.574 0.275
6 10 0.708 0.206
6 11 0.796 0.256
6 12 0.806 0.184
6 13 0.538 0.18
6 14 0.538 0.264
6 15 0.702 0.244
6 16 0.618 0.231
6 17 0.666 0.226
6 18 0.625 0.072
6 19 0.543 0.202
6 20 0.644 0.26
6 21 0.484 0.202
6 22 0.393 0.277
6 23 0.556 0.275
6 24 0.556 0.212
6 25 0.78 0.193
6 26 0.476 0.221
6 27 0.544 0.204
6 28 0.61 0.15
6 29 0.505 0.18
6 30 0.638 0.098
6 31 0.604 0.238
6 32 0.7 0.19
6 33 0.696 0.222
6 34 0.872 0.273
6 35 0.532 0.108
6 36 0.728 0.168
6 37 0.733 0.275
6 38 0.7 0.148
6 39 0.536 0.05
6 40 0.39 0.242
6 41 0.612 0.184
6 42 0.632 0.215
6 43 0.498 0.288
6 44 0.734 0.225
6 45 0.478 0.266
6 46 0.352 0.122
6 47 0.561 0.142
6 48 0.694 0.103
6 49 0.572 0.196
6 50 0.601 0.135
7 8 0.489 0.111
7 9 0.39 0.235
7 10 0.608 0.193
7 11 0.581 0.195
7 12 0.58 0.184
7 13 0.615 0.156
7 14 0.442 0.304
7 15 0.6 0.174
7 16 0.644 0.187
7 17 0.614 0.244
7 18 0.402 0.028
7 19 0.496 0.111
7 20 0.581 0.216
7 21 0.638 0.218
7 22 0.598 0.177
7 23 0.426 0.223
7 24 0.641 0.168
7 25 0.477 0.169
7 26 0.586 0.121
7 27 0.502 0.183
7 28 0.632 0.25
7 29 0.575 0.136
7 30 0.694 0.127
7 31 0.582 0.244
7 32 0.57 0.248
7 33 0.452 0.168
7 34 0.524 0.22
7 35 0.714 0.17
7 36 0.636 0.16
7 37 0.677 0.221
7 38 0.604 0.148
7 39 0.63 0.05
7 40 0.571 0.202
7 41 0.522 0.144
7 42 0.752 0.115
7 43 0.37 0.288
7 44 0.35 0.14
7 45 0.582 0.214
7 46 0.596 0.14
7 47 0.078 0.051
7 48 0.352 0.203
7 49 0.34 0.194
7 50 0.221 0.035
8 9 0.683 0.287
8 10 0.622 0.124
8 11 0.538 0.248
8 12 0.642 0.239
8 13 0.448 0.165
8 14 0.556 0.206
8 15 0.631 0.216
8 16 0.615 0.206
8 17 0.59 0.144
8 18 0.478 0.136
8 19 0.725 0.12
8 20 0.559 0.204
8 21 0.506 0.12
8 22 0.538 0.234
8 23 0.546 0.32
8 24 0.639 0.252
8 25 0.36 0.161
8 26 0.731 0.186
8 27 0.63 0.248
8 28 0.595 0.217
8 29 0.622 0.232
8 30 0.338 0.016
8 31 0.664 0.156
8 32 0.733 0.25
8 33 0.632 0.14
8 34 0.685 0.191
8 35 0.696 0.19
8 36 0.32 0.086
8 37 0.716 0.193
8 38 0.496 0.212
8 39 0.494 0.114
8 40 0.59 0.227
8 41 0.452 0.102
8 42 0.634 0.192
8 43 0.74 0.219
8 44 0.348 0.143
8 45 0.849 0.26
8 46 0.678 0.04
8 47 0.411 0.06
8 48 0.604 0.185
8 49 0.673 0.114
8 50 0.574 0.146
9 10 0.336 0.204
9 11 0.756 0.382
9 12 0.582 0.32
9 13 0.604 0.141
9 14 0.418 0.088
9 15 0.663 0.077
9 16 0.702 0.248
9 17 0.509 0.143
9 18 0.792 0.247
9 19 0.451 0.186
9 20 0.64 0.288
9 21 0.528 0.219
9 22 0.69 0.271
9 23 0.596 0.331
9 24 0.691 0.333
9 25 0.387 0.144
9 26 0.692 0.227
9 27 0.76 0.165
9 28 0.57 0.275
9 29 0.358 0.288
9 30 0.64 0.278
9 31 0.394 0.229
9 32 0.544 0.283
9 33 0.842 0.173
9 34 0.692 0.096
9 35 0.642 0.27
9 36 0.363 0.219
9 37 0.391 0.12
9 38 0.739 0.284
9 39 0.668 0.225
9 40 0.657 0.198
9 41 0.798 0.235
9 42 0.491 0.233
9 43 0.432 0.251
9 44 0.4 0.226
9 45 0.51 0.238
9 46 0.714 0.247
9 47 0.468 0.246
9 48 0.647 0.229
9 49 0.544 0.179
9 50 0.611 0.27
10 11 0.755 0.278
10 12 0.478 0.218
10 13 0.442 0.127
10 14 0.556 0.262
10 15 0.53 0.191
10 16 0.642 0.168
10 17 0.528 0.241
10 18 0.691 0.221
10 19 0.165 0.082
10 20 0.486 0.084
10 21 0.462 0.131
10 22 0.744 0.246
10 23 0.664 0.317
10 24 0.363 0.132
10 25 0.673 0.285
10 26 0.57 0.266
10 27 0.748 0.204
10 28 0.7 0.307
10 29 0.678 0.303
10 30 0.482 0.108
10 31 0.658 0.167
10 32 0.691 0.23
10 33 0.729 0.233
10 34 0.404 0.198
10 35 0.528 0.207
10 36 0.498 0.189
10 37 0.722 0.286
10 38 0.453 0.264
10 39 0.464 0.206
10 40 0.59 0.189
10 41 0.646 0.205
10 42 0.61 0.272
10 43 0.696 0.259
10 44 0.396 0.267
10 45 0.647 0.136
10 46 0.378 0.164
10 47 0.53 0.142
10 48 0.717 0.215
10 49 0.766 0.207
10 50 0.415 0.228
11 12 0.646 0.33
11 13 0.516 0.241
11 14 0.702 0.331
11 15 0.472 0.305
11 16 0.692 0.371
11 17 0.737 0.322
11 18 0.653 0.212
11 19 0.734 0.196
11 20 0.689 0.35
11 21 0.414 0.2
11 22 0.816 0.259
11 23 0.566 0.225
11 24 0.435 0.312
11 25 0.746 0.334
11 26 0.526 0.22
11 27 0.624 0.282
11 28 0.621 0.269
11 29 0.572 0.104
11 30 0.478 0.264
11 31 0.768 0.164
11 32 0.814 0.352
11 33 0.766 0.248
11 34 0.822 0.312
11 35 0.512 0.335
11 36 0.442 0.258
11 37 0.488 0.289
11 38 0.56 0.292
11 39 0.322 0.206
11 40 0.664 0.303
11 41 0.626 0.274
11 42 0.532 0.214
11 43 0.46 0.286
11 44 0.359 0.327
11 45 0.662 0.264
11 46 0.748 0.288
11 47 0.659 0.246
11 48 0.62 0.31
11 49 0.807 0.222
11 50 0.36 0.16
12 13 0.737 0.276
12 14 0.686 0.34
12 15 0.818 0.277
12 16 0.64 0.252
12 17 0.51 0.212
12 18 0.433 0.156
12 19 0.46 0.276
12 20 0.796 0.168
12 21 0.516 0.224
12 22 0.746 0.361
12 23 0.85 0.347
12 24 0.636 0.216
12 25 0.738 0.202
12 26 0.512 0.305
12 27 0.602 0.314
12 28 0.706 0.253
12 29 0.301 0.226
12 30 0.684 0.223
12 31 0.667 0.188
12 32 0.66 0.149
12 33 0.428 0.201
12 34 0.477 0.224
12 35 0.549 0.231
12 36 0.516 0.282
12 37 0.849 0.254
12 38 0.533 0.114
12 39 0.686 0.134
12 40 0.676 0.306
12 41 0.698 0.298
12 42 0.664 0.299
12 43 0.8 0.205
12 44 0.404 0.13
12 45 0.776 0.082
12 46 0.759 0.233
12 47 0.502 0.235
12 48 0.737 0.287
12 49 0.512 0.175
12 50 0.534 0.219
13 14 0.356 0.229
13 15 0.46 0.064
13 16 0.329 0.24
13 17 0.528 0.204
13 18 0.513 0.184
13 19 0.277 0.045
13 20 0.173 0.156
13 21 0.678 0.124
13 22 0.382 0.13
13 23 0.652 0.19
13 24 0.594 0.204
13 25 0.645 0.178
13 26 0.644 0.196
13 27 0.566 0.134
13 28 0.594 0.27
13 29 0.555 0.284
13 30 0.738 0.181
13 31 0.411 0.088
13 32 0.49 0.184
13 33 0.8 0.192
13 34 0.63 0.161
13 35 0.611 0.198
13 36 0.694 0.182
13 37 0.713 0.245
13 38 0.524 0.18
13 39 0.654 0.206
13 40 0.148 0.062
13 41 0.661 0.198
13 42 0.53 0.202
13 43 0.292 0.223
13 44 0.67 0.232
13 45 0.509 0.242
13 46 0.665 0.194
13 47 0.537 0.105
13 48 0.548 0.088
13 49 0.517 0.166
13 50 0.498 0.191
14 15 0.388 0.165
14 16 0.432 0.182
14 17 0.672 0.231
14 18 0.471 0.276
14 19 0.391 0.204
14 20 0.529 0.266
14 21 0.656 0.131
14 22 0.574 0.279
14 23 0.65 0.404
14 24 0.617 0.256
14 25 0.769 0.232
14 26 0.614 0.256
14 27 0.781 0.194
14 28 0.664 0.187
14 29 0.564 0.283
14 30 0.646 0.222
14 31 0.7 0.167
14 32 0.643 0.249
14 33 0.537 0.139
14 34 0.582 0.184
14 35 0.72 0.257
14 36 0.628 0.189
14 37 0.552 0.086
14 38 0.514 0.264
14 39 0.736 0.254
14 40 0.504 0.286
14 41 0.631 0.205
14 42 0.739 0.262
14 43 0.648 0.163
14 44 0.686 0.308
14 45 0.601 0.269
14 46 0.847 0.246
14 47 0.52 0.264
14 48 0.743 0.241
14 49 0.778 0.165
14 50 0.663 0.312
15 16 0.654 0.238
15 17 0.71 0.22
15 18 0.632 0.202
15 19 0.695 0.109
15 20 0.592 0.22
15 21 0.662 0.188
15 22 0.46 0.194
15 23 0.835 0.254
15 24 0.542 0.268
15 25 0.522 0.207
15 26 0.624 0.174
15 27 0.464 0.128
15 28 0.419 0.264
15 29 0.681 0.22
15 30 0.721 0.201
15 31 0.538 0.152
15 32 0.698 0.238
15 33 0.519 0.128
15 34 0.374 0.173
15 35 0.562 0.262
15 36 0.469 0.142
15 37 0.574 0.181
15 38 0.492 0.244
15 39 0.565 0.224
15 40 0.312 0.121
15 41 0.61 0.158
15 42 0.698 0.18
15 43 0.538 0.287
15 44 0.652 0.228
15 45 0.653 0.306
15 46 0.596 0.256
15 47 0.606 0.169
15 48 0.548 0.152
15 49 0.532 0.102
15 50 0.623 0.209
16 17 0.743 0.285
16 18 0.468 0.159
16 19 0.606 0.25
16 20 0.156 0.084
16 21 0.422 0.294
16 22 0.566 0.35
16 23 0.689 0.382
16 24 0.39 0.13
16 25 0.766 0.27
16 26 0.438 0.248
16 27 0.399 0.195
16 28 0.76 0.331
16 29 0.802 0.267
16 30 0.5 0.19
16 31 0.618 0.328
16 32 0.546 0.23
16 33 0.739 0.181
16 34 0.655 0.238
16 35 0.594 0.219
16 36 0.666 0.292
16 37 0.543 0.128
16 38 0.571 0.279
16 39 0.656 0.181
16 40 0.477 0.228
16 41 0.644 0.289
16 42 0.493 0.242
16 43 0.575 0.293
16 44 0.49 0.249
16 45 0.759 0.17
16 46 0.906 0.246
16 47 0.722 0.238
16 48 0.549 0.296
16 49 0.704 0.203
16 50 0.552 0.222
17 18 0.582 0.272
17 19 0.512 0.159
17 20 0.701 0.275
17 21 0.582 0.264
17 22 0.397 0.233
17 23 0.713 0.332
17 24 0.644 0.246
17 25 0.684 0.225
17 26 0.818 0.138
17 27 0.676 0.2
17 28 0.684 0.278
17 29 0.608 0.218
17 30 0.705 0.16
17 31 0.604 0.292
17 32 0.782 0.214
17 33 0.484 0.208
17 34 0.384 0.047
17 35 0.634 0.132
17 36 0.378 0.23
17 37 0.698 0.261
17 38 0.549 0.282
17 39 0.74 0.258
17 40 0.676 0.185
17 41 0.68 0.242
17 42 0.73 0.132
17 43 0.736 0.148
17 44 0.608 0.207
17 45 0.404 0.189
17 46 0.449 0.104
17 47 0.692 0.193
17 48 0.662 0.16
17 49 0.726 0.234
17 50 0.575 0.212
18 19 0.526 0.139
18 20 0.608 0.188
18 21 0.55 0.212
18 22 0.642 0.205
18 23 0.756 0.229
18 24 0.622 0.14
18 25 0.654 0.197
18 26 0.816 0.149
18 27 0.534 0.202
18 28 0.65 0.222
18 29 0.518 0.108
18 30 0.5 0.12
18 31 0.628 0.248
18 32 0.566 0.22
18 33 0.413 0.196
18 34 0.441 0.248
18 35 0.856 0.18
18 36 0.702 0.188
18 37 0.836 0.249
18 38 0.546 0.12
18 39 0.344 0.022
18 40 0.365 0.23
18 41 0.635 0.172
18 42 0.698 0.143
18 43 0.57 0.26
18 44 0.544 0.168
18 45 0.713 0.238
18 46 0.438 0.168
18 47 0.48 0.079
18 48 0.684 0.175
18 49 0.664 0.219
18 50 0.614 0.063
19 20 0.45 0.166
19 21 0.627 0.169
19 22 0.63 0.164
19 23 0.676 0.235
19 24 0.528 0.214
19 25 0.508 0.21
19 26 0.679 0.232
19 27 0.67 0.179
19 28 0.762 0.294
19 29 0.761 0.247
19 30 0.647 0.136
19 31 0.688 0.133
19 32 0.628 0.229
19 33 0.604 0.194
19 34 0.569 0.116
19 35 0.693 0.243
19 36 0.53 0.206
19 37 0.71 0.247
19 38 0.288 0.182
19 39 0.629 0.161
19 40 0.425 0.107
19 41 0.758 0.222
19 42 0.642 0.226
19 43 0.531 0.268
19 44 0.42 0.251
19 45 0.482 0.218
19 46 0.456 0.149
19 47 0.574 0.06
19 48 0.557 0.133
19 49 0.606 0.168
19 50 0.58 0.146
20 21 0.578 0.215
20 22 0.422 0.271
20 23 0.533 0.298
20 24 0.47 0.048
20 25 0.694 0.326
20 26 0.524 0.303
20 27 0.555 0.279
20 28 0.708 0.257
20 29 0.728 0.296
20 30 0.586 0.192
20 31 0.584 0.244
20 32 0.411 0.146
20 33 0.704 0.256
20 34 0.562 0.228
20 35 0.438 0.228
20 36 0.579 0.26
20 37 0.54 0.212
20 38 0.415 0.246
20 39 0.742 0.21
20 40 0.321 0.218
20 41 0.488 0.244
20 42 0.586 0.309
20 43 0.419 0.209
20 44 0.597 0.284
20 45 0.682 0.086
20 46 0.782 0.244
20 47 0.654 0.226
20 48 0.705 0.244
20 49 0.69 0.251
20 50 0.526 0.251
21 22 0.596 0.254
21 23 0.568 0.282
21 24 0.634 0.263
21 25 0.653 0.183
21 26 0.828 0.15
21 27 0.6 0.211
21 28 0.486 0.254
21 29 0.709 0.232
21 30 0.168 0.104
21 31 0.384 0.036
21 32 0.425 0.242
21 33 0.722 0.182
21 34 0.64 0.285
21 35 0.478 0.184
21 36 0.244 0.058
21 37 0.711 0.217
21 38 0.56 0.288
21 39 0.324 0.19
21 40 0.534 0.186
21 41 0.6 0.074
21 42 0.148 0.144
21 43 0.482 0.218
21 44 0.55 0.216
21 45 0.53 0.246
21 46 0.545 0.16
21 47 0.716 0.18
21 48 0.45 0.11
21 49 0.62 0.203
21 50 0.7 0.223
22 23 0.528 0.158
22 24 0.452 0.285
22 25 0.52 0.304
22 26 0.754 0.172
22 27 0.572 0.234
22 28 0.72 0.324
22 29 0.679 0.279
22 30 0.764 0.25
22 31 0.595 0.218
22 32 0.83 0.314
22 33 0.418 0.237
22 34 0.732 0.28
22 35 0.724 0.297
22 36 0.682 0.248
22 37 0.34 0.222
22 38 0.708 0.287
22 39 0.694 0.227
22 40 0.332 0.192
22 41 0.546 0.264
22 42 0.564 0.178
22 43 0.614 0.225
22 44 0.55 0.317
22 45 0.634 0.348
22 46 0.745 0.263
22 47 0.676 0.174
22 48 0.422 0.218
22 49 0.514 0.263
22 50 0.462 0.212
23 24 0.793 0.346
23 25 0.464 0.262
23 26 0.552 0.304
23 27 0.593 0.273
23 28 0.455 0.295
23 29 0.74 0.121
23 30 0.4 0.336
23 31 0.624 0.278
23 32 0.302 0.292
23 33 0.762 0.265
23 34 0.475 0.351
23 35 0.354 0.23
23 36 0.4 0.34
23 37 0.738 0.318
23 38 0.438 0.309
23 39 0.556 0.251
23 40 0.798 0.252
23 41 0.57 0.34
23 42 0.624 0.31
23 43 0.585 0.383
23 44 0.502 0.308
23 45 0.634 0.384
23 46 0.352 0.28
23 47 0.348 0.274
23 48 0.506 0.172
23 49 0.574 0.239
23 50 0.642 0.258
24 25 0.772 0.337
24 26 0.384 0.289
24 27 0.59 0.288
24 28 0.663 0.297
24 29 0.712 0.248
24 30 0.684 0.24
24 31 0.478 0.292
24 32 0.758 0.124
24 33 0.366 0.229
24 34 0.572 0.276
24 35 0.538 0.206
24 36 0.724 0.308
24 37 0.518 0.258
24 38 0.376 0.224
24 39 0.562 0.162
24 40 0.741 0.266
24 41 0.727 0.292
24 42 0.693 0.283
24 43 0.738 0.257
24 44 0.291 0.236
24 45 0.812 0.134
24 46 0.561 0.292
24 47 0.65 0.219
24 48 0.44 0.292
24 49 0.866 0.203
24 50 0.696 0.203
25 26 0.435 0.132
25 27 0.604 0.191
25 28 0.734 0.174
25 29 0.624 0.277
25 30 0.52 0.177
25 31 0.728 0.219
25 32 0.766 0.217
25 33 0.822 0.133
25 34 0.527 0.24
25 35 0.817 0.135
25 36 0.441 0.125
25 37 0.552 0.186
25 38 0.396 0.176
25 39 0.676 0.219
25 40 0.522 0.227
25 41 0.535 0.109
25 42 0.505 0.138
25 43 0.537 0.253
25 44 0.646 0.224
25 45 0.489 0.284
25 46 0.758 0.121
25 47 0.399 0.15
25 48 0.454 0.09
25 49 0.542 0.159
25 50 0.558 0.174
26 27 0.666 0.062
26 28 0.762 0.152
26 29 0.512 0.257
26 30 0.66 0.202
26 31 0.666 0.186
26 32 0.726 0.207
26 33 0.652 0.217
26 34 0.622 0.185
26 35 0.814 0.125
26 36 0.79 0.1
26 37 0.602 0.202
26 38 0.391 0.269
26 39 0.712 0.171
26 40 0.535 0.162
26 41 0.684 0.116
26 42 0.753 0.006
26 43 0.402 0.22
26 44 0.502 0.258
26 45 0.494 0.236
26 46 0.676 0.226
26 47 0.517 0.172
26 48 0.69 0.163
26 49 0.747 0.243
26 50 0.807 0.086
27 28 0.39 0.136
27 29 0.573 0.284
27 30 0.522 0.264
27 31 0.686 0.222
27 32 0.291 0.258
27 33 0.478 0.256
27 34 0.518 0.247
27 35 0.593 0.187
27 36 0.434 0.162
27 37 0.72 0.264
27 38 0.673 0.215
27 39 0.592 0.18
27 40 0.69 0.196
27 41 0.664 0.178
27 42 0.613 0.068
27 43 0.328 0.236
27 44 0.658 0.234
27 45 0.67 0.267
27 46 0.712 0.288
27 47 0.551 0.209
27 48 0.15 0.101
27 49 0.338 0.23
27 50 0.515 0.148
28 29 0.755 0.33
28 30 0.452 0.233
28 31 0.455 0.218
28 32 0.49 0.173
28 33 0.655 0.254
28 34 0.482 0.313
28 35 0.736 0.255
28 36 0.554 0.246
28 37 0.574 0.273
28 38 0.711 0.273
28 39 0.412 0.2
28 40 0.472 0.216
28 41 0.643 0.23
28 42 0.634 0.146
28 43 0.472 0.265
28 44 0.64 0.28
28 45 0.28 0.171
28 46 0.322 0.177
28 47 0.554 0.234
28 48 0.54 0.237
28 49 0.662 0.244
28 50 0.726 0.226
29 30 0.541 0.217
29 31 0.642 0.196
29 32 0.438 0.248
29 33 0.534 0.144
29 34 0.778 0.265
29 35 0.699 0.278
29 36 0.502 0.268
29 37 0.554 0.197
29 38 0.812 0.188
29 39 0.385 0.13
29 40 0.703 0.338
29 41 0.44 0.252
29 42 0.593 0.251
29 43 0.57 0.299
29 44 0.479 0.276
29 45 0.475 0.308
29 46 0.458 0.228
29 47 0.497 0.187
29 48 0.436 0.283
29 49 0.235 0.118
29 50 0.796 0.171
30 31 0.552 0.14
30 32 0.593 0.235
30 33 0.612 0.125
30 34 0.808 0.207
30 35 0.646 0.206
30 36 0.412 0.102
30 37 0.543 0.178
30 38 0.728 0.196
30 39 0.156 0.098
30 40 0.702 0.243
30 41 0.768 0.118
30 42 0.316 0.208
30 43 0.65 0.235
30 44 0.62 0.159
30 45 0.591 0.244
30 46 0.514 0.056
30 47 0.616 0.076
30 48 0.372 0.201
30 49 0.452 0.099
30 50 0.713 0.162
31 32 0.558 0.272
31 33 0.636 0.218
31 34 0.644 0.249
31 35 0.635 0.22
31 36 0.348 0.094
31 37 0.716 0.205
31 38 0.639 0.268
31 39 0.7 0.226
31 40 0.263 0.15
31 41 0.718 0.11
31 42 0.236 0.18
31 43 0.703 0.254
31 44 0.638 0.252
31 45 0.618 0.21
31 46 0.56 0.196
31 47 0.66 0.193
31 48 0.536 0.146
31 49 0.732 0.239
31 50 0.593 0.259
32 33 0.492 0.11
32 34 0.647 0.261
32 35 0.302 0.082
32 36 0.52 0.208
32 37 0.678 0.163
32 38 0.382 0.1
32 39 0.539 0.198
32 40 0.552 0.246
32 41 0.872 0.192
32 42 0.322 0.213
32 43 0.378 0.224
32 44 0.724 0.279
32 45 0.571 0.231
32 46 0.534 0.29
32 47 0.635 0.254
32 48 0.441 0.23
32 49 0.629 0.136
32 50 0.544 0.257
33 34 0.371 0.24
33 35 0.523 0.134
33 36 0.667 0.124
33 37 0.758 0.053
33 38 0.426 0.21
33 39 0.456 0.218
33 40 0.75 0.249
33 41 0.63 0.108
33 42 0.696 0.223
33 43 0.694 0.222
33 44 0.63 0.282
33 45 0.672 0.236
33 46 0.467 0.18
33 47 0.53 0.2
33 48 0.628 0.223
33 49 0.6 0.026
33 50 0.673 0.173
34 35 0.582 0.179
34 36 0.526 0.246
34 37 0.584 0.216
34 38 0.458 0.298
34 39 0.785 0.27
34 40 0.482 0.138
34 41 0.821 0.262
34 42 0.642 0.179
34 43 0.504 0.195
34 44 0.592 0.254
34 45 0.424 0.142
34 46 0.641 0.151
34 47 0.602 0.176
34 48 0.668 0.207
34 49 0.55 0.214
34 50 0.626 0.255
35 36 0.376 0.126
35 37 0.384 0.171
35 38 0.576 0.182
35 39 0.646 0.158
35 40 0.543 0.26
35 41 0.642 0.11
35 42 0.607 0.131
35 43 0.433 0.254
35 44 0.572 0.284
35 45 0.456 0.313
35 46 0.676 0.23
35 47 0.636 0.221
35 48 0.468 0.148
35 49 0.637 0.16
35 50 0.678 0.175
36 37 0.73 0.177
36 38 0.71 0.23
36 39 0.536 0.2
36 40 0.546 0.244
36 41 0.699 0.016
36 42 0.392 0.106
36 43 0.601 0.16
36 44 0.574 0.158
36 45 0.76 0.283
36 46 0.619 0.126
36 47 0.714 0.146
36 48 0.284 0.168
36 49 0.466 0.15
36 50 0.513 0.165
37 38 0.584 0.263
37 39 0.699 0.271
37 40 0.603 0.292
37 41 0.836 0.161
37 42 0.676 0.208
37 43 0.735 0.249
37 44 0.57 0.335
37 45 0.294 0.183
37 46 0.542 0.233
37 47 0.644 0.253
37 48 0.596 0.276
37 49 0.382 0.079
37 50 0.704 0.226
38 39 0.611 0.098
38 40 0.376 0.192
38 41 0.582 0.214
38 42 0.412 0.263
38 43 0.76 0.14
38 44 0.524 0.244
38 45 0.576 0.196
38 46 0.514 0.252
38 47 0.62 0.199
38 48 0.816 0.251
38 49 0.659 0.236
38 50 0.572 0.183
39 40 0.709 0.252
39 41 0.808 0.194
39 42 0.472 0.165
39 43 0.782 0.238
39 44 0.538 0.19
39 45 0.689 0.216
39 46 0.467 0.154
39 47 0.697 0.101
39 48 0.442 0.153
39 49 0.608 0.197
39 50 0.682 0.085
40 41 0.705 0.26
40 42 0.386 0.156
40 43 0.44 0.285
40 44 0.723 0.294
40 45 0.657 0.28
40 46 0.684 0.256
40 47 0.649 0.167
40 48 0.582 0.15
40 49 0.665 0.223
40 50 0.35 0.236
41 42 0.632 0.122
41 43 0.804 0.144
41 44 0.66 0.174
41 45 0.661 0.267
41 46 0.592 0.142
41 47 0.444 0.162
41 48 0.814 0.184
41 49 0.588 0.134
41 50 0.743 0.149
42 43 0.502 0.226
42 44 0.402 0.252
42 45 0.382 0.23
42 46 0.428 0.232
42 47 0.788 0.166
42 48 0.567 0.169
42 49 0.611 0.249
42 50 0.552 0.08
43 44 0.72 0.236
43 45 0.752 0.123
43 46 0.503 0.252
43 47 0.448 0.279
43 48 0.478 0.308
43 49 0.636 0.248
43 50 0.591 0.293
44 45 0.56 0.212
44 46 0.525 0.103
44 47 0.386 0.191
44 48 0.6 0.314
44 49 0.578 0.257
44 50 0.548 0.175
45 46 0.602 0.293
45 47 0.596 0.265
45 48 0.583 0.33
45 49 0.428 0.257
45 50 0.446 0.249
46 47 0.668 0.089
46 48 0.696 0.211
46 49 0.488 0.154
46 50 0.588 0.175
47 48 0.43 0.193
47 49 0.262 0.174
47 50 0.299 0.086
48 49 0.488 0.249
48 50 0.573 0.238
49 50 0.561 0.199
node_demand
0.175
0.025
0.05
0.075
0.175
0.025
0.2
0.225
0.125
0.1
0.025
0.225
0.2
0.1
0.2
0.1
0.05
0.175
0.125
0.225
0.225
0.1
0.025
0.075
0.225
0.125
0.15
0.125
0.05
0.2
0.05
0.05
0.05
0.2
0.025
0.225
0.225
0.2
0.075
0.075
0.075
0.125
0.075
0.125
0.025
0.075
0.15
0.175
0.225
0.05
