50
0 1 0.692 0.207
0 2 0.478 0.271
0 3 0.702 0.284
0 4 0.519 0.261
0 5 0.375 0.199
0 6 0.536 0.206
0 7 0.618 0.253
0 8 0.33 0.176
0 9 0.34 0.181
0 10 0.428 0.222
0 11 0.688 0.263
0 12 0.506 0.114
0 13 0.4 0.128
0 14 0.668 0.286
0 15 0.588 0.223
0 16 0.54 0.23
0 17 0.459 0.136
0 18 0.578 0.278
0 19 0.584 0.302
0 20 0.736 0.225
0 21 0.42 0.251
0 22 0.362 0.156
0 23 0.655 0.153
0 24 0.406 0.249
0 25 0.414 0.253
0 26 0.456 0.208
0 27 0.076 0.072
0 28 0.67 0.264
0 29 0.418 0.241
0 30 0.605 0.241
0 31 0.612 0.261
0 32 0.734 0.266
0 33 0.548 0.288
0 34 0.376 0.203
0 35 0.568 0.231
0 36 0.544 0.338
0 37 0.575 0.177
0 38 0.578 0.252
0 39 0.573 0.215
0 40 0.554 0.247
0 41 0.468 0.185
0 42 0.462 0.189
0 43 0.616 0.094
0 44 0.674 0.241
0 45 0.665 0.202
0 46 0.518 0.245
0 47 0.64 0.239
0 48 0.172 0.111
0 49 0.537 0.138
0 50 0.459 0.236
1 2 0.467 0.222
1 3 0.67 0.304
1 4 0.402 0.124
1 5 0.536 0.221
1 6 0.529 0.17
1 7 0.596 0.239
1 8 0.654 0.185
1 9 0.452 0.299
1 10 0.634 0.287
1 11 0.634 0.306
1 12 0.615 0.211
1 13 0.428 0.148
1 14 0.535 0.194
1 15 0.335 0.187
1 16 0.772 0.282
1 17 0.551 0.277
1 18 0.478 0.206
1 19 0.532 0.234
1 20 0.554 0.168
1 21 0.607 0.273
1 22 0.624 0.12
1 23 0.352 0.054
1 24 0.354 0.15
1 25 0.6 0.285
1 26 0.396 0.216
1 27 0.752 0.204
1 28 0.507 0.126
1 29 0.737 0.261
1 30 0.632 0.208
1 31 0.528 0.232
1 32 0.328 0.263
1 33 0.308 0.202
1 34 0.689 0.289
1 35 0.546 0.195
1 36 0.148 0.131
1 37 0.578 0.148
1 38 0.476 0.2
1 39 0.664 0.17
1 40 0.598 0.211
1 41 0.63 0.198
1 42 0.65 0.16
1 43 0.573 0.258
1 44 0.29 0.151
1 45 0.594 0.222
1 46 0.414 0.223
1 47 0.508 0.19
1 48 0.62 0.318
1 49 0.604 0.247
1 50 0.615 0.263
2 3 0.224 0.142
2 4 0.551 0.254
2 5 0.628 0.232
2 6 0.583 0.197
2 7 0.509 0.132
2 8 0.333 0.318
2 9 0.733 0.166
2 10 0.573 0.146
2 11 0.629 0.193
2 12 0.708 0.254
2 13 0.484 0.175
2 14 0.657 0.213
2 15 0.4 0.08
2 16 0.666 0.334
2 17 0.432 0.22
2 18 0.638 0.158
2 19 0.713 0.25
2 20 0.713 0.238
2 21 0.679 0.232
2 22 0.688 0.147
2 23 0.732 0.168
2 24 0.576 0.264
2 25 0.741 0.206
2 26 0.524 0.221
2 27 0.402 0.231
2 28 0.686 0.255
2 29 0.525 0.13
2 30 0.687 0.2
2 31 0.656 0.248
2 32 0.581 0.198
2 33 0.755 0.299
2 34 0.62 0.148
2 35 0.747 0.222
2 36 0.615 0.276
2 37 0.644 0.244
2 38 0.685 0.252
2 39 0.802 0.213
2 40 0.789 0.104
2 41 0.528 0.25
2 42 0.778 0.256
2 43 0.697 0.267
2 44 0.54 0.29
2 45 0.46 0.21
2 46 0.844 0.044
2 47 0.516 0.23
2 48 0.565 0.16
2 49 0.518 0.151
2 50 0.245 0.048
3 4 0.688 0.358
3 5 0.585 0.272
3 6 0.564 0.229
3 7 0.712 0.22
3 8 0.557 0.426
3 9 0.766 0.308
3 10 0.5 0.266
3 11 0.844 0.332
3 12 0.706 0.208
3 13 0.708 0.156
3 14 0.792 0.309
3 15 0.624 0.222
3 16 0.442 0.37
3 17 0.565 0.283
3 18 0.702 0.232
3 19 0.545 0.31
3 20 0.682 0.304
3 21 0.455 0.22
3 22 0.719 0.184
3 23 0.596 0.25
3 24 0.367 0.3
3 25 0.568 0.348
3 26 0.665 0.336
3 27 0.626 0.212
3 28 0.73 0.287
3 29 0.749 0.269
3 30 0.766 0.288
3 31 0.822 0.312
3 32 0.694 0.056
3 33 0.536 0.316
3 34 0.482 0.212
3 35 0.65 0.239
3 36 0.522 0.246
3 37 0.651 0.271
3 38 0.498 0.334
3 39 0.658 0.176
3 40 0.588 0.202
3 41 0.4 0.279
3 42 0.646 0.266
3 43 0.574 0.273
3 44 0.751 0.335
3 45 0.504 0.082
3 46 0.791 0.186
3 47 0.606 0.247
3 48 0.686 0.302
3 49 0.712 0.246
3 50 0.469 0.19
4 5 0.613 0.134
4 6 0.585 0.224
4 7 0.426 0.156
4 8 0.849 0.309
4 9 0.778 0.344
4 10 0.676 0.204
4 11 0.56 0.315
4 12 0.414 0.233
4 13 0.55 0.202
4 14 0.641 0.239
4 15 0.507 0.208
4 16 0.758 0.304
4 17 0.723 0.344
4 18 0.815 0.33
4 19 0.586 0.288
4 20 0.732 0.288
4 21 0.483 0.186
4 22 0.678 0.174
4 23 0.634 0.108
4 24 0.626 0.204
4 25 0.519 0.262
4 26 0.272 0.198
4 27 0.595 0.258
4 28 0.559 0.239
4 29 0.702 0.252
4 30 0.394 0.224
4 31 0.759 0.267
4 32 0.424 0.32
4 33 0.71 0.311
4 34 0.735 0.206
4 35 0.538 0.249
4 36 0.254 0.176
4 37 0.52 0.207
4 38 0.566 0.154
4 39 0.598 0.293
4 40 0.666 0.184
4 41 0.495 0.233
4 42 0.456 0.195
4 43 0.48 0.168
4 44 0.571 0.275
4 45 0.756 0.276
4 46 0.732 0.244
4 47 0.446 0.244
4 48 0.691 0.298
4 49 0.49 0.284
4 50 0.422 0.284
5 6 0.662 0.19
5 7 0.566 0.1
5 8 0.552 0.292
5 9 0.378 0.223
5 10 0.518 0.148
5 11 0.576 0.257
5 12 0.71 0.136
5 13 0.34 0.228
5 14 0.5 0.118
5 15 0.431 0.152
5 16 0.692 0.298
5 17 0.232 0.21
5 18 0.412 0.244
5 19 0.512 0.271
5 20 0.508 0.154
5 21 0.13 0.052
5 22 0.518 0.219
5 23 0.685 0.242
5 24 0.436 0.301
5 25 0.508 0.314
5 26 0.341 0.202
5 27 0.451 0.186
5 28 0.51 0.132
5 29 0.668 0.196
5 30 0.581 0.155
5 31 0.725 0.133
5 32 0.522 0.264
5 33 0.48 0.177
5 34 0.572 0.15
5 35 0.387 0.2
5 36 0.388 0.181
5 37 0.648 0.073
5 38 0.62 0.097
5 39 0.29 0.237
5 40 0.62 0.128
5 41 0.722 0.099
5 42 0.595 0.061
5 43 0.416 0.201
5 44 0.723 0.263
5 45 0.576 0.26
5 46 0.56 0.188
5 47 0.486 0.192
5 48 0.532 0.242
5 49 0.538 0.221
5 50 0.571 0.228
6 7 0.767 0.1
6 8 0.408 0.272
6 9 0.707 0.275
6 10 0.61 0.148
6 11 0.775 0.254
6 12 0.853 0.184
6 13 0.56 0.078
6 14 0.736 0.196
6 15 0.618 0.117
6 16 0.732 0.274
6 17 0.44 0.193
6 18 0.47 0.267
6 19 0.54 0.177
6 20 0.747 0.263
6 21 0.532 0.242
6 22 0.48 0.05
6 23 0.718 0.116
6 24 0.718 0.212
6 25 0.466 0.198
6 26 0.476 0.148
6 27 0.612 0.134
6 28 0.672 0.058
6 29 0.618 0.191
6 30 0.508 0.168
6 31 0.731 0.25
6 32 0.566 0.173
6 33 0.702 0.202
6 34 0.335 0.15
6 35 0.388 0.125
6 36 0.677 0.259
6 37 0.776 0.247
6 38 0.659 0.143
6 39 0.772 0.188
6 40 0.636 0.128
6 41 0.5 0.224
6 42 0.73 0.243
6 43 0.742 0.249
6 44 0.418 0.126
6 45 0.672 0.152
6 46 0.745 0.153
6 47 0.663 0.133
6 48 0.539 0.242
6 49 0.69 0.248
6 50 0.338 0.193
7 8 0.463 0.328
7 9 0.518 0.188
7 10 0.443 0.048
7 11 0.41 0.159
7 12 0.546 0.156
7 13 0.517 0.147
7 14 0.497 0.137
7 15 0.424 0.052
7 16 0.668 0.252
7 17 0.64 0.192
7 18 0.486 0.202
7 19 0.555 0.174
7 20 0.584 0.202
7 21 0.696 0.152
7 22 0.724 0.119
7 23 0.411 0.185
7 24 0.66 0.258
7 25 0.566 0.214
7 26 0.602 0.216
7 27 0.694 0.203
7 28 0.718 0.126
7 29 0.68 0.096
7 30 0.57 0.068
7 31 0.598 0.15
7 32 0.476 0.164
7 33 0.675 0.23
7 34 0.482 0.05
7 35 0.832 0.153
7 36 0.68 0.2
7 37 0.51 0.173
7 38 0.616 0.176
7 39 0.634 0.137
7 40 0.28 0.028
7 41 0.722 0.124
7 42 0.348 0.161
7 43 0.328 0.221
7 44 0.652 0.182
7 45 0.592 0.221
7 46 0.736 0.088
7 47 0.65 0.161
7 48 0.446 0.142
7 49 0.544 0.172
7 50 0.429 0.128
8 9 0.526 0.35
8 10 0.708 0.293
8 11 0.496 0.182
8 12 0.816 0.273
8 13 0.73 0.304
8 14 0.419 0.265
8 15 0.595 0.372
8 16 0.584 0.406
8 17 0.756 0.286
8 18 0.51 0.39
8 19 0.38 0.262
8 20 0.612 0.32
8 21 0.422 0.24
8 22 0.692 0.305
8 23 0.604 0.239
8 24 0.558 0.335
8 25 0.59 0.429
8 26 0.628 0.35
8 27 0.406 0.248
8 28 0.606 0.311
8 29 0.598 0.245
8 30 0.514 0.358
8 31 0.695 0.39
8 32 0.644 0.394
8 33 0.572 0.387
8 34 0.674 0.372
8 35 0.678 0.333
8 36 0.726 0.316
8 37 0.657 0.33
8 38 0.595 0.354
8 39 0.701 0.352
8 40 0.484 0.356
8 41 0.55 0.344
8 42 0.792 0.318
8 43 0.487 0.27
8 44 0.444 0.146
8 45 0.647 0.378
8 46 0.686 0.362
8 47 0.579 0.341
8 48 0.47 0.28
8 49 0.453 0.288
8 50 0.578 0.327
9 10 0.525 0.195
9 11 0.53 0.222
9 12 0.508 0.219
9 13 0.684 0.253
9 14 0.344 0.105
9 15 0.648 0.158
9 16 0.332 0.318
9 17 0.61 0.281
9 18 0.714 0.236
9 19 0.43 0.298
9 20 0.618 0.261
9 21 0.508 0.27
9 22 0.408 0.225
9 23 0.684 0.291
9 24 0.514 0.288
9 25 0.41 0.24
9 26 0.69 0.247
9 27 0.416 0.22
9 28 0.508 0.314
9 29 0.48 0.243
9 30 0.556 0.152
9 31 0.608 0.258
9 32 0.657 0.328
9 33 0.544 0.247
9 34 0.372 0.162
9 35 0.75 0.237
9 36 0.6 0.168
9 37 0.794 0.198
9 38 0.518 0.312
9 39 0.364 0.174
9 40 0.5 0.182
9 41 0.366 0.148
9 42 0.603 0.186
9 43 0.763 0.275
9 44 0.664 0.335
9 45 0.641 0.324
9 46 0.439 0.122
9 47 0.529 0.245
9 48 0.168 0.07
9 49 0.381 0.174
9 50 0.624 0.162
10 11 0.659 0.111
10 12 0.587 0.108
10 13 0.464 0.161
10 14 0.803 0.185
10 15 0.632 0.1
10 16 0.378 0.27
10 17 0.522 0.24
10 18 0.806 0.25
10 19 0.704 0.191
10 20 0.644 0.249
10 21 0.512 0.18
10 22 0.711 0.167
10 23 0.546 0.233
10 24 0.684 0.275
10 25 0.838 0.231
10 26 0.586 0.264
10 27 0.425 0.158
10 28 0.66 0.174
10 29 0.389 0.048
10 30 0.676 0.116
10 31 0.522 0.168
10 32 0.711 0.212
10 33 0.678 0.239
10 34 0.804 0.098
10 35 0.738 0.162
10 36 0.695 0.248
10 37 0.682 0.146
10 38 0.852 0.224
10 39 0.791 0.185
10 40 0.638 0.076
10 41 0.71 0.172
10 42 0.332 0.158
10 43 0.632 0.173
10 44 0.65 0.208
10 45 0.65 0.184
10 46 0.741 0.136
10 47 0.526 0.154
10 48 0.6 0.125
10 49 0.435 0.22
10 50 0.669 0.098
11 12 0.803 0.213
11 13 0.5 0.176
11 14 0.712 0.296
11 15 0.574 0.211
11 16 0.586 0.296
11 17 0.79 0.321
11 18 0.748 0.217
11 19 0.372 0.08
11 20 0.386 0.138
11 21 0.528 0.263
11 22 0.762 0.204
11 23 0.699 0.26
11 24 0.55 0.164
11 25 0.624 0.29
11 26 0.317 0.246
11 27 0.673 0.232
11 28 0.625 0.269
11 29 0.27 0.063
11 30 0.671 0.227
11 31 0.816 0.279
11 32 0.516 0.323
11 33 0.456 0.228
11 34 0.498 0.209
11 35 0.618 0.151
11 36 0.562 0.284
11 37 0.511 0.257
11 38 0.649 0.297
11 39 0.608 0.214
11 40 0.498 0.187
11 41 0.492 0.277
11 42 0.571 0.269
11 43 0.43 0.278
11 44 0.754 0.223
11 45 0.494 0.25
11 46 0.705 0.184
11 47 0.666 0.159
11 48 0.698 0.152
11 49 0.746 0.225
11 50 0.55 0.145
12 13 0.691 0.106
12 14 0.488 0.254
12 15 0.543 0.201
12 16 0.364 0.162
12 17 0.613 0.25
12 18 0.63 0.258
12 19 0.671 0.28
12 20 0.636 0.268
12 21 0.699 0.188
12 22 0.743 0.134
12 23 0.742 0.2
12 24 0.493 0.199
12 25 0.61 0.224
12 26 0.686 0.186
12 27 0.514 0.05
12 28 0.439 0.242
12 29 0.636 0.15
12 30 0.566 0.127
12 31 0.85 0.147
12 32 0.287 0.152
12 33 0.797 0.191
12 34 0.66 0.206
12 35 0.565 0.209
12 36 0.51 0.317
12 37 0.813 0.063
12 38 0.427 0.158
12 39 0.42 0.255
12 40 0.558 0.184
12 41 0.6 0.071
12 42 0.789 0.075
12 43 0.795 0.065
12 44 0.658 0.127
12 45 0.899 0.18
12 46 0.562 0.237
12 47 0.67 0.217
12 48 0.676 0.225
12 49 0.563 0.181
12 50 0.648 0.206
13 14 0.622 0.174
13 15 0.734 0.095
13 16 0.352 0.24
13 17 0.572 0.235
13 18 0.456 0.224
13 19 0.849 0.174
13 20 0.493 0.185
13 21 0.47 0.251
13 22 0.278 0.028
13 23 0.454 0.094
13 24 0.671 0.19
13 25 0.548 0.193
13 26 0.681 0.192
13 27 0.324 0.056
13 28 0.616 0.136
13 29 0.664 0.113
13 30 0.672 0.188
13 31 0.814 0.253
13 32 0.404 0.202
13 33 0.56 0.18
13 34 0.765 0.197
13 35 0.563 0.103
13 36 0.576 0.237
13 37 0.636 0.169
13 38 0.594 0.221
13 39 0.63 0.166
13 40 0.506 0.119
13 41 0.716 0.177
13 42 0.71 0.181
13 43 0.57 0.171
13 44 0.597 0.204
13 45 0.265 0.074
13 46 0.659 0.131
13 47 0.648 0.111
13 48 0.572 0.19
13 49 0.68 0.238
13 50 0.599 0.171
14 15 0.742 0.133
14 16 0.534 0.315
14 17 0.554 0.273
14 18 0.688 0.201
14 19 0.774 0.255
14 20 0.432 0.272
14 21 0.539 0.17
14 22 0.635 0.146
14 23 0.778 0.212
14 24 0.722 0.183
14 25 0.6 0.295
14 26 0.504 0.142
14 27 0.63 0.23
14 28 0.727 0.232
14 29 0.74 0.233
14 30 0.562 0.205
14 31 0.374 0.25
14 32 0.772 0.255
14 33 0.646 0.242
14 34 0.578 0.187
14 35 0.66 0.221
14 36 0.387 0.063
14 37 0.586 0.191
14 38 0.536 0.215
14 39 0.642 0.218
14 40 0.66 0.109
14 41 0.71 0.217
14 42 0.677 0.179
14 43 0.542 0.319
14 44 0.595 0.23
14 45 0.72 0.248
14 46 0.68 0.169
14 47 0.604 0.229
14 48 0.496 0.175
14 49 0.496 0.276
14 50 0.462 0.209
15 16 0.617 0.304
15 17 0.216 0.14
15 18 0.658 0.15
15 19 0.678 0.17
15 20 0.644 0.23
15 21 0.301 0.204
15 22 0.504 0.067
15 23 0.687 0.133
15 24 0.627 0.229
15 25 0.698 0.21
15 26 0.512 0.249
15 27 0.599 0.151
15 28 0.57 0.175
15 29 0.56 0.148
15 30 0.446 0.12
15 31 0.762 0.202
15 32 0.663 0.17
15 33 0.438 0.219
15 34 0.504 0.102
15 35 0.498 0.142
15 36 0.483 0.196
15 37 0.742 0.225
15 38 0.698 0.172
15 39 0.58 0.133
15 40 0.526 0.024
15 41 0.639 0.176
15 42 0.51 0.213
15 43 0.7 0.259
15 44 0.625 0.234
15 45 0.499 0.169
15 46 0.499 0.036
15 47 0.629 0.15
15 48 0.48 0.17
15 49 0.468 0.143
15 50 0.28 0.076
16 17 0.562 0.365
16 18 0.512 0.176
16 19 0.725 0.216
16 20 0.381 0.332
16 21 0.644 0.35
16 22 0.61 0.268
16 23 0.426 0.228
16 24 0.675 0.132
16 25 0.58 0.295
16 26 0.596 0.306
16 27 0.578 0.212
16 28 0.288 0.216
16 29 0.688 0.312
16 30 0.536 0.289
16 31 0.567 0.309
16 32 0.651 0.314
16 33 0.758 0.349
16 34 0.568 0.302
16 35 0.474 0.272
16 36 0.624 0.252
16 37 0.67 0.225
16 38 0.695 0.273
16 39 0.696 0.258
16 40 0.674 0.28
16 41 0.6 0.233
16 42 0.472 0.237
16 43 0.431 0.136
16 44 0.604 0.289
16 45 0.617 0.314
16 46 0.714 0.29
16 47 0.682 0.264
16 48 0.5 0.341
16 49 0.706 0.252
16 50 0.796 0.302
17 18 0.442 0.282
17 19 0.744 0.241
17 20 0.51 0.233
17 21 0.362 0.226
17 22 0.488 0.207
17 23 0.748 0.273
17 24 0.668 0.233
17 25 0.74 0.294
17 26 0.573 0.341
17 27 0.383 0.208
17 28 0.742 0.251
17 29 0.732 0.288
17 30 0.507 0.194
17 31 0.546 0.251
17 32 0.515 0.31
17 33 0.639 0.247
17 34 0.551 0.242
17 35 0.496 0.17
17 36 0.62 0.336
17 37 0.526 0.283
17 38 0.554 0.307
17 39 0.522 0.107
17 40 0.532 0.164
17 41 0.49 0.25
17 42 0.542 0.271
17 43 0.484 0.23
17 44 0.779 0.14
17 45 0.344 0.279
17 46 0.468 0.176
17 47 0.413 0.178
17 48 0.598 0.247
17 49 0.673 0.184
17 50 0.496 0.216
18 19 0.454 0.137
18 20 0.362 0.16
18 21 0.542 0.196
18 22 0.724 0.217
18 23 0.708 0.26
18 24 0.632 0.221
18 25 0.474 0.288
18 26 0.728 0.307
18 27 0.566 0.28
18 28 0.53 0.325
18 29 0.54 0.236
18 30 0.706 0.27
18 31 0.743 0.255
18 32 0.587 0.288
18 33 0.408 0.237
18 34 0.628 0.218
18 35 0.534 0.208
18 36 0.626 0.264
18 37 0.546 0.195
18 38 0.676 0.31
18 39 0.702 0.271
18 40 0.592 0.174
18 41 0.71 0.221
18 42 0.474 0.183
18 43 0.716 0.312
18 44 0.768 0.343
18 45 0.542 0.15
18 46 0.275 0.114
18 47 0.687 0.216
18 48 0.634 0.306
18 49 0.53 0.221
18 50 0.393 0.154
19 20 0.522 0.218
19 21 0.622 0.219
19 22 0.654 0.146
19 23 0.427 0.18
19 24 0.178 0.084
19 25 0.408 0.249
19 26 0.689 0.279
19 27 0.66 0.23
19 28 0.708 0.189
19 29 0.642 0.143
19 30 0.47 0.156
19 31 0.638 0.278
19 32 0.696 0.292
19 33 0.649 0.148
19 34 0.798 0.224
19 35 0.368 0.071
19 36 0.511 0.204
19 37 0.542 0.262
19 38 0.618 0.217
19 39 0.381 0.134
19 40 0.835 0.146
19 41 0.752 0.212
19 42 0.856 0.25
19 43 0.62 0.222
19 44 0.681 0.303
19 45 0.584 0.248
19 46 0.594 0.206
19 47 0.62 0.079
19 48 0.598 0.232
19 49 0.555 0.211
19 50 0.688 0.225
20 21 0.434 0.206
20 22 0.63 0.213
20 23 0.346 0.222
20 24 0.595 0.29
20 25 0.499 0.362
20 26 0.46 0.198
20 27 0.66 0.241
20 28 0.545 0.286
20 29 0.538 0.201
20 30 0.701 0.27
20 31 0.658 0.252
20 32 0.763 0.277
20 33 0.408 0.304
20 34 0.412 0.152
20 35 0.61 0.227
20 36 0.642 0.299
20 37 0.731 0.227
20 38 0.314 0.251
20 39 0.713 0.164
20 40 0.431 0.23
20 41 0.575 0.253
20 42 0.714 0.215
20 43 0.715 0.203
20 44 0.688 0.183
20 45 0.703 0.259
20 46 0.637 0.194
20 47 0.722 0.235
20 48 0.616 0.244
20 49 0.876 0.087
20 50 0.468 0.234
21 22 0.63 0.223
21 23 0.593 0.26
21 24 0.566 0.272
21 25 0.625 0.326
21 26 0.211 0.201
21 27 0.344 0.196
21 28 0.473 0.184
21 29 0.538 0.2
21 30 0.57 0.118
21 31 0.748 0.185
21 32 0.652 0.276
21 33 0.61 0.225
21 34 0.702 0.202
21 35 0.517 0.148
21 36 0.459 0.233
21 37 0.678 0.125
21 38 0.562 0.114
21 39 0.279 0.211
21 40 0.49 0.18
21 41 0.736 0.151
21 42 0.465 0.113
21 43 0.546 0.253
21 44 0.608 0.315
21 45 0.479 0.302
21 46 0.614 0.188
21 47 0.356 0.14
21 48 0.592 0.294
21 49 0.645 0.273
21 50 0.581 0.228
22 23 0.569 0.066
22 24 0.562 0.162
22 25 0.63 0.165
22 26 0.656 0.198
22 27 0.286 0.084
22 28 0.502 0.108
22 29 0.53 0.141
22 30 0.788 0.16
22 31 0.566 0.269
22 32 0.682 0.174
22 33 0.316 0.152
22 34 0.738 0.169
22 35 0.404 0.075
22 36 0.482 0.209
22 37 0.766 0.197
22 38 0.316 0.193
22 39 0.769 0.138
22 40 0.546 0.091
22 41 0.624 0.205
22 42 0.662 0.209
22 43 0.538 0.199
22 44 0.432 0.176
22 45 0.543 0.102
22 46 0.727 0.103
22 47 0.41 0.083
22 48 0.534 0.218
22 49 0.747 0.21
22 50 0.669 0.143
23 24 0.249 0.096
23 25 0.292 0.231
23 26 0.382 0.264
23 27 0.663 0.15
23 28 0.53 0.174
23 29 0.696 0.207
23 30 0.355 0.192
23 31 0.424 0.22
23 32 0.68 0.24
23 33 0.66 0.218
23 34 0.502 0.235
23 35 0.544 0.141
23 36 0.5 0.185
23 37 0.593 0.202
23 38 0.66 0.146
23 39 0.638 0.204
23 40 0.643 0.157
23 41 0.618 0.181
23 42 0.556 0.214
23 43 0.739 0.204
23 44 0.642 0.205
23 45 0.655 0.168
23 46 0.766 0.169
23 47 0.51 0.136
23 48 0.534 0.264
23 49 0.845 0.276
23 50 0.759 0.209
24 25 0.541 0.318
24 26 0.631 0.212
24 27 0.482 0.246
24 28 0.779 0.258
24 29 0.684 0.227
24 30 0.55 0.225
24 31 0.46 0.27
24 32 0.682 0.318
24 33 0.662 0.217
24 34 0.64 0.308
24 35 0.367 0.14
24 36 0.502 0.12
24 37 0.603 0.262
24 38 0.44 0.242
24 39 0.496 0.126
24 40 0.778 0.23
24 41 0.697 0.27
24 42 0.694 0.274
24 43 0.648 0.238
24 44 0.587 0.301
24 45 0.406 0.264
24 46 0.562 0.265
24 47 0.442 0.132
24 48 0.578 0.316
24 49 0.596 0.203
24 50 0.51 0.305
25 26 0.541 0.212
25 27 0.49 0.249
25 28 0.47 0.256
25 29 0.7 0.227
25 30 0.637 0.263
25 31 0.533 0.224
25 32 0.498 0.332
25 33 0.618 0.202
25 34 0.446 0.262
25 35 0.58 0.178
25 36 0.53 0.314
25 37 0.699 0.287
25 38 0.727 0.317
25 39 0.346 0.206
25 40 0.79 0.186
25 41 0.564 0.295
25 42 0.63 0.296
25 43 0.468 0.159
25 44 0.45 0.324
25 45 0.813 0.267
25 46 0.503 0.246
25 47 0.663 0.186
25 48 0.242 0.17
25 49 0.596 0.275
25 50 0.496 0.254
26 27 0.532 0.136
26 28 0.308 0.09
26 29 0.562 0.255
26 30 0.666 0.235
26 31 0.557 0.213
26 32 0.6 0.316
26 33 0.483 0.257
26 34 0.592 0.266
26 35 0.606 0.208
26 36 0.248 0.152
26 37 0.792 0.153
26 38 0.576 0.175
26 39 0.49 0.271
26 40 0.394 0.244
26 41 0.73 0.179
26 42 0.254 0.141
26 43 0.68 0.251
26 44 0.59 0.204
26 45 0.533 0.254
26 46 0.666 0.213
26 47 0.349 0.202
26 48 0.522 0.248
26 49 0.463 0.267
26 50 0.464 0.173
27 28 0.594 0.192
27 29 0.494 0.169
27 30 0.529 0.177
27 31 0.655 0.197
27 32 0.728 0.202
27 33 0.602 0.236
27 34 0.452 0.18
27 35 0.492 0.159
27 36 0.62 0.288
27 37 0.592 0.113
27 38 0.502 0.208
27 39 0.497 0.205
27 40 0.63 0.175
27 41 0.392 0.121
27 42 0.386 0.125
27 43 0.54 0.115
27 44 0.718 0.177
27 45 0.589 0.13
27 46 0.442 0.187
27 47 0.574 0.167
27 48 0.248 0.183
27 49 0.461 0.21
27 50 0.383 0.227
28 29 0.566 0.222
28 30 0.626 0.194
28 31 0.553 0.265
28 32 0.726 0.231
28 33 0.471 0.195
28 34 0.552 0.176
28 35 0.462 0.118
28 36 0.5 0.242
28 37 0.722 0.205
28 38 0.598 0.085
28 39 0.526 0.181
28 40 0.494 0.154
28 41 0.763 0.231
28 42 0.562 0.193
28 43 0.432 0.243
28 44 0.756 0.184
28 45 0.548 0.21
28 46 0.672 0.211
28 47 0.556 0.126
28 48 0.65 0.268
28 49 0.658 0.258
28 50 0.572 0.251
29 30 0.778 0.164
29 31 0.699 0.216
29 32 0.756 0.26
29 33 0.694 0.287
29 34 0.666 0.146
29 35 0.527 0.21
29 36 0.589 0.296
29 37 0.506 0.194
29 38 0.524 0.272
29 39 0.638 0.233
29 40 0.607 0.124
29 41 0.532 0.214
29 42 0.396 0.206
29 43 0.51 0.215
29 44 0.534 0.16
29 45 0.399 0.187
29 46 0.808 0.122
29 47 0.77 0.202
29 48 0.59 0.173
29 49 0.763 0.229
29 50 0.28 0.082
30 31 0.672 0.166
30 32 0.663 0.232
30 33 0.732 0.162
30 34 0.576 0.118
30 35 0.448 0.085
30 36 0.648 0.268
30 37 0.769 0.106
30 38 0.532 0.231
30 39 0.291 0.148
30 40 0.712 0.096
30 41 0.508 0.056
30 42 0.644 0.094
30 43 0.711 0.192
30 44 0.618 0.25
30 45 0.788 0.262
30 46 0.676 0.156
30 47 0.716 0.093
30 48 0.635 0.21
30 49 0.494 0.225
30 50 0.726 0.196
31 32 0.592 0.282
31 33 0.46 0.188
31 34 0.479 0.1
31 35 0.583 0.207
31 36 0.55 0.313
31 37 0.496 0.084
31 38 0.448 0.226
31 39 0.493 0.144
31 40 0.318 0.178
31 41 0.628 0.11
31 42 0.303 0.072
31 43 0.622 0.212
31 44 0.585 0.274
31 45 0.561 0.327
31 46 0.715 0.204
31 47 0.677 0.215
31 48 0.44 0.192
31 49 0.617 0.221
31 50 0.71 0.244
32 33 0.51 0.326
32 34 0.373 0.214
32 35 0.767 0.249
32 36 0.476 0.302
32 37 0.526 0.215
32 38 0.588 0.294
32 39 0.522 0.232
32 40 0.332 0.146
32 41 0.46 0.223
32 42 0.678 0.21
32 43 0.706 0.217
32 44 0.618 0.279
32 45 0.669 0.138
32 46 0.634 0.206
32 47 0.788 0.257
32 48 0.562 0.292
32 49 0.276 0.19
32 50 0.6 0.246
33 34 0.58 0.269
33 35 0.622 0.077
33 36 0.456 0.179
33 37 0.45 0.128
33 38 0.524 0.223
33 39 0.638 0.14
33 40 0.395 0.243
33 41 0.69 0.154
33 42 0.346 0.116
33 43 0.624 0.247
33 44 0.598 0.318
33 45 0.295 0.25
33 46 0.683 0.255
33 47 0.566 0.085
33 48 0.376 0.177
33 49 0.786 0.217
33 50 0.629 0.295
34 35 0.43 0.194
34 36 0.629 0.25
34 37 0.441 0.184
34 38 0.695 0.226
34 39 0.47 0.187
34 40 0.608 0.078
34 41 0.24 0.174
34 42 0.71 0.172
34 43 0.713 0.238
34 44 0.563 0.232
34 45 0.5 0.271
34 46 0.608 0.104
34 47 0.415 0.202
34 48 0.204 0.092
34 49 0.649 0.122
34 50 0.673 0.144
35 36 0.512 0.199
35 37 0.727 0.191
35 38 0.394 0.146
35 39 0.677 0.063
35 40 0.552 0.166
35 41 0.384 0.141
35 42 0.71 0.179
35 43 0.803 0.17
35 44 0.65 0.251
35 45 0.773 0.177
35 46 0.68 0.178
35 47 0.45 0.008
35 48 0.634 0.254
35 49 0.634 0.14
35 50 0.522 0.218
36 37 0.626 0.254
36 38 0.328 0.278
36 39 0.661 0.246
36 40 0.45 0.172
36 41 0.482 0.28
36 42 0.502 0.242
36 43 0.432 0.344
36 44 0.438 0.282
36 45 0.71 0.311
36 46 0.478 0.232
36 47 0.36 0.207
36 48 0.716 0.238
36 49 0.656 0.262
36 50 0.676 0.272
37 38 0.712 0.142
37 39 0.478 0.228
37 40 0.526 0.201
37 41 0.428 0.05
37 42 0.539 0.012
37 43 0.58 0.128
37 44 0.552 0.19
37 45 0.537 0.243
37 46 0.491 0.2
37 47 0.856 0.199
37 48 0.645 0.268
37 49 0.755 0.172
37 50 0.546 0.24
38 39 0.777 0.209
38 40 0.745 0.148
38 41 0.778 0.192
38 42 0.694 0.154
38 43 0.432 0.158
38 44 0.374 0.269
38 45 0.778 0.295
38 46 0.561 0.208
38 47 0.408 0.138
38 48 0.645 0.294
38 49 0.562 0.274
38 50 0.698 0.248
39 40 0.532 0.109
39 41 0.566 0.204
39 42 0.475 0.216
39 43 0.52 0.193
39 44 0.766 0.247
39 45 0.578 0.24
39 46 0.664 0.169
39 47 0.635 0.071
39 48 0.458 0.244
39 49 0.514 0.077
39 50 0.802 0.209
40 41 0.696 0.152
40 42 0.621 0.189
40 43 0.416 0.249
40 44 0.556 0.21
40 45 0.69 0.193
40 46 0.54 0.06
40 47 0.588 0.174
40 48 0.668 0.146
40 49 0.608 0.167
40 50 0.709 0.1
41 42 0.616 0.038
41 43 0.584 0.136
41 44 0.792 0.198
41 45 0.629 0.251
41 46 0.606 0.212
41 47 0.655 0.149
41 48 0.444 0.218
41 49 0.562 0.198
41 50 0.773 0.252
42 43 0.676 0.14
42 44 0.424 0.202
42 45 0.517 0.255
42 46 0.412 0.212
42 47 0.374 0.187
42 48 0.634 0.256
42 49 0.566 0.16
42 50 0.676 0.252
43 44 0.324 0.192
43 45 0.708 0.245
43 46 0.769 0.223
43 47 0.766 0.174
43 48 0.65 0.205
43 49 0.435 0.116
43 50 0.452 0.263
44 45 0.666 0.278
44 46 0.667 0.27
44 47 0.742 0.259
44 48 0.502 0.324
44 49 0.368 0.261
44 50 0.492 0.242
45 46 0.438 0.202
45 47 0.638 0.185
45 48 0.671 0.264
45 49 0.784 0.309
45 50 0.334 0.162
46 47 0.412 0.186
46 48 0.561 0.192
46 49 0.805 0.107
46 50 0.668 0.04
47 48 0.619 0.262
47 49 0.812 0.148
47 50 0.542 0.226
48 49 0.549 0.192
48 50 0.631 0.208
49 50 0.483 0.147
node_demand
0.15
0.125
0.2
0.05
0.175
0.175
0.05
0.05
0.125
0.225
0.225
0.1
0.125
0.075
0.075
0.225
0.2
0.05
0.125
0.075
0.225
0.225
0.075
0.175
0.2
0.125
0.15
0.225
0.05
0.2
0.125
0.15
0.15
0.125
0.05
0.15
0.175
0.1
0.225
0.225
0.15
0.125
0.05
0.225
0.1
0.025
0.05
0.1
0.1
0.125
