50
0 1 0.686 0.345
0 2 0.828 0.279
0 3 0.401 0.12
0 4 0.498 0.238
0 5 0.596 0.178
0 6 0.62 0.232
0 7 0.426 0.215
0 8 0.518 0.235
0 9 0.506 0.204
0 10 0.44 0.126
0 11 0.742 0.193
0 12 0.604 0.144
0 13 0.586 0.257
0 14 0.432 0.17
0 15 0.769 0.252
0 16 0.354 0.238
0 17 0.674 0.252
0 18 0.586 0.222
0 19 0.836 0.208
0 20 0.704 0.127
0 21 0.73 0.178
0 22 0.709 0.303
0 23 0.747 0.188
0 24 0.632 0.191
0 25 0.644 0.132
0 26 0.584 0.196
0 27 0.506 0.231
0 28 0.76 0.17
0 29 0.858 0.248
0 30 0.625 0.252
0 31 0.61 0.21
0 32 0.432 0.152
0 33 0.768 0.268
0 34 0.68 0.225
0 35 0.734 0.254
0 36 0.722 0.266
0 37 0.614 0.182
0 38 0.742 0.018
0 39 0.582 0.242
0 40 0.372 0.098
0 41 0.567 0.208
0 42 0.656 0.249
0 43 0.248 0.086
0 44 0.754 0.198
0 45 0.552 0.217
0 46 0.868 0.24
0 47 0.702 0.222
0 48 0.61 0.148
0 49 0.693 0.145
0 50 0.554 0.168
1 2 0.415 0.227
1 3 0.285 0.254
1 4 0.478 0.352
1 5 0.432 0.345
1 6 0.452 0.248
1 7 0.552 0.353
1 8 0.542 0.227
1 9 0.34 0.269
1 10 0.602 0.348
1 11 0.672 0.227
1 12 0.584 0.288
1 13 0.64 0.284
1 14 0.566 0.322
1 15 0.708 0.152
1 16 0.562 0.217
1 17 0.462 0.293
1 18 0.642 0.289
1 19 0.5 0.266
1 20 0.521 0.261
1 21 0.662 0.346
1 22 0.444 0.336
1 23 0.722 0.299
1 24 0.516 0.292
1 25 0.512 0.266
1 26 0.66 0.317
1 27 0.737 0.189
1 28 0.653 0.251
1 29 0.743 0.347
1 30 0.382 0.325
1 31 0.797 0.344
1 32 0.575 0.193
1 33 0.332 0.152
1 34 0.544 0.359
1 35 0.777 0.308
1 36 0.64 0.27
1 37 0.758 0.322
1 38 0.666 0.356
1 39 0.334 0.19
1 40 0.664 0.364
1 41 0.648 0.321
1 42 0.612 0.354
1 43 0.768 0.334
1 44 0.431 0.327
1 45 0.293 0.287
1 46 0.326 0.291
1 47 0.645 0.214
1 48 0.773 0.273
1 49 0.409 0.308
1 50 0.546 0.238
2 3 0.7 0.176
2 4 0.456 0.282
2 5 0.509 0.287
2 6 0.45 0.231
2 7 0.688 0.194
2 8 0.424 0.143
2 9 0.688 0.075
2 10 0.77 0.265
2 11 0.597 0.185
2 12 0.562 0.206
2 13 0.802 0.286
2 14 0.744 0.21
2 15 0.727 0.192
2 16 0.767 0.257
2 17 0.588 0.269
2 18 0.698 0.186
2 19 0.67 0.183
2 20 0.51 0.169
2 21 0.544 0.178
2 22 0.446 0.26
2 23 0.669 0.148
2 24 0.73 0.234
2 25 0.584 0.174
2 26 0.402 0.123
2 27 0.322 0.223
2 28 0.547 0.196
2 29 0.79 0.244
2 30 0.716 0.251
2 31 0.816 0.252
2 32 0.521 0.169
2 33 0.747 0.218
2 34 0.524 0.267
2 35 0.426 0.276
2 36 0.748 0.295
2 37 0.425 0.223
2 38 0.616 0.278
2 39 0.28 0.108
2 40 0.59 0.209
2 41 0.512 0.248
2 42 0.566 0.162
2 43 0.756 0.28
2 44 0.288 0.1
2 45 0.708 0.188
2 46 0.512 0.248
2 47 0.492 0.156
2 48 0.644 0.188
2 49 0.531 0.174
2 50 0.468 0.278
3 4 0.552 0.244
3 5 0.717 0.224
3 6 0.498 0.14
3 7 0.558 0.16
3 8 0.777 0.162
3 9 0.456 0.101
3 10 0.598 0.2
3 11 0.587 0.15
3 12 0.545 0.264
3 13 0.646 0.21
3 14 0.508 0.09
3 15 0.506 0.132
3 16 0.75 0.118
3 17 0.538 0.208
3 18 0.599 0.102
3 19 0.782 0.209
3 20 0.556 0.007
3 21 0.78 0.101
3 22 0.723 0.27
3 23 0.578 0.068
3 24 0.231 0.071
3 25 0.706 0.012
3 26 0.674 0.149
3 27 0.636 0.112
3 28 0.535 0.05
3 29 0.729 0.16
3 30 0.424 0.192
3 31 0.765 0.09
3 32 0.514 0.108
3 33 0.572 0.149
3 34 0.485 0.105
3 35 0.696 0.261
3 36 0.479 0.243
3 37 0.636 0.177
3 38 0.682 0.102
3 39 0.614 0.228
3 40 0.773 0.162
3 41 0.602 0.12
3 42 0.476 0.129
3 43 0.649 0.118
3 44 0.436 0.173
3 45 0.488 0.175
3 46 0.523 0.175
3 47 0.692 0.149
3 48 0.795 0.028
3 49 0.454 0.122
3 50 0.658 0.218
4 5 0.528 0.359
4 6 0.371 0.302
4 7 0.695 0.317
4 8 0.663 0.218
4 9 0.666 0.207
4 10 0.648 0.338
4 11 0.345 0.26
4 12 0.106 0.094
4 13 0.616 0.247
4 14 0.591 0.228
4 15 0.271 0.262
4 16 0.562 0.276
4 17 0.447 0.338
4 18 0.559 0.142
4 19 0.482 0.268
4 20 0.461 0.237
4 21 0.545 0.16
4 22 0.371 0.274
4 23 0.644 0.18
4 24 0.42 0.309
4 25 0.561 0.242
4 26 0.523 0.255
4 27 0.412 0.29
4 28 0.638 0.228
4 29 0.613 0.2
4 30 0.614 0.284
4 31 0.577 0.225
4 32 0.362 0.238
4 33 0.731 0.293
4 34 0.632 0.335
4 35 0.514 0.204
4 36 0.639 0.338
4 37 0.408 0.236
4 38 0.616 0.256
4 39 0.486 0.192
4 40 0.813 0.235
4 41 0.606 0.284
4 42 0.506 0.341
4 43 0.65 0.324
4 44 0.69 0.279
4 45 0.574 0.271
4 46 0.534 0.29
4 47 0.45 0.231
4 48 0.51 0.22
4 49 0.502 0.264
4 50 0.418 0.284
5 6 0.72 0.206
5 7 0.492 0.287
5 8 0.482 0.144
5 9 0.523 0.255
5 10 0.396 0.065
5 11 0.486 0.16
5 12 0.592 0.268
5 13 0.488 0.21
5 14 0.402 0.175
5 15 0.717 0.298
5 16 0.6 0.233
5 17 0.67 0.241
5 18 0.696 0.262
5 19 0.598 0.147
5 20 0.538 0.217
5 21 0.585 0.204
5 22 0.303 0.278
5 23 0.29 0.224
5 24 0.698 0.209
5 25 0.527 0.212
5 26 0.486 0.262
5 27 0.528 0.198
5 28 0.744 0.217
5 29 0.484 0.309
5 30 0.737 0.306
5 31 0.478 0.134
5 32 0.614 0.277
5 33 0.608 0.193
5 34 0.602 0.305
5 35 0.464 0.251
5 36 0.746 0.311
5 37 0.361 0.128
5 38 0.703 0.196
5 39 0.52 0.206
5 40 0.524 0.247
5 41 0.663 0.147
5 42 0.83 0.188
5 43 0.348 0.196
5 44 0.568 0.25
5 45 0.652 0.163
5 46 0.628 0.249
5 47 0.591 0.131
5 48 0.491 0.239
5 49 0.695 0.211
5 50 0.55 0.262
6 7 0.662 0.231
6 8 0.622 0.088
6 9 0.549 0.209
6 10 0.654 0.184
6 11 0.685 0.046
6 12 0.477 0.212
6 13 0.516 0.222
6 14 0.534 0.074
6 15 0.6 0.23
6 16 0.575 0.237
6 17 0.57 0.258
6 18 0.69 0.228
6 19 0.749 0.232
6 20 0.773 0.133
6 21 0.787 0.142
6 22 0.71 0.248
6 23 0.686 0.194
6 24 0.704 0.153
6 25 0.523 0.138
6 26 0.728 0.161
6 27 0.566 0.084
6 28 0.687 0.146
6 29 0.438 0.243
6 30 0.463 0.192
6 31 0.53 0.216
6 32 0.614 0.234
6 33 0.582 0.121
6 34 0.698 0.134
6 35 0.761 0.157
6 36 0.595 0.231
6 37 0.704 0.218
6 38 0.607 0.237
6 39 0.373 0.214
6 40 0.69 0.146
6 41 0.659 0.13
6 42 0.54 0.222
6 43 0.372 0.146
6 44 0.738 0.19
6 45 0.722 0.245
6 46 0.412 0.193
6 47 0.58 0.075
6 48 0.869 0.168
6 49 0.469 0.11
6 50 0.45 0.144
7 8 0.456 0.169
7 9 0.577 0.119
7 10 0.669 0.268
7 11 0.385 0.185
7 12 0.613 0.238
7 13 0.524 0.224
7 14 0.393 0.158
7 15 0.839 0.236
7 16 0.514 0.278
7 17 0.665 0.263
7 18 0.779 0.175
7 19 0.636 0.2
7 20 0.638 0.153
7 21 0.719 0.226
7 22 0.324 0.213
7 23 0.568 0.137
7 24 0.64 0.231
7 25 0.412 0.148
7 26 0.815 0.071
7 27 0.483 0.164
7 28 0.643 0.185
7 29 0.47 0.233
7 30 0.603 0.295
7 31 0.607 0.226
7 32 0.487 0.244
7 33 0.42 0.201
7 34 0.616 0.241
7 35 0.58 0.128
7 36 0.624 0.243
7 37 0.687 0.251
7 38 0.744 0.233
7 39 0.408 0.222
7 40 0.253 0.194
7 41 0.543 0.214
7 42 0.452 0.253
7 43 0.674 0.254
7 44 0.542 0.191
7 45 0.766 0.216
7 46 0.703 0.17
7 47 0.445 0.156
7 48 0.523 0.177
7 49 0.504 0.122
7 50 0.545 0.322
8 9 0.38 0.218
8 10 0.736 0.209
8 11 0.667 0.042
8 12 0.564 0.124
8 13 0.804 0.277
8 14 0.53 0.162
8 15 0.836 0.214
8 16 0.666 0.149
8 17 0.456 0.258
8 18 0.638 0.168
8 19 0.79 0.291
8 20 0.604 0.169
8 21 0.734 0.23
8 22 0.78 0.244
8 23 0.443 0.13
8 24 0.683 0.091
8 25 0.604 0.174
8 26 0.826 0.198
8 27 0.521 0.08
8 28 0.522 0.142
8 29 0.492 0.191
8 30 0.556 0.188
8 31 0.538 0.252
8 32 0.78 0.264
8 33 0.698 0.075
8 34 0.672 0.222
8 35 0.523 0.153
8 36 0.621 0.193
8 37 0.843 0.272
8 38 0.486 0.225
8 39 0.704 0.222
8 40 0.469 0.234
8 41 0.468 0.212
8 42 0.797 0.191
8 43 0.556 0.149
8 44 0.579 0.23
8 45 0.774 0.237
8 46 0.438 0.105
8 47 0.562 0.013
8 48 0.488 0.164
8 49 0.512 0.198
8 50 0.576 0.232
9 10 0.646 0.19
9 11 0.462 0.204
9 12 0.56 0.275
9 13 0.552 0.211
9 14 0.574 0.135
9 15 0.46 0.117
9 16 0.764 0.182
9 17 0.47 0.295
9 18 0.63 0.169
9 19 0.41 0.108
9 20 0.224 0.094
9 21 0.734 0.202
9 22 0.572 0.19
9 23 0.635 0.131
9 24 0.396 0.172
9 25 0.478 0.099
9 26 0.538 0.048
9 27 0.583 0.213
9 28 0.573 0.151
9 29 0.594 0.227
9 30 0.627 0.176
9 31 0.457 0.177
9 32 0.515 0.195
9 33 0.672 0.25
9 34 0.358 0.192
9 35 0.493 0.247
9 36 0.665 0.22
9 37 0.606 0.236
9 38 0.395 0.203
9 39 0.574 0.183
9 40 0.324 0.134
9 41 0.559 0.191
9 42 0.534 0.134
9 43 0.754 0.205
9 44 0.463 0.072
9 45 0.452 0.238
9 46 0.622 0.276
9 47 0.567 0.231
9 48 0.769 0.129
9 49 0.714 0.099
9 50 0.59 0.203
10 11 0.537 0.225
10 12 0.594 0.256
10 13 0.695 0.258
10 14 0.414 0.11
10 15 0.477 0.302
10 16 0.754 0.298
10 17 0.602 0.224
10 18 0.84 0.234
10 19 0.802 0.082
10 20 0.554 0.207
10 21 0.7 0.178
10 22 0.345 0.24
10 23 0.622 0.196
10 24 0.681 0.271
10 25 0.404 0.212
10 26 0.802 0.197
10 27 0.448 0.214
10 28 0.394 0.152
10 29 0.543 0.292
10 30 0.519 0.288
10 31 0.663 0.199
10 32 0.57 0.212
10 33 0.34 0.251
10 34 0.744 0.305
10 35 0.768 0.234
10 36 0.788 0.267
10 37 0.474 0.111
10 38 0.44 0.144
10 39 0.618 0.158
10 40 0.787 0.182
10 41 0.268 0.082
10 42 0.669 0.253
10 43 0.282 0.212
10 44 0.686 0.226
10 45 0.782 0.146
10 46 0.574 0.23
10 47 0.62 0.196
10 48 0.558 0.174
10 49 0.628 0.146
10 50 0.482 0.257
11 12 0.239 0.166
11 13 0.715 0.262
11 14 0.516 0.12
11 15 0.499 0.256
11 16 0.543 0.191
11 17 0.482 0.216
11 18 0.394 0.186
11 19 0.521 0.274
11 20 0.468 0.157
11 21 0.536 0.188
11 22 0.444 0.202
11 23 0.524 0.148
11 24 0.532 0.107
11 25 0.556 0.162
11 26 0.604 0.156
11 27 0.465 0.038
11 28 0.473 0.1
11 29 0.403 0.207
11 30 0.29 0.146
11 31 0.634 0.236
11 32 0.657 0.258
11 33 0.386 0.075
11 34 0.586 0.18
11 35 0.427 0.111
11 36 0.483 0.193
11 37 0.666 0.234
11 38 0.451 0.211
11 39 0.416 0.26
11 40 0.638 0.192
11 41 0.457 0.17
11 42 0.54 0.176
11 43 0.701 0.107
11 44 0.547 0.188
11 45 0.628 0.199
11 46 0.823 0.147
11 47 0.105 0.029
11 48 0.458 0.122
11 49 0.589 0.156
11 50 0.551 0.19
12 13 0.546 0.153
12 14 0.532 0.213
12 15 0.377 0.266
12 16 0.456 0.256
12 17 0.341 0.304
12 18 0.453 0.236
12 19 0.376 0.174
12 20 0.567 0.271
12 21 0.529 0.254
12 22 0.289 0.18
12 23 0.538 0.254
12 24 0.314 0.215
12 25 0.636 0.276
12 26 0.629 0.3
12 27 0.306 0.204
12 28 0.532 0.266
12 29 0.507 0.287
12 30 0.529 0.269
12 31 0.5 0.301
12 32 0.468 0.218
12 33 0.625 0.199
12 34 0.738 0.334
12 35 0.408 0.11
12 36 0.545 0.244
12 37 0.514 0.233
12 38 0.69 0.162
12 39 0.38 0.098
12 40 0.731 0.141
12 41 0.5 0.269
12 42 0.4 0.262
12 43 0.601 0.23
12 44 0.584 0.306
12 45 0.524 0.198
12 46 0.606 0.229
12 47 0.344 0.137
12 48 0.616 0.288
12 49 0.526 0.249
12 50 0.312 0.19
13 14 0.353 0.148
13 15 0.476 0.2
13 16 0.461 0.265
13 17 0.406 0.228
13 18 0.704 0.273
13 19 0.562 0.256
13 20 0.328 0.203
13 21 0.586 0.216
13 22 0.577 0.305
13 23 0.488 0.235
13 24 0.624 0.281
13 25 0.516 0.208
13 26 0.498 0.163
13 27 0.62 0.252
13 28 0.695 0.222
13 29 0.675 0.32
13 30 0.452 0.116
13 31 0.782 0.286
13 32 0.594 0.304
13 33 0.355 0.289
13 34 0.759 0.228
13 35 0.681 0.263
13 36 0.72 0.233
13 37 0.561 0.248
13 38 0.536 0.239
13 39 0.522 0.251
13 40 0.51 0.17
13 41 0.596 0.204
13 42 0.513 0.246
13 43 0.469 0.314
13 44 0.646 0.246
13 45 0.556 0.283
13 46 0.694 0.312
13 47 0.61 0.29
13 48 0.618 0.238
13 49 0.628 0.112
13 50 0.526 0.114
14 15 0.562 0.192
14 16 0.497 0.208
14 17 0.396 0.238
14 18 0.65 0.192
14 19 0.606 0.158
14 20 0.618 0.097
14 21 0.326 0.068
14 22 0.705 0.229
14 23 0.68 0.158
14 24 0.739 0.161
14 25 0.68 0.102
14 26 0.541 0.087
14 27 0.586 0.158
14 28 0.342 0.126
14 29 0.455 0.222
14 30 0.666 0.192
14 31 0.648 0.18
14 32 0.58 0.186
14 33 0.598 0.195
14 34 0.676 0.195
14 35 0.544 0.231
14 36 0.615 0.157
14 37 0.662 0.144
14 38 0.655 0.163
14 39 0.661 0.234
14 40 0.625 0.072
14 41 0.544 0.056
14 42 0.617 0.178
14 43 0.68 0.208
14 44 0.712 0.116
14 45 0.39 0.179
14 46 0.59 0.198
14 47 0.621 0.149
14 48 0.718 0.118
14 49 0.464 0.036
14 50 0.276 0.218
15 16 0.702 0.065
15 17 0.7 0.2
15 18 0.63 0.234
15 19 0.535 0.225
15 20 0.684 0.139
15 21 0.274 0.233
15 22 0.642 0.261
15 23 0.602 0.2
15 24 0.474 0.203
15 25 0.616 0.144
15 26 0.699 0.165
15 27 0.683 0.244
15 28 0.692 0.182
15 29 0.512 0.292
15 30 0.788 0.293
15 31 0.306 0.219
15 32 0.633 0.24
15 33 0.756 0.281
15 34 0.63 0.237
15 35 0.47 0.156
15 36 0.368 0.258
15 37 0.412 0.279
15 38 0.64 0.234
15 39 0.476 0.3
15 40 0.647 0.212
15 41 0.63 0.248
15 42 0.701 0.251
15 43 0.759 0.25
15 44 0.558 0.189
15 45 0.558 0.244
15 46 0.454 0.281
15 47 0.394 0.227
15 48 0.726 0.16
15 49 0.435 0.156
15 50 0.611 0.086
16 17 0.678 0.265
16 18 0.882 0.22
16 19 0.52 0.29
16 20 0.633 0.125
16 21 0.583 0.219
16 22 0.544 0.196
16 23 0.804 0.186
16 24 0.628 0.189
16 25 0.525 0.13
16 26 0.478 0.23
16 27 0.462 0.229
16 28 0.71 0.168
16 29 0.628 0.278
16 30 0.55 0.31
16 31 0.674 0.208
16 32 0.726 0.226
16 33 0.414 0.224
16 34 0.57 0.223
16 35 0.582 0.179
16 36 0.436 0.323
16 37 0.606 0.295
16 38 0.668 0.22
16 39 0.487 0.281
16 40 0.444 0.277
16 41 0.661 0.238
16 42 0.75 0.247
16 43 0.574 0.236
16 44 0.817 0.254
16 45 0.79 0.267
16 46 0.666 0.254
16 47 0.438 0.162
16 48 0.66 0.146
16 49 0.574 0.221
16 50 0.586 0.151
17 18 0.494 0.196
17 19 0.481 0.202
17 20 0.586 0.201
17 21 0.457 0.189
17 22 0.548 0.342
17 23 0.844 0.234
17 24 0.655 0.279
17 25 0.524 0.196
17 26 0.6 0.253
17 27 0.563 0.178
17 28 0.5 0.188
17 29 0.616 0.254
17 30 0.734 0.313
17 31 0.783 0.179
17 32 0.324 0.1
17 33 0.526 0.204
17 34 0.694 0.132
17 35 0.474 0.236
17 36 0.396 0.322
17 37 0.592 0.113
17 38 0.634 0.264
17 39 0.565 0.22
17 40 0.571 0.31
17 41 0.388 0.228
17 42 0.658 0.323
17 43 0.612 0.302
17 44 0.698 0.328
17 45 0.358 0.148
17 46 0.434 0.316
17 47 0.55 0.245
17 48 0.622 0.21
17 49 0.62 0.202
17 50 0.12 0.114
18 19 0.502 0.277
18 20 0.692 0.095
18 21 0.356 0.151
18 22 0.59 0.168
18 23 0.538 0.038
18 24 0.368 0.173
18 25 0.438 0.1
18 26 0.745 0.121
18 27 0.759 0.148
18 28 0.446 0.086
18 29 0.378 0.058
18 30 0.684 0.275
18 31 0.593 0.178
18 32 0.454 0.096
18 33 0.709 0.185
18 34 0.856 0.193
18 35 0.511 0.233
18 36 0.646 0.293
18 37 0.798 0.18
18 38 0.764 0.204
18 39 0.673 0.216
18 40 0.7 0.208
18 41 0.574 0.152
18 42 0.721 0.217
18 43 0.742 0.206
18 44 0.618 0.219
18 45 0.528 0.145
18 46 0.508 0.273
18 47 0.499 0.181
18 48 0.598 0.078
18 49 0.308 0.172
18 50 0.374 0.214
19 20 0.634 0.202
19 21 0.698 0.204
19 22 0.665 0.298
19 23 0.782 0.239
19 24 0.69 0.28
19 25 0.616 0.207
19 26 0.652 0.156
19 27 0.682 0.296
19 28 0.618 0.234
19 29 0.682 0.265
19 30 0.358 0.206
19 31 0.672 0.186
19 32 0.404 0.196
19 33 0.782 0.333
19 34 0.577 0.283
19 35 0.694 0.192
19 36 0.544 0.265
19 37 0.328 0.128
19 38 0.574 0.226
19 39 0.564 0.076
19 40 0.708 0.23
19 41 0.629 0.164
19 42 0.738 0.24
19 43 0.692 0.294
19 44 0.718 0.18
19 45 0.644 0.163
19 46 0.675 0.312
19 47 0.524 0.278
19 48 0.672 0.237
19 49 0.81 0.144
19 50 0.361 0.264
20 21 0.63 0.108
20 22 0.796 0.263
20 23 0.812 0.075
20 24 0.62 0.078
20 25 0.254 0.005
20 26 0.504 0.142
20 27 0.709 0.119
20 28 0.682 0.057
20 29 0.37 0.153
20 30 0.548 0.185
20 31 0.56 0.083
20 32 0.466 0.101
20 33 0.683 0.156
20 34 0.443 0.098
20 35 0.411 0.268
20 36 0.664 0.236
20 37 0.427 0.184
20 38 0.444 0.109
20 39 0.707 0.221
20 40 0.548 0.169
20 41 0.335 0.127
20 42 0.559 0.122
20 43 0.754 0.111
20 44 0.643 0.166
20 45 0.228 0.182
20 46 0.612 0.182
20 47 0.502 0.156
20 48 0.625 0.035
20 49 0.49 0.115
20 50 0.603 0.225
21 22 0.544 0.297
21 23 0.711 0.113
21 24 0.724 0.172
21 25 0.438 0.113
21 26 0.512 0.155
21 27 0.554 0.157
21 28 0.639 0.095
21 29 0.734 0.209
21 30 0.638 0.124
21 31 0.58 0.154
21 32 0.641 0.209
21 33 0.922 0.194
21 34 0.632 0.206
21 35 0.642 0.199
21 36 0.428 0.223
21 37 0.686 0.076
21 38 0.776 0.196
21 39 0.75 0.28
21 40 0.48 0.14
21 41 0.574 0.124
21 42 0.454 0.23
21 43 0.622 0.219
21 44 0.578 0.184
21 45 0.562 0.111
21 46 0.651 0.13
21 47 0.641 0.217
21 48 0.598 0.073
21 49 0.664 0.104
21 50 0.337 0.201
22 23 0.593 0.206
22 24 0.492 0.309
22 25 0.626 0.268
22 26 0.754 0.142
22 27 0.595 0.164
22 28 0.634 0.226
22 29 0.486 0.226
22 30 0.734 0.29
22 31 0.624 0.346
22 32 0.733 0.264
22 33 0.438 0.201
22 34 0.628 0.261
22 35 0.69 0.29
22 36 0.79 0.314
22 37 0.664 0.348
22 38 0.607 0.32
22 39 0.589 0.262
22 40 0.442 0.205
22 41 0.49 0.285
22 42 0.527 0.222
22 43 0.627 0.309
22 44 0.341 0.16
22 45 0.599 0.313
22 46 0.612 0.347
22 47 0.549 0.231
22 48 0.56 0.246
22 49 0.709 0.193
22 50 0.601 0.347
23 24 0.635 0.139
23 25 0.703 0.08
23 26 0.429 0.083
23 27 0.396 0.11
23 28 0.498 0.048
23 29 0.566 0.096
23 30 0.743 0.237
23 31 0.768 0.158
23 32 0.723 0.134
23 33 0.5 0.147
23 34 0.791 0.173
23 35 0.656 0.195
23 36 0.761 0.255
23 37 0.651 0.142
23 38 0.413 0.17
23 39 0.572 0.246
23 40 0.472 0.23
23 41 0.669 0.114
23 42 0.773 0.197
23 43 0.638 0.186
23 44 0.456 0.181
23 45 0.584 0.107
23 46 0.714 0.235
23 47 0.419 0.143
23 48 0.525 0.04
23 49 0.557 0.134
23 50 0.79 0.252
24 25 0.554 0.083
24 26 0.458 0.22
24 27 0.576 0.145
24 28 0.491 0.121
24 29 0.746 0.231
24 30 0.596 0.253
24 31 0.78 0.161
24 32 0.674 0.179
24 33 0.341 0.14
24 34 0.716 0.176
24 35 0.576 0.218
24 36 0.71 0.258
24 37 0.43 0.213
24 38 0.768 0.173
24 39 0.45 0.264
24 40 0.554 0.233
24 41 0.636 0.191
24 42 0.707 0.1
24 43 0.54 0.189
24 44 0.667 0.162
24 45 0.422 0.246
24 46 0.292 0.104
24 47 0.637 0.078
24 48 0.869 0.099
24 49 0.676 0.193
24 50 0.606 0.289
25 26 0.522 0.147
25 27 0.51 0.124
25 28 0.474 0.062
25 29 0.561 0.158
25 30 0.672 0.19
25 31 0.31 0.078
25 32 0.212 0.096
25 33 0.568 0.161
25 34 0.53 0.093
25 35 0.665 0.273
25 36 0.436 0.231
25 37 0.476 0.189
25 38 0.392 0.114
25 39 0.453 0.216
25 40 0.541 0.174
25 41 0.136 0.132
25 42 0.546 0.127
25 43 0.5 0.106
25 44 0.77 0.171
25 45 0.482 0.187
25 46 0.68 0.187
25 47 0.488 0.161
25 48 0.426 0.04
25 49 0.252 0.11
25 50 0.404 0.23
26 27 0.678 0.193
26 28 0.696 0.131
26 29 0.672 0.179
26 30 0.314 0.224
26 31 0.636 0.225
26 32 0.734 0.217
26 33 0.462 0.23
26 34 0.362 0.24
26 35 0.506 0.199
26 36 0.522 0.172
26 37 0.474 0.225
26 38 0.516 0.178
26 39 0.682 0.231
26 40 0.642 0.159
26 41 0.658 0.143
26 42 0.618 0.182
26 43 0.567 0.253
26 44 0.554 0.12
26 45 0.66 0.19
26 46 0.591 0.241
26 47 0.709 0.185
26 48 0.568 0.123
26 49 0.774 0.051
26 50 0.48 0.251
27 28 0.323 0.062
27 29 0.53 0.206
27 30 0.736 0.136
27 31 0.62 0.202
27 32 0.652 0.22
27 33 0.571 0.037
27 34 0.592 0.217
27 35 0.714 0.149
27 36 0.816 0.155
27 37 0.36 0.233
27 38 0.551 0.214
27 39 0.602 0.26
27 40 0.632 0.23
27 41 0.374 0.132
27 42 0.532 0.212
27 43 0.434 0.145
27 44 0.579 0.15
27 45 0.789 0.217
27 46 0.548 0.185
27 47 0.57 0.067
27 48 0.664 0.084
27 49 0.631 0.172
27 50 0.618 0.228
28 29 0.53 0.144
28 30 0.596 0.198
28 31 0.752 0.14
28 32 0.56 0.158
28 33 0.668 0.099
28 34 0.41 0.155
28 35 0.567 0.211
28 36 0.67 0.217
28 37 0.514 0.171
28 38 0.655 0.152
28 39 0.319 0.198
28 40 0.554 0.198
28 41 0.61 0.07
28 42 0.275 0.179
28 43 0.512 0.168
28 44 0.517 0.212
28 45 0.482 0.155
28 46 0.37 0.218
28 47 0.578 0.129
28 48 0.486 0.022
28 49 0.308 0.11
28 50 0.618 0.245
29 30 0.693 0.278
29 31 0.251 0.188
29 32 0.6 0.154
29 33 0.525 0.24
29 34 0.673 0.251
29 35 0.461 0.291
29 36 0.614 0.351
29 37 0.642 0.238
29 38 0.644 0.262
29 39 0.609 0.189
29 40 0.605 0.15
29 41 0.638 0.21
29 42 0.508 0.275
29 43 0.774 0.264
29 44 0.74 0.277
29 45 0.596 0.203
29 46 0.785 0.292
29 47 0.298 0.178
29 48 0.431 0.136
29 49 0.334 0.23
29 50 0.56 0.272
30 31 0.488 0.268
30 32 0.762 0.286
30 33 0.638 0.173
30 34 0.54 0.283
30 35 0.483 0.257
30 36 0.712 0.291
30 37 0.376 0.2
30 38 0.491 0.27
30 39 0.702 0.282
30 40 0.35 0.154
30 41 0.747 0.248
30 42 0.464 0.252
30 43 0.494 0.253
30 44 0.457 0.248
30 45 0.51 0.235
30 46 0.708 0.254
30 47 0.395 0.175
30 48 0.748 0.197
30 49 0.519 0.198
30 50 0.719 0.23
31 32 0.522 0.174
31 33 0.749 0.239
31 34 0.422 0.171
31 35 0.712 0.28
31 36 0.526 0.309
31 37 0.391 0.157
31 38 0.651 0.192
31 39 0.672 0.262
31 40 0.354 0.16
31 41 0.395 0.21
31 42 0.759 0.205
31 43 0.81 0.184
31 44 0.624 0.249
31 45 0.616 0.192
31 46 0.534 0.265
31 47 0.529 0.239
31 48 0.682 0.118
31 49 0.562 0.188
31 50 0.663 0.293
32 33 0.606 0.257
32 34 0.474 0.189
32 35 0.55 0.328
32 36 0.29 0.258
32 37 0.688 0.213
32 38 0.31 0.17
32 39 0.241 0.12
32 40 0.702 0.25
32 41 0.348 0.13
32 42 0.334 0.223
32 43 0.288 0.202
32 44 0.64 0.267
32 45 0.412 0.241
32 46 0.568 0.232
32 47 0.552 0.257
32 48 0.638 0.136
32 49 0.464 0.206
32 50 0.304 0.214
33 34 0.404 0.254
33 35 0.58 0.186
33 36 0.578 0.118
33 37 0.606 0.212
33 38 0.573 0.251
33 39 0.543 0.286
33 40 0.673 0.267
33 41 0.432 0.169
33 42 0.868 0.24
33 43 0.622 0.182
33 44 0.731 0.187
33 45 0.625 0.247
33 46 0.548 0.18
33 47 0.491 0.062
33 48 0.722 0.121
33 49 0.505 0.209
33 50 0.604 0.265
34 35 0.468 0.291
34 36 0.717 0.324
34 37 0.486 0.245
34 38 0.753 0.207
34 39 0.621 0.236
34 40 0.67 0.267
34 41 0.632 0.225
34 42 0.556 0.22
34 43 0.734 0.199
34 44 0.596 0.264
34 45 0.52 0.265
34 46 0.708 0.28
34 47 0.691 0.209
34 48 0.8 0.133
34 49 0.558 0.203
34 50 0.667 0.246
35 36 0.661 0.304
35 37 0.702 0.123
35 38 0.816 0.272
35 39 0.552 0.208
35 40 0.768 0.251
35 41 0.582 0.208
35 42 0.762 0.287
35 43 0.486 0.218
35 44 0.714 0.299
35 45 0.519 0.088
35 46 0.697 0.258
35 47 0.532 0.14
35 48 0.731 0.233
35 49 0.684 0.25
35 50 0.383 0.242
36 37 0.772 0.299
36 38 0.348 0.248
36 39 0.531 0.341
36 40 0.588 0.229
36 41 0.572 0.213
36 42 0.624 0.335
36 43 0.578 0.3
36 44 0.86 0.273
36 45 0.54 0.308
36 46 0.494 0.224
36 47 0.482 0.18
36 48 0.466 0.239
36 49 0.362 0.121
36 50 0.468 0.344
37 38 0.832 0.2
37 39 0.631 0.204
37 40 0.724 0.216
37 41 0.612 0.193
37 42 0.47 0.306
37 43 0.422 0.268
37 44 0.514 0.26
37 45 0.655 0.035
37 46 0.722 0.206
37 47 0.771 0.259
37 48 0.486 0.149
37 49 0.684 0.18
37 50 0.689 0.227
38 39 0.336 0.238
38 40 0.719 0.116
38 41 0.256 0.219
38 42 0.438 0.231
38 43 0.598 0.104
38 44 0.64 0.18
38 45 0.566 0.235
38 46 0.476 0.258
38 47 0.346 0.212
38 48 0.546 0.13
38 49 0.642 0.127
38 50 0.524 0.15
39 40 0.532 0.239
39 41 0.589 0.24
39 42 0.575 0.164
39 43 0.529 0.322
39 44 0.422 0.208
39 45 0.611 0.239
39 46 0.586 0.327
39 47 0.311 0.235
39 48 0.705 0.22
39 49 0.51 0.22
39 50 0.545 0.288
40 41 0.644 0.128
40 42 0.624 0.25
40 43 0.62 0.184
40 44 0.783 0.188
40 45 0.717 0.251
40 46 0.616 0.142
40 47 0.698 0.221
40 48 0.776 0.19
40 49 0.52 0.108
40 50 0.691 0.266
41 42 0.493 0.234
41 43 0.471 0.238
41 44 0.684 0.172
41 45 0.563 0.221
41 46 0.582 0.148
41 47 0.352 0.199
41 48 0.29 0.092
41 49 0.388 0.092
41 50 0.268 0.175
42 43 0.53 0.233
42 44 0.76 0.062
42 45 0.331 0.294
42 46 0.645 0.204
42 47 0.645 0.178
42 48 0.761 0.157
42 49 0.583 0.214
42 50 0.571 0.337
43 44 0.506 0.277
43 45 0.698 0.293
43 46 0.784 0.254
43 47 0.806 0.136
43 48 0.633 0.146
43 49 0.7 0.216
43 50 0.514 0.254
44 45 0.684 0.288
44 46 0.504 0.266
44 47 0.442 0.217
44 48 0.394 0.201
44 49 0.688 0.152
44 50 0.704 0.275
45 46 0.619 0.241
45 47 0.64 0.228
45 48 0.48 0.147
45 49 0.262 0.187
45 50 0.478 0.262
46 47 0.718 0.118
46 48 0.577 0.203
46 49 0.678 0.234
46 50 0.314 0.202
47 48 0.394 0.151
47 49 0.484 0.185
47 50 0.62 0.219
48 49 0.523 0.132
48 50 0.502 0.246
49 50 0.656 0.226
node_demand
0.225
0.1
0.025
0.025
0.175
0.125
0.125
0.175
0.2
0.05
0.025
0.125
0.2
0.025
0.15
0.15
0.125
0.225
0.05
0.1
0.025
0.2
0.025
0.075
0.05
0.125
0.075
0.2
0.1
0.125
0.025
0.2
0.225
0.225
0.225
0.2
0.075
0.2
0.025
0.125
0.15
0.1
0.125
0.125
0.125
0.225
0.025
0.175
0.125
0.225
