50
0 1 0.764 0.278
0 2 0.672 0.239
0 3 0.634 0.228
0 4 0.618 0.323
0 5 0.565 0.222
0 6 0.626 0.252
0 7 0.704 0.316
0 8 0.652 0.068
0 9 0.658 0.303
0 10 0.22 0.194
0 11 0.441 0.189
0 12 0.57 0.237
0 13 0.463 0.288
0 14 0.564 0.189
0 15 0.551 0.302
0 16 0.53 0.311
0 17 0.625 0.28
0 18 0.751 0.184
0 19 0.558 0.178
0 20 0.525 0.308
0 21 0.546 0.311
0 22 0.708 0.245
0 23 0.62 0.262
0 24 0.581 0.224
0 25 0.726 0.239
0 26 0.242 0.078
0 27 0.501 0.25
0 28 0.68 0.154
0 29 0.542 0.258
0 30 0.677 0.255
0 31 0.418 0.211
0 32 0.554 0.206
0 33 0.609 0.25
0 34 0.59 0.276
0 35 0.708 0.302
0 36 0.2 0.079
0 37 0.512 0.116
0 38 0.732 0.274
0 39 0.605 0.234
0 40 0.53 0.273
0 41 0.516 0.364
0 42 0.69 0.246
0 43 0.496 0.138
0 44 0.824 0.233
0 45 0.664 0.133
0 46 0.638 0.242
0 47 0.402 0.265
0 48 0.472 0.312
0 49 0.733 0.236
0 50 0.734 0.294
1 2 0.572 0.279
1 3 0.711 0.297
1 4 0.586 0.341
1 5 0.594 0.227
1 6 0.733 0.271
1 7 0.478 0.287
1 8 0.584 0.346
1 9 0.753 0.34
1 10 0.618 0.166
1 11 0.682 0.228
1 12 0.496 0.284
1 13 0.492 0.211
1 14 0.615 0.163
1 15 0.728 0.307
1 16 0.436 0.324
1 17 0.722 0.256
1 18 0.689 0.094
1 19 0.356 0.311
1 20 0.71 0.35
1 21 0.544 0.325
1 22 0.685 0.244
1 23 0.7 0.237
1 24 0.322 0.316
1 25 0.548 0.113
1 26 0.666 0.2
1 27 0.599 0.239
1 28 0.57 0.338
1 29 0.69 0.296
1 30 0.546 0.305
1 31 0.54 0.21
1 32 0.54 0.211
1 33 0.546 0.222
1 34 0.302 0.152
1 35 0.476 0.216
1 36 0.564 0.338
1 37 0.492 0.162
1 38 0.764 0.286
1 39 0.634 0.239
1 40 0.757 0.282
1 41 0.546 0.16
1 42 0.372 0.156
1 43 0.498 0.299
1 44 0.694 0.257
1 45 0.841 0.255
1 46 0.681 0.227
1 47 0.564 0.288
1 48 0.416 0.234
1 49 0.738 0.271
1 50 0.52 0.298
2 3 0.52 0.253
2 4 0.554 0.314
2 5 0.539 0.259
2 6 0.471 0.307
2 7 0.713 0.268
2 8 0.268 0.236
2 9 0.316 0.127
2 10 0.56 0.326
2 11 0.444 0.226
2 12 0.543 0.35
2 13 0.46 0.21
2 14 0.451 0.259
2 15 0.506 0.339
2 16 0.516 0.294
2 17 0.64 0.308
2 18 0.614 0.327
2 19 0.486 0.296
2 20 0.55 0.375
2 21 0.74 0.324
2 22 0.531 0.255
2 23 0.479 0.236
2 24 0.348 0.291
2 25 0.557 0.309
2 26 0.462 0.221
2 27 0.384 0.328
2 28 0.72 0.322
2 29 0.472 0.188
2 30 0.68 0.321
2 31 0.676 0.248
2 32 0.586 0.243
2 33 0.727 0.27
2 34 0.27 0.151
2 35 0.549 0.063
2 36 0.685 0.318
2 37 0.51 0.259
2 38 0.643 0.285
2 39 0.579 0.271
2 40 0.214 0.21
2 41 0.55 0.406
2 42 0.556 0.3
2 43 0.451 0.298
2 44 0.472 0.255
2 45 0.588 0.276
2 46 0.792 0.348
2 47 0.64 0.287
2 48 0.692 0.25
2 49 0.476 0.295
2 50 0.516 0.303
3 4 0.726 0.243
3 5 0.758 0.13
3 6 0.45 0.221
3 7 0.596 0.224
3 8 0.676 0.194
3 9 0.542 0.126
3 10 0.414 0.214
3 11 0.632 0.163
3 12 0.61 0.287
3 13 0.252 0.206
3 14 0.79 0.24
3 15 0.642 0.21
3 16 0.748 0.083
3 17 0.547 0.337
3 18 0.72 0.203
3 19 0.488 0.092
3 20 0.508 0.31
3 21 0.507 0.219
3 22 0.483 0.185
3 23 0.732 0.232
3 24 0.502 0.296
3 25 0.372 0.2
3 26 0.871 0.15
3 27 0.731 0.164
3 28 0.754 0.28
3 29 0.528 0.065
3 30 0.699 0.297
3 31 0.724 0.151
3 32 0.559 0.146
3 33 0.584 0.246
3 34 0.442 0.265
3 35 0.447 0.314
3 36 0.523 0.191
3 37 0.464 0.188
3 38 0.758 0.199
3 39 0.718 0.118
3 40 0.616 0.227
3 41 0.478 0.35
3 42 0.62 0.205
3 43 0.627 0.252
3 44 0.792 0.205
3 45 0.619 0.19
3 46 0.728 0.336
3 47 0.558 0.292
3 48 0.564 0.226
3 49 0.418 0.042
3 50 0.553 0.208
4 5 0.26 0.114
4 6 0.276 0.192
4 7 0.428 0.208
4 8 0.594 0.264
4 9 0.639 0.319
4 10 0.678 0.279
4 11 0.731 0.147
4 12 0.602 0.271
4 13 0.546 0.225
4 14 0.578 0.27
4 15 0.856 0.194
4 16 0.419 0.16
4 17 0.466 0.122
4 18 0.581 0.247
4 19 0.481 0.255
4 20 0.57 0.27
4 21 0.386 0.218
4 22 0.31 0.112
4 23 0.501 0.199
4 24 0.766 0.314
4 25 0.64 0.232
4 26 0.376 0.265
4 27 0.474 0.285
4 28 0.581 0.218
4 29 0.526 0.276
4 30 0.668 0.068
4 31 0.59 0.135
4 32 0.602 0.13
4 33 0.527 0.223
4 34 0.602 0.276
4 35 0.714 0.304
4 36 0.656 0.244
4 37 0.722 0.286
4 38 0.644 0.214
4 39 0.3 0.126
4 40 0.593 0.266
4 41 0.507 0.292
4 42 0.784 0.27
4 43 0.705 0.208
4 44 0.666 0.191
4 45 0.636 0.282
4 46 0.68 0.271
4 47 0.62 0.224
4 48 0.75 0.139
4 49 0.61 0.202
4 50 0.358 0.303
5 6 0.536 0.1
5 7 0.174 0.094
5 8 0.712 0.188
5 9 0.379 0.205
5 10 0.682 0.205
5 11 0.484 0.033
5 12 0.658 0.157
5 13 0.518 0.168
5 14 0.624 0.156
5 15 0.636 0.08
5 16 0.679 0.213
5 17 0.302 0.207
5 18 0.632 0.133
5 19 0.607 0.198
5 20 0.38 0.204
5 21 0.511 0.161
5 22 0.533 0.055
5 23 0.418 0.142
5 24 0.684 0.2
5 25 0.454 0.118
5 26 0.563 0.191
5 27 0.364 0.184
5 28 0.57 0.161
5 29 0.455 0.162
5 30 0.524 0.182
5 31 0.46 0.021
5 32 0.342 0.016
5 33 0.267 0.149
5 34 0.342 0.162
5 35 0.454 0.247
5 36 0.621 0.143
5 37 0.462 0.185
5 38 0.528 0.122
5 39 0.04 0.012
5 40 0.538 0.152
5 41 0.525 0.235
5 42 0.524 0.156
5 43 0.727 0.228
5 44 0.687 0.077
5 45 0.537 0.198
5 46 0.42 0.214
5 47 0.57 0.186
5 48 0.49 0.224
5 49 0.53 0.088
5 50 0.56 0.189
6 7 0.558 0.156
6 8 0.548 0.184
6 9 0.553 0.259
6 10 0.571 0.105
6 11 0.567 0.101
6 12 0.653 0.223
6 13 0.441 0.215
6 14 0.666 0.204
6 15 0.758 0.18
6 16 0.666 0.263
6 17 0.256 0.182
6 18 0.496 0.177
6 19 0.454 0.129
6 20 0.621 0.177
6 21 0.659 0.229
6 22 0.586 0.123
6 23 0.637 0.21
6 24 0.687 0.261
6 25 0.675 0.186
6 26 0.484 0.227
6 27 0.697 0.131
6 28 0.646 0.229
6 29 0.357 0.198
6 30 0.478 0.128
6 31 0.617 0.089
6 32 0.546 0.084
6 33 0.372 0.049
6 34 0.546 0.156
6 35 0.629 0.304
6 36 0.627 0.211
6 37 0.624 0.245
6 38 0.528 0.022
6 39 0.576 0.112
6 40 0.381 0.098
6 41 0.38 0.196
6 42 0.629 0.224
6 43 0.523 0.268
6 44 0.54 0.145
6 45 0.544 0.266
6 46 0.486 0.282
6 47 0.425 0.21
6 48 0.588 0.199
6 49 0.591 0.188
6 50 0.5 0.208
7 8 0.584 0.282
7 9 0.553 0.227
7 10 0.638 0.174
7 11 0.453 0.127
7 12 0.711 0.251
7 13 0.344 0.076
7 14 0.596 0.25
7 15 0.718 0.174
7 16 0.592 0.307
7 17 0.476 0.144
7 18 0.606 0.227
7 19 0.625 0.272
7 20 0.554 0.246
7 21 0.624 0.19
7 22 0.529 0.149
7 23 0.277 0.102
7 24 0.641 0.26
7 25 0.346 0.212
7 26 0.5 0.285
7 27 0.538 0.2
7 28 0.645 0.255
7 29 0.542 0.217
7 30 0.488 0.198
7 31 0.286 0.115
7 32 0.516 0.11
7 33 0.441 0.118
7 34 0.516 0.135
7 35 0.628 0.331
7 36 0.646 0.237
7 37 0.54 0.279
7 38 0.542 0.178
7 39 0.214 0.106
7 40 0.532 0.058
7 41 0.642 0.281
7 42 0.615 0.247
7 43 0.553 0.282
7 44 0.81 0.171
7 45 0.711 0.292
7 46 0.441 0.308
7 47 0.532 0.097
7 48 0.664 0.269
7 49 0.471 0.182
7 50 0.529 0.279
8 9 0.584 0.32
8 10 0.724 0.262
8 11 0.5 0.221
8 12 0.422 0.305
8 13 0.424 0.262
8 14 0.418 0.257
8 15 0.414 0.268
8 16 0.77 0.277
8 17 0.56 0.344
8 18 0.66 0.252
8 19 0.582 0.246
8 20 0.714 0.267
8 21 0.801 0.298
8 22 0.773 0.192
8 23 0.742 0.279
8 24 0.588 0.183
8 25 0.404 0.293
8 26 0.73 0.146
8 27 0.502 0.315
8 28 0.792 0.086
8 29 0.708 0.259
8 30 0.71 0.312
8 31 0.616 0.209
8 32 0.642 0.204
8 33 0.675 0.233
8 34 0.538 0.321
8 35 0.569 0.299
8 36 0.741 0.147
8 37 0.708 0.184
8 38 0.7 0.206
8 39 0.672 0.176
8 40 0.482 0.282
8 41 0.818 0.296
8 42 0.744 0.266
8 43 0.719 0.206
8 44 0.616 0.265
8 45 0.772 0.201
8 46 0.524 0.31
8 47 0.774 0.333
8 48 0.468 0.332
8 49 0.49 0.236
8 50 0.5 0.344
9 10 0.729 0.311
9 11 0.329 0.172
9 12 0.6 0.296
9 13 0.313 0.151
9 14 0.565 0.277
9 15 0.55 0.285
9 16 0.704 0.209
9 17 0.324 0.216
9 18 0.459 0.263
9 19 0.744 0.218
9 20 0.546 0.327
9 21 0.738 0.215
9 22 0.41 0.228
9 23 0.779 0.177
9 24 0.494 0.375
9 25 0.786 0.227
9 26 0.75 0.241
9 27 0.501 0.201
9 28 0.513 0.325
9 29 0.304 0.061
9 30 0.546 0.27
9 31 0.767 0.194
9 32 0.471 0.189
9 33 0.622 0.283
9 34 0.503 0.21
9 35 0.645 0.19
9 36 0.57 0.282
9 37 0.589 0.252
9 38 0.596 0.281
9 39 0.419 0.217
9 40 0.53 0.285
9 41 0.704 0.319
9 42 0.381 0.201
9 43 0.715 0.357
9 44 0.44 0.128
9 45 0.642 0.186
9 46 0.762 0.382
9 47 0.728 0.324
9 48 0.623 0.341
9 49 0.44 0.168
9 50 0.488 0.176
10 11 0.661 0.206
10 12 0.522 0.118
10 13 0.666 0.16
10 14 0.698 0.214
10 15 0.608 0.285
10 16 0.75 0.158
10 17 0.405 0.265
10 18 0.592 0.072
10 19 0.603 0.21
10 20 0.666 0.184
10 21 0.722 0.274
10 22 0.705 0.221
10 23 0.745 0.134
10 24 0.622 0.268
10 25 0.721 0.222
10 26 0.462 0.122
10 27 0.36 0.138
10 28 0.722 0.316
10 29 0.7 0.274
10 30 0.627 0.211
10 31 0.638 0.194
10 32 0.683 0.189
10 33 0.703 0.056
10 34 0.674 0.219
10 35 0.686 0.31
10 36 0.42 0.273
10 37 0.636 0.14
10 38 0.512 0.127
10 39 0.684 0.217
10 40 0.573 0.116
10 41 0.411 0.301
10 42 0.47 0.134
10 43 0.401 0.288
10 44 0.863 0.235
10 45 0.816 0.177
10 46 0.709 0.205
10 47 0.622 0.271
10 48 0.456 0.164
10 49 0.729 0.256
10 50 0.514 0.217
11 12 0.616 0.124
11 13 0.553 0.169
11 14 0.714 0.157
11 15 0.677 0.113
11 16 0.755 0.246
11 17 0.432 0.208
11 18 0.546 0.134
11 19 0.495 0.199
11 20 0.603 0.214
11 21 0.677 0.162
11 22 0.632 0.056
11 23 0.555 0.143
11 24 0.531 0.233
11 25 0.457 0.119
11 26 0.454 0.192
11 27 0.412 0.185
11 28 0.595 0.162
11 29 0.531 0.178
11 30 0.426 0.201
11 31 0.56 0.022
11 32 0.142 0.017
11 33 0.73 0.15
11 34 0.504 0.195
11 35 0.731 0.248
11 36 0.241 0.11
11 37 0.584 0.186
11 38 0.698 0.123
11 39 0.444 0.045
11 40 0.658 0.185
11 41 0.517 0.236
11 42 0.434 0.157
11 43 0.481 0.261
11 44 0.734 0.044
11 45 0.662 0.165
11 46 0.459 0.215
11 47 0.443 0.216
11 48 0.294 0.191
11 49 0.488 0.121
11 50 0.681 0.19
12 13 0.58 0.278
12 14 0.435 0.281
12 15 0.254 0.236
12 16 0.621 0.226
12 17 0.576 0.332
12 18 0.475 0.19
12 19 0.41 0.235
12 20 0.475 0.302
12 21 0.664 0.286
12 22 0.653 0.18
12 23 0.634 0.252
12 24 0.511 0.306
12 25 0.365 0.243
12 26 0.513 0.207
12 27 0.391 0.256
12 28 0.734 0.286
12 29 0.296 0.269
12 30 0.639 0.31
12 31 0.727 0.146
12 32 0.474 0.141
12 33 0.417 0.174
12 34 0.52 0.317
12 35 0.734 0.308
12 36 0.665 0.158
12 37 0.674 0.245
12 38 0.801 0.238
12 39 0.618 0.169
12 40 0.743 0.234
12 41 0.512 0.262
12 42 0.602 0.239
12 43 0.584 0.17
12 44 0.632 0.168
12 45 0.706 0.152
12 46 0.308 0.271
12 47 0.722 0.34
12 48 0.397 0.272
12 49 0.722 0.245
12 50 0.38 0.248
13 14 0.606 0.292
13 15 0.616 0.248
13 16 0.572 0.289
13 17 0.48 0.22
13 18 0.468 0.232
13 19 0.638 0.245
13 20 0.558 0.271
13 21 0.546 0.114
13 22 0.352 0.113
13 23 0.621 0.026
13 24 0.754 0.224
13 25 0.61 0.244
13 26 0.682 0.21
13 27 0.722 0.276
13 28 0.623 0.219
13 29 0.284 0.141
13 30 0.447 0.176
13 31 0.63 0.147
13 32 0.411 0.152
13 33 0.647 0.194
13 34 0.19 0.059
13 35 0.332 0.273
13 36 0.663 0.268
13 37 0.716 0.248
13 38 0.571 0.193
13 39 0.558 0.18
13 40 0.674 0.134
13 41 0.528 0.205
13 42 0.476 0.208
13 43 0.787 0.206
13 44 0.65 0.213
13 45 0.733 0.265
13 46 0.479 0.272
13 47 0.56 0.173
13 48 0.689 0.247
13 49 0.67 0.248
13 50 0.439 0.252
14 15 0.689 0.236
14 16 0.828 0.323
14 17 0.563 0.276
14 18 0.643 0.217
14 19 0.61 0.148
14 20 0.812 0.286
14 21 0.59 0.285
14 22 0.622 0.179
14 23 0.718 0.266
14 24 0.545 0.257
14 25 0.65 0.05
14 26 0.496 0.111
14 27 0.476 0.076
14 28 0.591 0.285
14 29 0.493 0.291
14 30 0.48 0.293
14 31 0.504 0.145
14 32 0.572 0.14
14 33 0.76 0.158
14 34 0.612 0.312
14 35 0.763 0.196
14 36 0.558 0.247
14 37 0.694 0.149
14 38 0.57 0.206
14 39 0.664 0.168
14 40 0.421 0.218
14 41 0.789 0.323
14 42 0.326 0.236
14 43 0.706 0.236
14 44 0.653 0.201
14 45 0.354 0.166
14 46 0.559 0.208
14 47 0.356 0.263
14 48 0.486 0.222
14 49 0.372 0.208
14 50 0.345 0.244
15 16 0.474 0.18
15 17 0.502 0.287
15 18 0.564 0.213
15 19 0.648 0.24
15 20 0.632 0.284
15 21 0.702 0.241
15 22 0.646 0.135
15 23 0.888 0.222
15 24 0.76 0.28
15 25 0.619 0.198
15 26 0.668 0.271
15 27 0.645 0.264
15 28 0.748 0.238
15 29 0.55 0.242
15 30 0.578 0.262
15 31 0.652 0.101
15 32 0.624 0.096
15 33 0.671 0.229
15 34 0.426 0.242
15 35 0.729 0.3
15 36 0.67 0.223
15 37 0.502 0.265
15 38 0.74 0.202
15 39 0.676 0.092
15 40 0.489 0.232
15 41 0.703 0.315
15 42 0.712 0.236
15 43 0.838 0.282
15 44 0.828 0.157
15 45 0.816 0.242
15 46 0.562 0.294
15 47 0.468 0.266
15 48 0.504 0.304
15 49 0.643 0.168
15 50 0.634 0.269
16 17 0.41 0.282
16 18 0.634 0.23
16 19 0.26 0.175
16 20 0.477 0.282
16 21 0.438 0.302
16 22 0.516 0.268
16 23 0.471 0.264
16 24 0.391 0.214
16 25 0.5 0.283
16 26 0.587 0.233
16 27 0.419 0.247
16 28 0.62 0.311
16 29 0.714 0.148
16 30 0.608 0.228
16 31 0.649 0.234
16 32 0.7 0.229
16 33 0.558 0.214
16 34 0.633 0.348
16 35 0.44 0.231
16 36 0.618 0.274
16 37 0.444 0.271
16 38 0.672 0.282
16 39 0.708 0.201
16 40 0.492 0.274
16 41 0.41 0.28
16 42 0.808 0.288
16 43 0.489 0.335
16 44 0.782 0.288
16 45 0.563 0.265
16 46 0.783 0.363
16 47 0.615 0.375
16 48 0.737 0.299
16 49 0.619 0.125
16 50 0.492 0.291
17 18 0.33 0.232
17 19 0.561 0.259
17 20 0.674 0.31
17 21 0.733 0.258
17 22 0.678 0.152
17 23 0.638 0.204
17 24 0.577 0.33
17 25 0.55 0.283
17 26 0.578 0.202
17 27 0.594 0.271
17 28 0.736 0.258
17 29 0.613 0.277
17 30 0.222 0.054
17 31 0.756 0.186
17 32 0.29 0.191
17 33 0.298 0.209
17 34 0.644 0.279
17 35 0.513 0.344
17 36 0.564 0.23
17 37 0.368 0.164
17 38 0.272 0.204
17 39 0.342 0.219
17 40 0.516 0.202
17 41 0.636 0.332
17 42 0.582 0.294
17 43 0.628 0.194
17 44 0.586 0.252
17 45 0.66 0.257
17 46 0.597 0.298
17 47 0.62 0.21
17 48 0.464 0.125
17 49 0.686 0.295
17 50 0.544 0.364
18 19 0.732 0.274
18 20 0.344 0.256
18 21 0.58 0.262
18 22 0.348 0.156
18 23 0.362 0.206
18 24 0.625 0.252
18 25 0.722 0.207
18 26 0.652 0.106
18 27 0.619 0.21
18 28 0.53 0.244
18 29 0.536 0.202
18 30 0.521 0.211
18 31 0.722 0.122
18 32 0.609 0.117
18 33 0.628 0.128
18 34 0.563 0.211
18 35 0.795 0.279
18 36 0.66 0.244
18 37 0.698 0.068
18 38 0.602 0.199
18 39 0.672 0.145
18 40 0.636 0.188
18 41 0.418 0.254
18 42 0.317 0.062
18 43 0.534 0.237
18 44 0.414 0.163
18 45 0.451 0.161
18 46 0.672 0.133
18 47 0.732 0.316
18 48 0.279 0.14
18 49 0.476 0.221
18 50 0.744 0.289
19 20 0.644 0.282
19 21 0.254 0.181
19 22 0.384 0.143
19 23 0.641 0.23
19 24 0.567 0.296
19 25 0.675 0.198
19 26 0.738 0.242
19 27 0.243 0.072
19 28 0.522 0.249
19 29 0.612 0.157
19 30 0.659 0.205
19 31 0.544 0.177
19 32 0.637 0.182
19 33 0.677 0.154
19 34 0.64 0.186
19 35 0.633 0.335
19 36 0.358 0.099
19 37 0.689 0.28
19 38 0.412 0.107
19 39 0.567 0.21
19 40 0.608 0.214
19 41 0.621 0.281
19 42 0.616 0.297
19 43 0.346 0.16
19 44 0.57 0.243
19 45 0.731 0.282
19 46 0.718 0.253
19 47 0.488 0.285
19 48 0.583 0.134
19 49 0.735 0.134
19 50 0.598 0.293
20 21 0.592 0.264
20 22 0.26 0.158
20 23 0.652 0.245
20 24 0.741 0.084
20 25 0.622 0.289
20 26 0.691 0.23
20 27 0.734 0.21
20 28 0.531 0.181
20 29 0.733 0.358
20 30 0.657 0.283
20 31 0.686 0.192
20 32 0.552 0.197
20 33 0.432 0.128
20 34 0.532 0.298
20 35 0.524 0.35
20 36 0.703 0.324
20 37 0.546 0.268
20 38 0.724 0.199
20 39 0.42 0.192
20 40 0.504 0.188
20 41 0.554 0.338
20 42 0.628 0.318
20 43 0.52 0.22
20 44 0.367 0.258
20 45 0.708 0.285
20 46 0.516 0.256
20 47 0.501 0.336
20 48 0.623 0.348
20 49 0.44 0.268
20 50 0.733 0.288
21 22 0.407 0.106
21 23 0.523 0.14
21 24 0.546 0.309
21 25 0.658 0.237
21 26 0.668 0.28
21 27 0.497 0.253
21 28 0.678 0.212
21 29 0.44 0.154
21 30 0.574 0.262
21 31 0.61 0.14
21 32 0.55 0.145
21 33 0.61 0.278
21 34 0.604 0.173
21 35 0.778 0.298
21 36 0.436 0.272
21 37 0.542 0.314
21 38 0.666 0.251
21 39 0.471 0.173
21 40 0.562 0.248
21 41 0.367 0.212
21 42 0.62 0.263
21 43 0.546 0.32
21 44 0.756 0.206
21 45 0.477 0.276
21 46 0.69 0.265
21 47 0.234 0.126
21 48 0.52 0.315
21 49 0.586 0.249
21 50 0.344 0.186
22 23 0.523 0.087
22 24 0.772 0.203
22 25 0.664 0.131
22 26 0.653 0.204
22 27 0.627 0.197
22 28 0.271 0.106
22 29 0.473 0.2
22 30 0.716 0.156
22 31 0.522 0.034
22 32 0.5 0.039
22 33 0.692 0.172
22 34 0.542 0.172
22 35 0.522 0.192
22 36 0.508 0.166
22 37 0.593 0.208
22 38 0.702 0.145
22 39 0.493 0.067
22 40 0.745 0.207
22 41 0.294 0.18
22 42 0.624 0.179
22 43 0.728 0.263
22 44 0.554 0.1
22 45 0.713 0.17
22 46 0.545 0.159
22 47 0.641 0.228
22 48 0.474 0.21
22 49 0.7 0.143
22 50 0.522 0.212
23 24 0.516 0.198
23 25 0.36 0.218
23 26 0.574 0.184
23 27 0.488 0.272
23 28 0.368 0.193
23 29 0.559 0.167
23 30 0.435 0.15
23 31 0.36 0.121
23 32 0.413 0.126
23 33 0.531 0.19
23 34 0.6 0.085
23 35 0.569 0.279
23 36 0.65 0.242
23 37 0.569 0.222
23 38 0.366 0.219
23 39 0.458 0.154
23 40 0.693 0.16
23 41 0.594 0.231
23 42 0.635 0.234
23 43 0.344 0.232
23 44 0.776 0.187
23 45 0.59 0.239
23 46 0.716 0.246
23 47 0.614 0.199
23 48 0.641 0.221
23 49 0.63 0.23
23 50 0.806 0.226
24 25 0.568 0.307
24 26 0.569 0.146
24 27 0.464 0.294
24 28 0.55 0.097
24 29 0.728 0.326
24 30 0.588 0.276
24 31 0.355 0.221
24 32 0.389 0.216
24 33 0.552 0.212
24 34 0.618 0.283
24 35 0.776 0.333
24 36 0.456 0.279
24 37 0.566 0.184
24 38 0.613 0.283
24 39 0.644 0.188
24 40 0.508 0.272
24 41 0.478 0.383
24 42 0.681 0.314
24 43 0.221 0.136
24 44 0.448 0.277
24 45 0.781 0.201
24 46 0.764 0.172
24 47 0.312 0.252
24 48 0.346 0.27
24 49 0.774 0.264
24 50 0.556 0.355
25 26 0.538 0.161
25 27 0.432 0.126
25 28 0.728 0.237
25 29 0.661 0.263
25 30 0.474 0.286
25 31 0.472 0.097
25 32 0.599 0.102
25 33 0.592 0.166
25 34 0.759 0.265
25 35 0.562 0.246
25 36 0.698 0.229
25 37 0.569 0.199
25 38 0.717 0.208
25 39 0.414 0.13
25 40 0.412 0.226
25 41 0.561 0.273
25 42 0.569 0.242
25 43 0.394 0.186
25 44 0.464 0.163
25 45 0.644 0.216
25 46 0.356 0.158
25 47 0.602 0.213
25 48 0.716 0.272
25 49 0.448 0.158
25 50 0.583 0.204
26 27 0.556 0.187
26 28 0.589 0.214
26 29 0.582 0.18
26 30 0.596 0.256
26 31 0.214 0.17
26 32 0.312 0.175
26 33 0.403 0.178
26 34 0.674 0.269
26 35 0.778 0.284
26 36 0.442 0.157
26 37 0.418 0.038
26 38 0.541 0.249
26 39 0.523 0.203
26 40 0.461 0.238
26 41 0.524 0.308
26 42 0.52 0.168
26 43 0.442 0.181
26 44 0.582 0.176
26 45 0.422 0.055
26 46 0.54 0.239
26 47 0.602 0.314
26 48 0.714 0.246
26 49 0.595 0.158
26 50 0.544 0.216
27 28 0.362 0.303
27 29 0.544 0.229
27 30 0.416 0.217
27 31 0.707 0.163
27 32 0.501 0.168
27 33 0.434 0.082
27 34 0.54 0.258
27 35 0.39 0.272
27 36 0.601 0.171
27 37 0.66 0.225
27 38 0.655 0.153
27 39 0.324 0.196
27 40 0.523 0.142
27 41 0.416 0.327
27 42 0.616 0.272
27 43 0.368 0.224
27 44 0.813 0.229
27 45 0.54 0.242
27 46 0.699 0.181
27 47 0.556 0.297
27 48 0.34 0.146
27 49 0.814 0.206
27 50 0.771 0.243
28 29 0.54 0.264
28 30 0.652 0.25
28 31 0.433 0.14
28 32 0.543 0.145
28 33 0.719 0.278
28 34 0.813 0.278
28 35 0.752 0.273
28 36 0.779 0.233
28 37 0.419 0.176
28 38 0.56 0.251
28 39 0.53 0.173
28 40 0.682 0.274
28 41 0.534 0.286
28 42 0.835 0.285
28 43 0.712 0.233
28 44 0.813 0.206
28 45 0.442 0.263
28 46 0.653 0.265
28 47 0.756 0.334
28 48 0.522 0.246
28 49 0.677 0.249
28 50 0.59 0.258
29 30 0.723 0.317
29 31 0.55 0.166
29 32 0.576 0.161
29 33 0.713 0.247
29 34 0.474 0.2
29 35 0.589 0.251
29 36 0.657 0.256
29 37 0.632 0.218
29 38 0.71 0.22
29 39 0.495 0.174
29 40 0.686 0.275
29 41 0.505 0.346
29 42 0.318 0.14
29 43 0.664 0.317
29 44 0.744 0.14
29 45 0.62 0.125
29 46 0.604 0.335
29 47 0.455 0.28
29 48 0.693 0.291
29 49 0.544 0.107
29 50 0.559 0.237
30 31 0.75 0.189
30 32 0.284 0.184
30 33 0.52 0.155
30 34 0.637 0.235
30 35 0.735 0.348
30 36 0.491 0.176
30 37 0.59 0.218
30 38 0.494 0.15
30 39 0.564 0.194
30 40 0.71 0.215
30 41 0.486 0.324
30 42 0.576 0.273
30 43 0.779 0.14
30 44 0.63 0.245
30 45 0.663 0.311
30 46 0.551 0.244
30 47 0.422 0.156
30 48 0.242 0.071
30 49 0.795 0.27
30 50 0.766 0.316
31 32 0.466 0.005
31 33 0.617 0.138
31 34 0.464 0.183
31 35 0.914 0.226
31 36 0.36 0.132
31 37 0.545 0.174
31 38 0.53 0.111
31 39 0.5 0.033
31 40 0.476 0.173
31 41 0.434 0.214
31 42 0.42 0.145
31 43 0.576 0.249
31 44 0.532 0.066
31 45 0.636 0.187
31 46 0.727 0.193
31 47 0.442 0.194
31 48 0.661 0.213
31 49 0.713 0.109
31 50 0.576 0.178
32 33 0.588 0.133
32 34 0.362 0.178
32 35 0.626 0.231
32 36 0.383 0.127
32 37 0.442 0.169
32 38 0.562 0.106
32 39 0.302 0.028
32 40 0.773 0.168
32 41 0.596 0.219
32 42 0.292 0.14
32 43 0.608 0.244
32 44 0.63 0.061
32 45 0.734 0.182
32 46 0.601 0.198
32 47 0.585 0.199
32 48 0.436 0.208
32 49 0.63 0.104
32 50 0.574 0.173
33 34 0.457 0.205
33 35 0.536 0.333
33 36 0.723 0.253
33 37 0.666 0.196
33 38 0.537 0.071
33 39 0.307 0.161
33 40 0.552 0.06
33 41 0.66 0.245
33 42 0.743 0.19
33 43 0.773 0.27
33 44 0.788 0.194
33 45 0.632 0.233
33 46 0.546 0.261
33 47 0.558 0.215
33 48 0.757 0.22
33 49 0.388 0.237
33 50 0.556 0.161
34 35 0.485 0.214
34 36 0.557 0.255
34 37 0.732 0.279
34 38 0.678 0.134
34 39 0.371 0.15
34 40 0.484 0.193
34 41 0.472 0.264
34 42 0.286 0.149
34 43 0.597 0.147
34 44 0.46 0.239
34 45 0.543 0.324
34 46 0.669 0.251
34 47 0.37 0.136
34 48 0.718 0.306
34 49 0.553 0.226
34 50 0.629 0.311
35 36 0.631 0.358
35 37 0.527 0.322
35 38 0.636 0.326
35 39 0.414 0.259
35 40 0.763 0.273
35 41 0.532 0.348
35 42 0.564 0.341
35 43 0.705 0.361
35 44 0.613 0.292
35 45 0.57 0.339
35 46 0.645 0.285
35 47 0.544 0.35
35 48 0.516 0.313
35 49 0.865 0.335
35 50 0.536 0.366
36 37 0.672 0.195
36 38 0.585 0.206
36 39 0.654 0.155
36 40 0.548 0.194
36 41 0.53 0.346
36 42 0.551 0.242
36 43 0.494 0.217
36 44 0.662 0.154
36 45 0.53 0.212
36 46 0.64 0.321
36 47 0.202 0.186
36 48 0.535 0.233
36 49 0.533 0.231
36 50 0.659 0.3
37 38 0.488 0.267
37 39 0.422 0.197
37 40 0.724 0.256
37 41 0.506 0.27
37 42 0.446 0.13
37 43 0.758 0.219
37 44 0.744 0.214
37 45 0.66 0.093
37 46 0.816 0.201
37 47 0.689 0.352
37 48 0.69 0.208
37 49 0.882 0.19
37 50 0.886 0.254
38 39 0.568 0.128
38 40 0.605 0.12
38 41 0.678 0.174
38 42 0.392 0.242
38 43 0.392 0.267
38 44 0.646 0.167
38 45 0.45 0.288
38 46 0.52 0.304
38 47 0.787 0.232
38 48 0.404 0.221
38 49 0.672 0.204
38 50 0.776 0.186
39 40 0.578 0.164
39 41 0.485 0.247
39 42 0.564 0.168
39 43 0.692 0.24
39 44 0.727 0.089
39 45 0.497 0.21
39 46 0.394 0.226
39 47 0.53 0.174
39 48 0.45 0.236
39 49 0.49 0.076
39 50 0.6 0.201
40 41 0.58 0.294
40 42 0.723 0.189
40 43 0.608 0.33
40 44 0.686 0.16
40 45 0.623 0.269
40 46 0.694 0.321
40 47 0.63 0.155
40 48 0.82 0.28
40 49 0.69 0.198
40 50 0.674 0.221
41 42 0.718 0.316
41 43 0.53 0.411
41 44 0.452 0.28
41 45 0.435 0.318
41 46 0.66 0.339
41 47 0.44 0.338
41 48 0.354 0.323
41 49 0.665 0.323
41 50 0.711 0.143
42 43 0.484 0.296
42 44 0.688 0.201
42 45 0.68 0.223
42 46 0.626 0.195
42 47 0.568 0.285
42 48 0.541 0.202
42 49 0.592 0.244
42 50 0.449 0.305
43 44 0.606 0.305
43 45 0.56 0.236
43 46 0.708 0.104
43 47 0.533 0.283
43 48 0.567 0.211
43 49 0.644 0.294
43 50 0.777 0.39
44 45 0.598 0.121
44 46 0.406 0.259
44 47 0.76 0.26
44 48 0.693 0.235
44 49 0.68 0.165
44 50 0.794 0.234
45 46 0.498 0.268
45 47 0.575 0.369
45 48 0.73 0.301
45 49 0.726 0.213
45 50 0.326 0.26
46 47 0.586 0.371
46 48 0.705 0.273
46 49 0.448 0.302
46 50 0.688 0.362
47 48 0.603 0.227
47 49 0.622 0.25
47 50 0.578 0.312
48 49 0.734 0.268
48 50 0.548 0.381
49 50 0.426 0.236
node_demand
0.175
0.025
0.125
0.175
0.2
0.025
0.075
0.025
0.175
0.125
0.225
0.05
0.1
0.025
0.075
0.075
0.125
0.175
0.15
0.125
0.025
0.05
0.225
0.225
0.15
0.175
0.125
0.15
0.125
0.05
0.125
0.15
0.2
0.05
0.05
0.075
0.225
0.025
0.1
0.075
0.225
0.15
0.2
0.1
0.025
0.075
0.175
0.225
0.1
0.05
