50
0 1 0.512 0.228
0 2 0.742 0.177
0 3 0.603 0.13
0 4 0.346 0.106
0 5 0.375 0.02
0 6 0.614 0.268
0 7 0.538 0.082
0 8 0.208 0.176
0 9 0.508 0.098
0 10 0.491 0.12
0 11 0.382 0.189
0 12 0.61 0.186
0 13 0.734 0.097
0 14 0.62 0.103
0 15 0.64 0.155
0 16 0.258 0.134
0 17 0.635 0.233
0 18 0.523 0.2
0 19 0.452 0.204
0 20 0.478 0.177
0 21 0.624 0.14
0 22 0.645 0.213
0 23 0.585 0.226
0 24 0.546 0.218
0 25 0.612 0.154
0 26 0.479 0.063
0 27 0.602 0.143
0 28 0.485 0.183
0 29 0.65 0.167
0 30 0.574 0.138
0 31 0.322 0.056
0 32 0.339 0.22
0 33 0.476 0.21
0 34 0.666 0.039
0 35 0.684 0.076
0 36 0.404 0.212
0 37 0.264 0.195
0 38 0.584 0.214
0 39 0.626 0.215
0 40 0.594 0.127
0 41 0.72 0.141
0 42 0.304 0.164
0 43 0.488 0.143
0 44 0.422 0.265
0 45 0.472 0.147
0 46 0.534 0.215
0 47 0.465 0.192
0 48 0.645 0.096
0 49 0.717 0.178
0 50 0.46 0.177
1 2 0.417 0.281
1 3 0.652 0.206
1 4 0.6 0.212
1 5 0.69 0.22
1 6 0.558 0.342
1 7 0.648 0.216
1 8 0.573 0.052
1 9 0.522 0.15
1 10 0.547 0.261
1 11 0.592 0.139
1 12 0.26 0.122
1 13 0.386 0.156
1 14 0.528 0.234
1 15 0.548 0.201
1 16 0.585 0.164
1 17 0.566 0.195
1 18 0.598 0.192
1 19 0.436 0.274
1 20 0.525 0.118
1 21 0.415 0.178
1 22 0.598 0.212
1 23 0.582 0.246
1 24 0.772 0.234
1 25 0.51 0.26
1 26 0.463 0.18
1 27 0.684 0.19
1 28 0.44 0.182
1 29 0.712 0.161
1 30 0.664 0.196
1 31 0.696 0.21
1 32 0.698 0.078
1 33 0.687 0.108
1 34 0.454 0.204
1 35 0.71 0.164
1 36 0.604 0.208
1 37 0.248 0.162
1 38 0.622 0.228
1 39 0.785 0.207
1 40 0.538 0.21
1 41 0.42 0.102
1 42 0.492 0.212
1 43 0.584 0.123
1 44 0.605 0.194
1 45 0.5 0.235
1 46 0.819 0.166
1 47 0.449 0.275
1 48 0.635 0.25
1 49 0.534 0.16
1 50 0.75 0.265
2 3 0.638 0.267
2 4 0.51 0.283
2 5 0.58 0.157
2 6 0.458 0.376
2 7 0.724 0.219
2 8 0.773 0.229
2 9 0.427 0.235
2 10 0.683 0.297
2 11 0.68 0.316
2 12 0.536 0.26
2 13 0.797 0.274
2 14 0.686 0.244
2 15 0.428 0.238
2 16 0.601 0.271
2 17 0.492 0.294
2 18 0.456 0.192
2 19 0.587 0.362
2 20 0.742 0.354
2 21 0.7 0.317
2 22 0.772 0.263
2 23 0.512 0.311
2 24 0.583 0.345
2 25 0.619 0.276
2 26 0.693 0.24
2 27 0.552 0.32
2 28 0.426 0.293
2 29 0.593 0.314
2 30 0.247 0.184
2 31 0.726 0.193
2 32 0.744 0.357
2 33 0.678 0.323
2 34 0.808 0.216
2 35 0.297 0.213
2 36 0.722 0.385
2 37 0.478 0.344
2 38 0.49 0.326
2 39 0.573 0.207
2 40 0.571 0.268
2 41 0.569 0.318
2 42 0.614 0.328
2 43 0.498 0.158
2 44 0.751 0.329
2 45 0.547 0.284
2 46 0.611 0.353
2 47 0.62 0.329
2 48 0.649 0.233
2 49 0.484 0.298
2 50 0.741 0.354
3 4 0.505 0.236
3 5 0.228 0.11
3 6 0.566 0.32
3 7 0.374 0.172
3 8 0.472 0.214
3 9 0.396 0.188
3 10 0.566 0.25
3 11 0.411 0.203
3 12 0.392 0.21
3 13 0.474 0.227
3 14 0.412 0.233
3 15 0.734 0.178
3 16 0.732 0.214
3 17 0.366 0.283
3 18 0.594 0.13
3 19 0.341 0.24
3 20 0.542 0.284
3 21 0.612 0.27
3 22 0.394 0.19
3 23 0.594 0.244
3 24 0.511 0.254
3 25 0.616 0.284
3 26 0.686 0.193
3 27 0.662 0.273
3 28 0.212 0.16
3 29 0.488 0.181
3 30 0.672 0.197
3 31 0.542 0.074
3 32 0.44 0.128
3 33 0.536 0.308
3 34 0.542 0.169
3 35 0.494 0.166
3 36 0.599 0.331
3 37 0.478 0.225
3 38 0.772 0.293
3 39 0.516 0.145
3 40 0.648 0.257
3 41 0.42 0.271
3 42 0.692 0.254
3 43 0.693 0.161
3 44 0.54 0.267
3 45 0.593 0.237
3 46 0.67 0.22
3 47 0.574 0.282
3 48 0.27 0.114
3 49 0.512 0.248
3 50 0.438 0.198
4 5 0.554 0.126
4 6 0.596 0.162
4 7 0.63 0.142
4 8 0.554 0.198
4 9 0.386 0.204
4 10 0.439 0.197
4 11 0.488 0.142
4 12 0.604 0.184
4 13 0.669 0.138
4 14 0.694 0.169
4 15 0.392 0.196
4 16 0.604 0.194
4 17 0.61 0.257
4 18 0.584 0.211
4 19 0.164 0.098
4 20 0.812 0.283
4 21 0.666 0.034
4 22 0.735 0.183
4 23 0.686 0.222
4 24 0.516 0.135
4 25 0.266 0.048
4 26 0.567 0.169
4 27 0.371 0.092
4 28 0.434 0.153
4 29 0.322 0.132
4 30 0.638 0.244
4 31 0.578 0.162
4 32 0.685 0.28
4 33 0.497 0.104
4 34 0.638 0.145
4 35 0.523 0.182
4 36 0.708 0.106
4 37 0.352 0.248
4 38 0.74 0.151
4 39 0.73 0.196
4 40 0.716 0.145
4 41 0.74 0.218
4 42 0.65 0.201
4 43 0.395 0.249
4 44 0.476 0.178
4 45 0.643 0.176
4 46 0.552 0.203
4 47 0.553 0.104
4 48 0.54 0.202
4 49 0.553 0.196
4 50 0.364 0.086
5 6 0.646 0.282
5 7 0.46 0.062
5 8 0.583 0.168
5 9 0.168 0.078
5 10 0.545 0.14
5 11 0.639 0.206
5 12 0.56 0.166
5 13 0.57 0.117
5 14 0.64 0.123
5 15 0.592 0.14
5 16 0.578 0.114
5 17 0.453 0.213
5 18 0.366 0.18
5 19 0.569 0.224
5 20 0.523 0.197
5 21 0.384 0.16
5 22 0.622 0.193
5 23 0.604 0.206
5 24 0.283 0.198
5 25 0.564 0.174
5 26 0.578 0.083
5 27 0.496 0.163
5 28 0.38 0.163
5 29 0.477 0.184
5 30 0.5 0.158
5 31 0.474 0.036
5 32 0.618 0.2
5 33 0.606 0.23
5 34 0.566 0.059
5 35 0.414 0.056
5 36 0.558 0.231
5 37 0.621 0.187
5 38 0.544 0.219
5 39 0.572 0.195
5 40 0.498 0.147
5 41 0.531 0.161
5 42 0.464 0.171
5 43 0.581 0.123
5 44 0.703 0.257
5 45 0.501 0.127
5 46 0.496 0.223
5 47 0.42 0.172
5 48 0.27 0.076
5 49 0.643 0.158
5 50 0.482 0.197
6 7 0.586 0.283
6 8 0.738 0.312
6 9 0.566 0.358
6 10 0.424 0.337
6 11 0.869 0.225
6 12 0.424 0.24
6 13 0.367 0.3
6 14 0.428 0.331
6 15 0.484 0.35
6 16 0.682 0.335
6 17 0.552 0.313
6 18 0.656 0.276
6 19 0.624 0.26
6 20 0.632 0.224
6 21 0.696 0.196
6 22 0.416 0.184
6 23 0.571 0.383
6 24 0.406 0.252
6 25 0.664 0.21
6 26 0.624 0.307
6 27 0.665 0.254
6 28 0.354 0.182
6 29 0.6 0.203
6 30 0.68 0.267
6 31 0.308 0.246
6 32 0.672 0.395
6 33 0.784 0.266
6 34 0.435 0.307
6 35 0.755 0.338
6 36 0.542 0.268
6 37 0.686 0.263
6 38 0.556 0.228
6 39 0.678 0.291
6 40 0.468 0.307
6 41 0.358 0.252
6 42 0.518 0.178
6 43 0.771 0.333
6 44 0.698 0.333
6 45 0.791 0.318
6 46 0.567 0.242
6 47 0.485 0.266
6 48 0.534 0.286
6 49 0.695 0.278
6 50 0.57 0.248
7 8 0.33 0.205
7 9 0.528 0.12
7 10 0.192 0.183
7 11 0.318 0.144
7 12 0.496 0.221
7 13 0.578 0.179
7 14 0.38 0.185
7 15 0.658 0.202
7 16 0.498 0.052
7 17 0.329 0.162
7 18 0.268 0.172
7 19 0.467 0.228
7 20 0.548 0.25
7 21 0.475 0.176
7 22 0.622 0.131
7 23 0.722 0.252
7 24 0.668 0.213
7 25 0.742 0.19
7 26 0.494 0.136
7 27 0.642 0.199
7 28 0.316 0.101
7 29 0.637 0.122
7 30 0.55 0.214
7 31 0.556 0.098
7 32 0.445 0.138
7 33 0.598 0.238
7 34 0.51 0.121
7 35 0.598 0.118
7 36 0.526 0.169
7 37 0.494 0.203
7 38 0.582 0.234
7 39 0.433 0.187
7 40 0.57 0.209
7 41 0.228 0.137
7 42 0.338 0.233
7 43 0.319 0.134
7 44 0.576 0.273
7 45 0.539 0.164
7 46 0.594 0.161
7 47 0.695 0.234
7 48 0.612 0.138
7 49 0.463 0.22
7 50 0.49 0.226
8 9 0.494 0.202
8 10 0.434 0.27
8 11 0.174 0.087
8 12 0.695 0.174
8 13 0.682 0.184
8 14 0.448 0.22
8 15 0.778 0.149
8 16 0.466 0.216
8 17 0.659 0.207
8 18 0.598 0.244
8 19 0.53 0.222
8 20 0.27 0.152
8 21 0.557 0.164
8 22 0.476 0.16
8 23 0.676 0.224
8 24 0.338 0.235
8 25 0.502 0.228
8 26 0.557 0.213
8 27 0.394 0.138
8 28 0.574 0.13
8 29 0.532 0.109
8 30 0.658 0.243
8 31 0.53 0.158
8 32 0.547 0.13
8 33 0.268 0.094
8 34 0.704 0.215
8 35 0.476 0.112
8 36 0.196 0.156
8 37 0.342 0.212
8 38 0.602 0.239
8 39 0.666 0.259
8 40 0.584 0.196
8 41 0.558 0.154
8 42 0.512 0.264
8 43 0.608 0.071
8 44 0.332 0.142
8 45 0.666 0.183
8 46 0.702 0.175
8 47 0.522 0.228
8 48 0.542 0.198
8 49 0.509 0.212
8 50 0.336 0.213
9 10 0.434 0.207
9 11 0.58 0.219
9 12 0.392 0.244
9 13 0.573 0.182
9 14 0.642 0.181
9 15 0.606 0.218
9 16 0.421 0.172
9 17 0.621 0.282
9 18 0.502 0.258
9 19 0.478 0.18
9 20 0.603 0.268
9 21 0.552 0.238
9 22 0.534 0.206
9 23 0.569 0.284
9 24 0.451 0.134
9 25 0.474 0.252
9 26 0.41 0.161
9 27 0.328 0.136
9 28 0.212 0.176
9 29 0.496 0.197
9 30 0.668 0.236
9 31 0.306 0.114
9 32 0.53 0.228
9 33 0.438 0.231
9 34 0.641 0.137
9 35 0.568 0.134
9 36 0.39 0.289
9 37 0.586 0.265
9 38 0.5 0.261
9 39 0.596 0.273
9 40 0.566 0.157
9 41 0.676 0.239
9 42 0.632 0.249
9 43 0.749 0.148
9 44 0.614 0.26
9 45 0.333 0.205
9 46 0.347 0.202
9 47 0.588 0.25
9 48 0.438 0.154
9 49 0.666 0.236
9 50 0.314 0.194
10 11 0.51 0.198
10 12 0.545 0.186
10 13 0.403 0.176
10 14 0.572 0.223
10 15 0.622 0.234
10 16 0.69 0.235
10 17 0.521 0.259
10 18 0.46 0.316
10 19 0.275 0.099
10 20 0.42 0.297
10 21 0.474 0.231
10 22 0.581 0.178
10 23 0.647 0.25
10 24 0.481 0.163
10 25 0.55 0.21
10 26 0.428 0.183
10 27 0.701 0.222
10 28 0.508 0.155
10 29 0.586 0.176
10 30 0.592 0.258
10 31 0.469 0.176
10 32 0.444 0.299
10 33 0.594 0.301
10 34 0.471 0.159
10 35 0.644 0.196
10 36 0.52 0.227
10 37 0.463 0.249
10 38 0.39 0.213
10 39 0.378 0.301
10 40 0.408 0.247
10 41 0.42 0.255
10 42 0.24 0.226
10 43 0.511 0.263
10 44 0.384 0.179
10 45 0.731 0.267
10 46 0.402 0.095
10 47 0.592 0.26
10 48 0.42 0.187
10 49 0.271 0.148
10 50 0.347 0.248
11 12 0.655 0.138
11 13 0.58 0.131
11 14 0.441 0.214
11 15 0.7 0.189
11 16 0.577 0.196
11 17 0.631 0.211
11 18 0.586 0.19
11 19 0.574 0.24
11 20 0.444 0.239
11 21 0.383 0.108
11 22 0.65 0.073
11 23 0.619 0.206
11 24 0.512 0.155
11 25 0.602 0.19
11 26 0.424 0.126
11 27 0.568 0.085
11 28 0.623 0.043
11 29 0.496 0.022
11 30 0.509 0.156
11 31 0.704 0.242
11 32 0.472 0.217
11 33 0.442 0.178
11 34 0.606 0.15
11 35 0.65 0.199
11 36 0.37 0.228
11 37 0.399 0.13
11 38 0.568 0.176
11 39 0.606 0.175
11 40 0.552 0.238
11 41 0.546 0.204
11 42 0.473 0.188
11 43 0.434 0.158
11 44 0.446 0.2
11 45 0.639 0.247
11 46 0.825 0.103
11 47 0.488 0.163
11 48 0.681 0.211
11 49 0.662 0.176
11 50 0.51 0.228
12 13 0.544 0.176
12 14 0.764 0.289
12 15 0.45 0.158
12 16 0.4 0.199
12 17 0.758 0.073
12 18 0.737 0.252
12 19 0.45 0.195
12 20 0.692 0.24
12 21 0.272 0.15
12 22 0.508 0.15
12 23 0.646 0.305
12 24 0.72 0.232
12 25 0.466 0.186
12 26 0.394 0.212
12 27 0.553 0.202
12 28 0.18 0.12
12 29 0.539 0.141
12 30 0.654 0.233
12 31 0.601 0.136
12 32 0.438 0.2
12 33 0.427 0.22
12 34 0.612 0.225
12 35 0.516 0.222
12 36 0.587 0.29
12 37 0.508 0.185
12 38 0.583 0.21
12 39 0.64 0.237
12 40 0.722 0.283
12 41 0.626 0.224
12 42 0.566 0.26
12 43 0.758 0.209
12 44 0.641 0.115
12 45 0.587 0.293
12 46 0.739 0.18
12 47 0.632 0.212
12 48 0.662 0.176
12 49 0.274 0.038
12 50 0.49 0.218
13 14 0.61 0.122
13 15 0.44 0.058
13 16 0.759 0.135
13 17 0.556 0.249
13 18 0.652 0.238
13 19 0.542 0.236
13 20 0.692 0.196
13 21 0.686 0.172
13 22 0.783 0.204
13 23 0.436 0.323
13 24 0.638 0.273
13 25 0.634 0.186
13 26 0.47 0.082
13 27 0.298 0.046
13 28 0.568 0.174
13 29 0.528 0.153
13 30 0.55 0.235
13 31 0.67 0.153
13 32 0.53 0.221
13 33 0.424 0.141
13 34 0.068 0.058
13 35 0.637 0.173
13 36 0.82 0.244
13 37 0.586 0.214
13 38 0.732 0.209
13 39 0.612 0.253
13 40 0.602 0.146
13 41 0.546 0.16
13 42 0.643 0.259
13 43 0.525 0.207
13 44 0.44 0.281
13 45 0.424 0.244
13 46 0.528 0.234
13 47 0.436 0.242
13 48 0.503 0.193
13 49 0.644 0.214
13 50 0.748 0.196
14 15 0.796 0.18
14 16 0.702 0.237
14 17 0.654 0.336
14 18 0.648 0.244
14 19 0.628 0.232
14 20 0.6 0.202
14 21 0.777 0.196
14 22 0.59 0.243
14 23 0.599 0.329
14 24 0.459 0.248
14 25 0.634 0.121
14 26 0.672 0.088
14 27 0.504 0.168
14 28 0.624 0.213
14 29 0.433 0.192
14 30 0.587 0.241
14 31 0.336 0.159
14 32 0.552 0.312
14 33 0.378 0.126
14 34 0.678 0.064
14 35 0.585 0.179
14 36 0.644 0.25
14 37 0.73 0.22
14 38 0.703 0.223
14 39 0.713 0.259
14 40 0.523 0.024
14 41 0.562 0.166
14 42 0.718 0.267
14 43 0.528 0.246
14 44 0.592 0.266
14 45 0.49 0.25
14 46 0.693 0.273
14 47 0.686 0.176
14 48 0.651 0.199
14 49 0.824 0.269
14 50 0.706 0.202
15 16 0.391 0.193
15 17 0.641 0.231
15 18 0.39 0.27
15 19 0.556 0.294
15 20 0.745 0.254
15 21 0.722 0.23
15 22 0.702 0.254
15 23 0.723 0.274
15 24 0.536 0.325
15 25 0.658 0.244
15 26 0.651 0.14
15 27 0.592 0.104
15 28 0.63 0.232
15 29 0.714 0.211
15 30 0.558 0.227
15 31 0.46 0.104
15 32 0.884 0.279
15 33 0.718 0.199
15 34 0.508 0.116
15 35 0.668 0.196
15 36 0.846 0.281
15 37 0.436 0.255
15 38 0.44 0.151
15 39 0.596 0.285
15 40 0.727 0.204
15 41 0.622 0.218
15 42 0.678 0.201
15 43 0.682 0.149
15 44 0.738 0.273
15 45 0.523 0.267
15 46 0.498 0.292
15 47 0.483 0.198
15 48 0.71 0.144
15 49 0.724 0.196
15 50 0.72 0.254
16 17 0.681 0.214
16 18 0.337 0.224
16 19 0.474 0.28
16 20 0.736 0.282
16 21 0.672 0.228
16 22 0.835 0.183
16 23 0.652 0.304
16 24 0.442 0.257
16 25 0.462 0.242
16 26 0.728 0.188
16 27 0.614 0.147
16 28 0.58 0.153
16 29 0.586 0.174
16 30 0.354 0.266
16 31 0.58 0.15
16 32 0.597 0.086
16 33 0.584 0.186
16 34 0.691 0.173
16 35 0.452 0.17
16 36 0.524 0.117
16 37 0.522 0.218
16 38 0.674 0.206
16 39 0.368 0.239
16 40 0.336 0.261
16 41 0.462 0.189
16 42 0.494 0.252
16 43 0.746 0.186
16 44 0.579 0.288
16 45 0.604 0.112
16 46 0.697 0.213
16 47 0.542 0.196
16 48 0.537 0.19
16 49 0.645 0.237
16 50 0.466 0.174
17 18 0.51 0.273
17 19 0.446 0.268
17 20 0.514 0.313
17 21 0.672 0.223
17 22 0.76 0.223
17 23 0.572 0.289
17 24 0.398 0.305
17 25 0.525 0.259
17 26 0.576 0.285
17 27 0.556 0.275
17 28 0.578 0.193
17 29 0.328 0.214
17 30 0.739 0.306
17 31 0.472 0.209
17 32 0.774 0.273
17 33 0.682 0.293
17 34 0.488 0.272
17 35 0.412 0.157
17 36 0.613 0.331
17 37 0.371 0.258
17 38 0.692 0.283
17 39 0.716 0.258
17 40 0.472 0.356
17 41 0.557 0.297
17 42 0.667 0.333
17 43 0.648 0.136
17 44 0.691 0.188
17 45 0.526 0.228
17 46 0.616 0.253
17 47 0.572 0.273
17 48 0.546 0.249
17 49 0.712 0.111
17 50 0.454 0.238
18 19 0.621 0.217
18 20 0.602 0.27
18 21 0.466 0.245
18 22 0.688 0.207
18 23 0.454 0.224
18 24 0.644 0.289
18 25 0.725 0.259
18 26 0.492 0.156
18 27 0.726 0.275
18 28 0.584 0.233
18 29 0.45 0.212
18 30 0.484 0.281
18 31 0.584 0.204
18 32 0.632 0.21
18 33 0.672 0.277
18 34 0.72 0.18
18 35 0.458 0.195
18 36 0.648 0.314
18 37 0.574 0.207
18 38 0.491 0.172
18 39 0.206 0.015
18 40 0.667 0.268
18 41 0.332 0.234
18 42 0.538 0.178
18 43 0.544 0.291
18 44 0.48 0.137
18 45 0.502 0.266
18 46 0.601 0.293
18 47 0.699 0.219
18 48 0.636 0.244
18 49 0.556 0.29
18 50 0.566 0.27
19 20 0.695 0.369
19 21 0.722 0.132
19 22 0.571 0.277
19 23 0.522 0.27
19 24 0.68 0.233
19 25 0.275 0.111
19 26 0.403 0.255
19 27 0.535 0.19
19 28 0.27 0.251
19 29 0.486 0.23
19 30 0.647 0.258
19 31 0.506 0.247
19 32 0.588 0.282
19 33 0.616 0.202
19 34 0.474 0.231
19 35 0.53 0.197
19 36 0.685 0.204
19 37 0.188 0.15
19 38 0.616 0.224
19 39 0.653 0.202
19 40 0.683 0.208
19 41 0.669 0.316
19 42 0.515 0.274
19 43 0.559 0.254
19 44 0.442 0.08
19 45 0.498 0.261
19 46 0.412 0.194
19 47 0.389 0.177
19 48 0.611 0.286
19 49 0.408 0.233
19 50 0.528 0.184
20 21 0.572 0.296
20 22 0.663 0.269
20 23 0.666 0.36
20 24 0.438 0.225
20 25 0.572 0.323
20 26 0.298 0.114
20 27 0.495 0.225
20 28 0.612 0.239
20 29 0.49 0.218
20 30 0.556 0.314
20 31 0.504 0.233
20 32 0.817 0.196
20 33 0.432 0.226
20 34 0.624 0.138
20 35 0.641 0.252
20 36 0.466 0.211
20 37 0.513 0.246
20 38 0.56 0.315
20 39 0.396 0.285
20 40 0.748 0.226
20 41 0.564 0.192
20 42 0.49 0.302
20 43 0.816 0.212
20 44 0.602 0.294
20 45 0.674 0.298
20 46 0.718 0.284
20 47 0.714 0.268
20 48 0.272 0.228
20 49 0.609 0.278
20 50 0.606 0.228
21 22 0.78 0.181
21 23 0.512 0.188
21 24 0.538 0.169
21 25 0.696 0.082
21 26 0.342 0.203
21 27 0.388 0.126
21 28 0.452 0.151
21 29 0.344 0.13
21 30 0.602 0.264
21 31 0.63 0.196
21 32 0.71 0.256
21 33 0.514 0.07
21 34 0.73 0.179
21 35 0.678 0.216
21 36 0.722 0.14
21 37 0.557 0.238
21 38 0.822 0.185
21 39 0.402 0.23
21 40 0.465 0.172
21 41 0.608 0.252
21 42 0.564 0.235
21 43 0.486 0.235
21 44 0.686 0.21
21 45 0.68 0.21
21 46 0.744 0.211
21 47 0.672 0.138
21 48 0.562 0.236
21 49 0.409 0.188
21 50 0.366 0.12
22 23 0.62 0.213
22 24 0.425 0.082
22 25 0.576 0.214
22 26 0.46 0.155
22 27 0.672 0.158
22 28 0.606 0.03
22 29 0.609 0.051
22 30 0.525 0.083
22 31 0.606 0.178
22 32 0.76 0.256
22 33 0.604 0.166
22 34 0.806 0.179
22 35 0.636 0.249
22 36 0.592 0.222
22 37 0.54 0.132
22 38 0.621 0.103
22 39 0.674 0.192
22 40 0.875 0.267
22 41 0.532 0.182
22 42 0.341 0.153
22 43 0.546 0.231
22 44 0.738 0.202
22 45 0.45 0.234
22 46 0.568 0.09
22 47 0.524 0.15
22 48 0.391 0.138
22 49 0.628 0.188
22 50 0.748 0.269
23 24 0.442 0.174
23 25 0.723 0.27
23 26 0.507 0.252
23 27 0.522 0.291
23 28 0.684 0.205
23 29 0.565 0.184
23 30 0.759 0.13
23 31 0.263 0.17
23 32 0.635 0.252
23 33 0.546 0.258
23 34 0.368 0.265
23 35 0.662 0.262
23 36 0.531 0.306
23 37 0.334 0.12
23 38 0.314 0.186
23 39 0.66 0.239
23 40 0.523 0.32
23 41 0.527 0.258
23 42 0.594 0.236
23 43 0.696 0.153
23 44 0.68 0.19
23 45 0.724 0.317
23 46 0.582 0.242
23 47 0.535 0.233
23 48 0.486 0.132
23 49 0.436 0.3
23 50 0.826 0.308
24 25 0.752 0.183
24 26 0.668 0.237
24 27 0.386 0.227
24 28 0.59 0.112
24 29 0.194 0.133
24 30 0.408 0.165
24 31 0.705 0.234
24 32 0.56 0.286
24 33 0.512 0.239
24 34 0.57 0.257
24 35 0.564 0.243
24 36 0.534 0.2
24 37 0.626 0.214
24 38 0.544 0.174
24 39 0.734 0.274
24 40 0.45 0.224
24 41 0.714 0.228
24 42 0.54 0.224
24 43 0.388 0.282
24 44 0.67 0.224
24 45 0.664 0.211
24 46 0.65 0.068
24 47 0.425 0.127
24 48 0.403 0.22
24 49 0.752 0.27
24 50 0.529 0.221
25 26 0.605 0.209
25 27 0.637 0.14
25 28 0.545 0.184
25 29 0.558 0.18
25 30 0.372 0.272
25 31 0.67 0.21
25 32 0.647 0.311
25 33 0.582 0.152
25 34 0.566 0.185
25 35 0.622 0.23
25 36 0.444 0.154
25 37 0.463 0.261
25 38 0.474 0.199
25 39 0.519 0.244
25 40 0.53 0.097
25 41 0.694 0.266
25 42 0.66 0.249
25 43 0.661 0.297
25 44 0.399 0.191
25 45 0.686 0.224
25 46 0.687 0.244
25 47 0.519 0.152
25 48 0.774 0.25
25 49 0.287 0.148
25 50 0.451 0.134
26 27 0.316 0.128
26 28 0.574 0.125
26 29 0.494 0.104
26 30 0.458 0.201
26 31 0.714 0.119
26 32 0.613 0.258
26 33 0.342 0.214
26 34 0.402 0.024
26 35 0.68 0.139
26 36 0.693 0.21
26 37 0.215 0.132
26 38 0.643 0.238
26 39 0.678 0.171
26 40 0.62 0.112
26 41 0.266 0.078
26 42 0.577 0.188
26 43 0.646 0.206
26 44 0.641 0.202
26 45 0.743 0.184
26 46 0.42 0.185
26 47 0.416 0.255
26 48 0.554 0.159
26 49 0.668 0.196
26 50 0.708 0.114
27 28 0.54 0.128
27 29 0.58 0.107
27 30 0.7 0.241
27 31 0.398 0.199
27 32 0.79 0.233
27 33 0.126 0.095
27 34 0.366 0.104
27 35 0.508 0.203
27 36 0.527 0.198
27 37 0.456 0.215
27 38 0.434 0.184
27 39 0.52 0.26
27 40 0.368 0.192
27 41 0.582 0.206
27 42 0.714 0.234
27 43 0.626 0.209
27 44 0.456 0.235
27 45 0.633 0.259
27 46 0.435 0.188
27 47 0.284 0.196
27 48 0.625 0.239
27 49 0.642 0.24
27 50 0.634 0.178
28 29 0.396 0.021
28 30 0.474 0.113
28 31 0.421 0.199
28 32 0.318 0.226
28 33 0.607 0.196
28 34 0.5 0.149
28 35 0.69 0.219
28 36 0.504 0.192
28 37 0.374 0.102
28 38 0.712 0.133
28 39 0.668 0.218
28 40 0.546 0.237
28 41 0.544 0.203
28 42 0.654 0.183
28 43 0.635 0.201
28 44 0.668 0.172
28 45 0.545 0.222
28 46 0.559 0.06
28 47 0.575 0.18
28 48 0.482 0.168
28 49 0.454 0.158
28 50 0.424 0.239
29 30 0.472 0.134
29 31 0.58 0.22
29 32 0.53 0.239
29 33 0.554 0.2
29 34 0.46 0.128
29 35 0.718 0.221
29 36 0.386 0.213
29 37 0.604 0.123
29 38 0.48 0.154
29 39 0.557 0.197
29 40 0.522 0.216
29 41 0.52 0.182
29 42 0.346 0.166
29 43 0.481 0.18
29 44 0.566 0.193
29 45 0.624 0.243
29 46 0.486 0.081
29 47 0.614 0.185
29 48 0.218 0.189
29 49 0.699 0.179
29 50 0.335 0.218
30 31 0.656 0.123
30 32 0.752 0.274
30 33 0.574 0.249
30 34 0.618 0.177
30 35 0.544 0.214
30 36 0.668 0.305
30 37 0.673 0.215
30 38 0.479 0.186
30 39 0.326 0.266
30 40 0.69 0.238
30 41 0.322 0.201
30 42 0.759 0.236
30 43 0.735 0.21
30 44 0.504 0.178
30 45 0.755 0.285
30 46 0.48 0.173
30 47 0.787 0.233
30 48 0.402 0.163
30 49 0.659 0.271
30 50 0.632 0.315
31 32 0.624 0.202
31 33 0.524 0.252
31 34 0.602 0.095
31 35 0.518 0.092
31 36 0.42 0.267
31 37 0.586 0.151
31 38 0.569 0.23
31 39 0.488 0.219
31 40 0.681 0.183
31 41 0.663 0.197
31 42 0.558 0.18
31 43 0.552 0.087
31 44 0.655 0.221
31 45 0.639 0.163
31 46 0.357 0.232
31 47 0.6 0.208
31 48 0.482 0.04
31 49 0.593 0.174
31 50 0.563 0.204
32 33 0.726 0.186
32 34 0.462 0.259
32 35 0.698 0.237
32 36 0.743 0.203
32 37 0.603 0.132
32 38 0.652 0.274
32 39 0.426 0.195
32 40 0.422 0.288
32 41 0.673 0.18
32 42 0.643 0.29
32 43 0.736 0.201
32 44 0.644 0.202
32 45 0.579 0.166
32 46 0.43 0.218
32 47 0.76 0.25
32 48 0.71 0.242
32 49 0.703 0.238
32 50 0.742 0.256
33 34 0.492 0.19
33 35 0.561 0.206
33 36 0.464 0.21
33 37 0.557 0.21
33 38 0.56 0.255
33 39 0.56 0.262
33 40 0.316 0.102
33 41 0.554 0.21
33 42 0.588 0.305
33 43 0.526 0.165
33 44 0.582 0.14
33 45 0.712 0.277
33 46 0.561 0.256
33 47 0.41 0.208
33 48 0.652 0.292
33 49 0.658 0.258
33 50 0.604 0.19
34 35 0.606 0.115
34 36 0.752 0.186
34 37 0.518 0.156
34 38 0.682 0.253
34 39 0.544 0.195
34 40 0.534 0.088
34 41 0.478 0.102
34 42 0.711 0.203
34 43 0.457 0.182
34 44 0.372 0.226
34 45 0.356 0.186
34 46 0.596 0.209
34 47 0.504 0.231
34 48 0.571 0.135
34 49 0.576 0.217
34 50 0.68 0.138
35 36 0.672 0.268
35 37 0.632 0.243
35 38 0.348 0.163
35 39 0.6 0.18
35 40 0.788 0.203
35 41 0.452 0.217
35 42 0.578 0.211
35 43 0.31 0.179
35 44 0.791 0.213
35 45 0.25 0.071
35 46 0.603 0.279
35 47 0.508 0.116
35 48 0.506 0.132
35 49 0.578 0.214
35 50 0.543 0.161
36 37 0.538 0.294
36 38 0.406 0.257
36 39 0.522 0.302
36 40 0.771 0.251
36 41 0.717 0.288
36 42 0.686 0.307
36 43 0.566 0.227
36 44 0.38 0.284
36 45 0.47 0.229
36 46 0.53 0.132
36 47 0.452 0.21
36 48 0.396 0.307
36 49 0.313 0.292
36 50 0.532 0.192
37 38 0.428 0.214
37 39 0.582 0.192
37 40 0.644 0.244
37 41 0.481 0.21
37 42 0.434 0.264
37 43 0.49 0.238
37 44 0.484 0.07
37 45 0.55 0.251
37 46 0.571 0.162
37 47 0.201 0.167
37 48 0.435 0.191
37 49 0.559 0.18
37 50 0.674 0.246
38 39 0.697 0.187
38 40 0.62 0.199
38 41 0.624 0.16
38 42 0.28 0.05
38 43 0.382 0.168
38 44 0.558 0.144
38 45 0.479 0.131
38 46 0.282 0.193
38 47 0.48 0.047
38 48 0.698 0.241
38 49 0.661 0.248
38 50 0.524 0.221
39 40 0.52 0.283
39 41 0.538 0.249
39 42 0.618 0.193
39 43 0.682 0.294
39 44 0.686 0.122
39 45 0.708 0.251
39 46 0.486 0.278
39 47 0.783 0.219
39 48 0.554 0.259
39 49 0.649 0.275
39 50 0.632 0.282
40 41 0.798 0.19
40 42 0.59 0.249
40 43 0.506 0.267
40 44 0.753 0.242
40 45 0.873 0.236
40 46 0.688 0.292
40 47 0.652 0.152
40 48 0.608 0.223
40 49 0.591 0.245
40 50 0.57 0.226
41 42 0.49 0.11
41 43 0.413 0.19
41 44 0.438 0.28
41 45 0.516 0.221
41 46 0.464 0.16
41 47 0.682 0.207
41 48 0.69 0.237
41 49 0.446 0.262
41 50 0.718 0.192
42 43 0.646 0.218
42 44 0.412 0.194
42 45 0.684 0.14
42 46 0.422 0.243
42 47 0.44 0.097
42 48 0.564 0.22
42 49 0.511 0.298
42 50 0.587 0.23
43 44 0.635 0.213
43 45 0.56 0.25
43 46 0.551 0.246
43 47 0.54 0.215
43 48 0.699 0.127
43 49 0.715 0.247
43 50 0.614 0.284
44 45 0.632 0.181
44 46 0.653 0.232
44 47 0.283 0.097
44 48 0.491 0.226
44 49 0.367 0.153
44 50 0.668 0.264
45 46 0.68 0.271
45 47 0.349 0.084
45 48 0.406 0.203
45 49 0.707 0.285
45 50 0.448 0.09
46 47 0.37 0.187
46 48 0.704 0.192
46 49 0.673 0.218
46 50 0.661 0.289
47 48 0.552 0.248
47 49 0.358 0.25
47 50 0.626 0.174
48 49 0.691 0.214
48 50 0.553 0.237
49 50 0.614 0.256
node_demand
0.15
0.2
0.2
0.025
0.175
0.225
0.1
0.225
0.025
0.175
0.175
0.15
0.225
0.075
0.025
0.025
0.175
0.075
0.2
0.2
0.05
0.125
0.2
0.15
0.075
0.05
0.125
0.175
0.075
0.2
0.025
0.175
0.15
0.025
0.15
0.175
0.025
0.025
0.05
0.05
0.2
0.1
0.125
0.125
0.125
0.2
0.025
0.175
0.125
0.175
