50
0 1 0.832 0.205
0 2 0.755 0.249
0 3 0.769 0.301
0 4 0.582 0.214
0 5 0.572 0.229
0 6 0.609 0.306
0 7 0.586 0.349
0 8 0.676 0.133
0 9 0.74 0.278
0 10 0.618 0.251
0 11 0.703 0.19
0 12 0.396 0.115
0 13 0.487 0.229
0 14 0.652 0.288
0 15 0.594 0.173
0 16 0.5 0.217
0 17 0.65 0.209
0 18 0.565 0.078
0 19 0.623 0.216
0 20 0.604 0.278
0 21 0.625 0.244
0 22 0.606 0.215
0 23 0.592 0.137
0 24 0.472 0.139
0 25 0.553 0.349
0 26 0.75 0.221
0 27 0.54 0.277
0 28 0.534 0.223
0 29 0.842 0.311
0 30 0.381 0.264
0 31 0.465 0.185
0 32 0.752 0.185
0 33 0.722 0.234
0 34 0.412 0.3
0 35 0.698 0.26
0 36 0.58 0.155
0 37 0.471 0.174
0 38 0.608 0.292
0 39 0.604 0.274
0 40 0.256 0.224
0 41 0.408 0.193
0 42 0.256 0.138
0 43 0.716 0.322
0 44 0.441 0.26
0 45 0.362 0.149
0 46 0.579 0.272
0 47 0.688 0.24
0 48 0.524 0.296
0 49 0.58 0.154
0 50 0.654 0.249
1 2 0.778 0.178
1 3 0.543 0.184
1 4 0.772 0.186
1 5 0.616 0.147
1 6 0.383 0.238
1 7 0.65 0.31
1 8 0.702 0.098
1 9 0.74 0.232
1 10 0.591 0.221
1 11 0.522 0.067
1 12 0.755 0.116
1 13 0.72 0.227
1 14 0.785 0.289
1 15 0.635 0.138
1 16 0.696 0.232
1 17 0.539 0.174
1 18 0.655 0.127
1 19 0.65 0.18
1 20 0.627 0.073
1 21 0.546 0.162
1 22 0.256 0.01
1 23 0.513 0.253
1 24 0.55 0.086
1 25 0.496 0.307
1 26 0.354 0.078
1 27 0.336 0.248
1 28 0.659 0.17
1 29 0.412 0.188
1 30 0.632 0.188
1 31 0.674 0.234
1 32 0.532 0.114
1 33 0.684 0.181
1 34 0.464 0.272
1 35 0.622 0.211
1 36 0.649 0.12
1 37 0.628 0.14
1 38 0.424 0.108
1 39 0.531 0.221
1 40 0.828 0.246
1 41 0.449 0.254
1 42 0.58 0.176
1 43 0.542 0.142
1 44 0.421 0.128
1 45 0.69 0.247
1 46 0.688 0.238
1 47 0.625 0.234
1 48 0.41 0.148
1 49 0.571 0.155
1 50 0.498 0.214
2 3 0.574 0.309
2 4 0.385 0.187
2 5 0.319 0.082
2 6 0.461 0.315
2 7 0.575 0.198
2 8 0.658 0.178
2 9 0.559 0.251
2 10 0.668 0.247
2 11 0.641 0.235
2 12 0.542 0.196
2 13 0.682 0.237
2 14 0.549 0.128
2 15 0.56 0.199
2 16 0.637 0.255
2 17 0.669 0.144
2 18 0.725 0.305
2 19 0.519 0.117
2 20 0.151 0.105
2 21 0.498 0.237
2 22 0.558 0.188
2 23 0.714 0.317
2 24 0.723 0.264
2 25 0.728 0.129
2 26 0.854 0.165
2 27 0.49 0.201
2 28 0.435 0.242
2 29 0.658 0.305
2 30 0.408 0.22
2 31 0.582 0.271
2 32 0.656 0.129
2 33 0.52 0.203
2 34 0.618 0.281
2 35 0.527 0.259
2 36 0.475 0.2
2 37 0.627 0.075
2 38 0.47 0.177
2 39 0.572 0.243
2 40 0.73 0.311
2 41 0.445 0.311
2 42 0.65 0.111
2 43 0.754 0.233
2 44 0.635 0.214
2 45 0.557 0.305
2 46 0.615 0.173
2 47 0.586 0.213
2 48 0.507 0.211
2 49 0.358 0.235
2 50 0.539 0.262
3 4 0.588 0.286
3 5 0.296 0.227
3 6 0.16 0.133
3 7 0.552 0.384
3 8 0.52 0.168
3 9 0.569 0.291
3 10 0.465 0.21
3 11 0.571 0.225
3 12 0.514 0.186
3 13 0.478 0.3
3 14 0.516 0.345
3 15 0.547 0.208
3 16 0.488 0.208
3 17 0.565 0.244
3 18 0.372 0.311
3 19 0.694 0.346
3 20 0.506 0.257
3 21 0.337 0.294
3 22 0.452 0.174
3 23 0.51 0.208
3 24 0.54 0.25
3 25 0.597 0.275
3 26 0.673 0.256
3 27 0.537 0.318
3 28 0.526 0.334
3 29 0.444 0.182
3 30 0.585 0.31
3 31 0.56 0.278
3 32 0.648 0.22
3 33 0.38 0.245
3 34 0.492 0.259
3 35 0.477 0.341
3 36 0.246 0.146
3 37 0.614 0.304
3 38 0.488 0.22
3 39 0.502 0.205
3 40 0.579 0.272
3 41 0.361 0.264
3 42 0.684 0.302
3 43 0.614 0.26
3 44 0.474 0.278
3 45 0.603 0.22
3 46 0.626 0.284
3 47 0.634 0.329
3 48 0.538 0.288
3 49 0.348 0.225
3 50 0.479 0.29
4 5 0.604 0.173
4 6 0.59 0.276
4 7 0.777 0.364
4 8 0.507 0.204
4 9 0.758 0.216
4 10 0.663 0.232
4 11 0.487 0.233
4 12 0.551 0.222
4 13 0.468 0.05
4 14 0.692 0.253
4 15 0.72 0.236
4 16 0.512 0.198
4 17 0.686 0.206
4 18 0.686 0.252
4 19 0.73 0.154
4 20 0.454 0.204
4 21 0.586 0.224
4 22 0.556 0.176
4 23 0.786 0.142
4 24 0.498 0.252
4 25 0.398 0.234
4 26 0.483 0.116
4 27 0.578 0.242
4 28 0.556 0.304
4 29 0.378 0.29
4 30 0.498 0.168
4 31 0.497 0.212
4 32 0.84 0.152
4 33 0.625 0.186
4 34 0.49 0.238
4 35 0.588 0.246
4 36 0.563 0.226
4 37 0.488 0.112
4 38 0.412 0.078
4 39 0.739 0.226
4 40 0.61 0.27
4 41 0.6 0.124
4 42 0.328 0.076
4 43 0.766 0.274
4 44 0.606 0.258
4 45 0.58 0.13
4 46 0.654 0.21
4 47 0.693 0.178
4 48 0.754 0.233
4 49 0.402 0.261
4 50 0.576 0.18
5 6 0.456 0.259
5 7 0.392 0.28
5 8 0.413 0.096
5 9 0.38 0.233
5 10 0.49 0.219
5 11 0.604 0.153
5 12 0.604 0.114
5 13 0.607 0.223
5 14 0.738 0.21
5 15 0.308 0.136
5 16 0.592 0.208
5 17 0.35 0.062
5 18 0.668 0.272
5 19 0.592 0.199
5 20 0.224 0.074
5 21 0.529 0.166
5 22 0.601 0.157
5 23 0.608 0.257
5 24 0.462 0.233
5 25 0.788 0.211
5 26 0.728 0.16
5 27 0.584 0.246
5 28 0.44 0.16
5 29 0.725 0.274
5 30 0.53 0.185
5 31 0.572 0.275
5 32 0.62 0.124
5 33 0.623 0.227
5 34 0.704 0.204
5 35 0.571 0.22
5 36 0.542 0.118
5 37 0.415 0.157
5 38 0.192 0.095
5 39 0.605 0.187
5 40 0.73 0.231
5 41 0.336 0.252
5 42 0.725 0.193
5 43 0.608 0.202
5 44 0.592 0.132
5 45 0.63 0.245
5 46 0.613 0.255
5 47 0.502 0.258
5 48 0.58 0.18
5 49 0.488 0.153
5 50 0.706 0.18
6 7 0.635 0.318
6 8 0.588 0.235
6 9 0.409 0.158
6 10 0.625 0.283
6 11 0.411 0.183
6 12 0.372 0.217
6 13 0.623 0.246
6 14 0.614 0.312
6 15 0.387 0.241
6 16 0.574 0.249
6 17 0.523 0.311
6 18 0.532 0.268
6 19 0.658 0.262
6 20 0.612 0.261
6 21 0.497 0.288
6 22 0.612 0.24
6 23 0.67 0.169
6 24 0.58 0.207
6 25 0.669 0.344
6 26 0.593 0.16
6 27 0.588 0.272
6 28 0.448 0.291
6 29 0.604 0.214
6 30 0.451 0.27
6 31 0.72 0.2
6 32 0.804 0.196
6 33 0.54 0.112
6 34 0.46 0.192
6 35 0.571 0.327
6 36 0.406 0.255
6 37 0.596 0.24
6 38 0.484 0.338
6 39 0.47 0.072
6 40 0.632 0.218
6 41 0.201 0.172
6 42 0.595 0.276
6 43 0.774 0.2
6 44 0.484 0.299
6 45 0.518 0.181
6 46 0.562 0.338
6 47 0.531 0.196
6 48 0.524 0.155
6 49 0.188 0.178
6 50 0.546 0.213
7 8 0.27 0.216
7 9 0.772 0.312
7 10 0.544 0.339
7 11 0.374 0.273
7 12 0.55 0.234
7 13 0.436 0.33
7 14 0.591 0.326
7 15 0.592 0.256
7 16 0.699 0.182
7 17 0.742 0.292
7 18 0.802 0.323
7 19 0.683 0.294
7 20 0.424 0.27
7 21 0.692 0.28
7 22 0.394 0.3
7 23 0.698 0.26
7 24 0.624 0.262
7 25 0.692 0.262
7 26 0.79 0.304
7 27 0.542 0.206
7 28 0.728 0.34
7 29 0.448 0.379
7 30 0.684 0.336
7 31 0.426 0.33
7 32 0.791 0.268
7 33 0.668 0.286
7 34 0.575 0.126
7 35 0.534 0.389
7 36 0.49 0.238
7 37 0.638 0.273
7 38 0.566 0.375
7 39 0.698 0.246
7 40 0.635 0.262
7 41 0.434 0.316
7 42 0.773 0.309
7 43 0.583 0.244
7 44 0.559 0.246
7 45 0.561 0.25
7 46 0.587 0.296
7 47 0.831 0.35
7 48 0.392 0.338
7 49 0.672 0.273
7 50 0.74 0.184
8 9 0.526 0.208
8 10 0.707 0.123
8 11 0.191 0.057
8 12 0.28 0.018
8 13 0.554 0.229
8 14 0.767 0.191
8 15 0.608 0.04
8 16 0.62 0.191
8 17 0.534 0.076
8 18 0.568 0.211
8 19 0.696 0.19
8 20 0.637 0.17
8 21 0.474 0.188
8 22 0.504 0.108
8 23 0.731 0.161
8 24 0.708 0.184
8 25 0.482 0.222
8 26 0.74 0.088
8 27 0.641 0.15
8 28 0.498 0.174
8 29 0.555 0.178
8 30 0.562 0.167
8 31 0.581 0.179
8 32 0.597 0.052
8 33 0.398 0.165
8 34 0.68 0.184
8 35 0.351 0.173
8 36 0.364 0.022
8 37 0.74 0.164
8 38 0.605 0.191
8 39 0.799 0.187
8 40 0.484 0.148
8 41 0.704 0.156
8 42 0.503 0.2
8 43 0.528 0.216
8 44 0.453 0.154
8 45 0.671 0.149
8 46 0.6 0.186
8 47 0.648 0.17
8 48 0.654 0.205
8 49 0.464 0.057
8 50 0.472 0.194
9 10 0.483 0.251
9 11 0.672 0.265
9 12 0.535 0.226
9 13 0.64 0.266
9 14 0.584 0.354
9 15 0.662 0.168
9 16 0.752 0.14
9 17 0.73 0.284
9 18 0.436 0.224
9 19 0.675 0.218
9 20 0.557 0.159
9 21 0.632 0.291
9 22 0.576 0.242
9 23 0.698 0.187
9 24 0.347 0.169
9 25 0.643 0.332
9 26 0.444 0.208
9 27 0.411 0.28
9 28 0.634 0.253
9 29 0.496 0.256
9 30 0.7 0.254
9 31 0.629 0.151
9 32 0.582 0.172
9 33 0.326 0.074
9 34 0.494 0.234
9 35 0.57 0.227
9 36 0.655 0.186
9 37 0.521 0.176
9 38 0.346 0.245
9 39 0.615 0.114
9 40 0.588 0.06
9 41 0.61 0.243
9 42 0.488 0.14
9 43 0.56 0.162
9 44 0.448 0.274
9 45 0.614 0.199
9 46 0.579 0.274
9 47 0.122 0.038
9 48 0.654 0.172
9 49 0.488 0.244
9 50 0.592 0.292
10 11 0.516 0.18
10 12 0.71 0.141
10 13 0.559 0.182
10 14 0.69 0.298
10 15 0.512 0.083
10 16 0.572 0.17
10 17 0.588 0.199
10 18 0.805 0.291
10 19 0.269 0.156
10 20 0.617 0.216
10 21 0.635 0.084
10 22 0.629 0.231
10 23 0.589 0.114
10 24 0.432 0.25
10 25 0.47 0.29
10 26 0.588 0.211
10 27 0.585 0.244
10 28 0.605 0.297
10 29 0.449 0.236
10 30 0.695 0.14
10 31 0.608 0.184
10 32 0.69 0.175
10 33 0.719 0.288
10 34 0.513 0.227
10 35 0.455 0.259
10 36 0.631 0.145
10 37 0.561 0.172
10 38 0.298 0.23
10 39 0.722 0.31
10 40 0.496 0.242
10 41 0.698 0.17
10 42 0.501 0.208
10 43 0.522 0.28
10 44 0.639 0.118
10 45 0.434 0.102
10 46 0.173 0.074
10 47 0.605 0.213
10 48 0.588 0.322
10 49 0.594 0.18
10 50 0.48 0.204
11 12 0.471 0.075
11 13 0.605 0.214
11 14 0.576 0.248
11 15 0.689 0.097
11 16 0.618 0.248
11 17 0.516 0.133
11 18 0.59 0.194
11 19 0.572 0.213
11 20 0.49 0.14
11 21 0.318 0.209
11 22 0.313 0.057
11 23 0.647 0.186
11 24 0.658 0.133
11 25 0.482 0.274
11 26 0.64 0.145
11 27 0.712 0.207
11 28 0.5 0.217
11 29 0.364 0.121
11 30 0.622 0.224
11 31 0.547 0.236
11 32 0.542 0.109
11 33 0.583 0.222
11 34 0.728 0.241
11 35 0.16 0.144
11 36 0.49 0.079
11 37 0.685 0.187
11 38 0.553 0.155
11 39 0.608 0.244
11 40 0.488 0.205
11 41 0.554 0.213
11 42 0.694 0.223
11 43 0.608 0.209
11 44 0.262 0.175
11 45 0.48 0.198
11 46 0.476 0.214
11 47 0.608 0.227
11 48 0.681 0.215
11 49 0.599 0.114
11 50 0.637 0.251
12 13 0.548 0.247
12 14 0.688 0.173
12 15 0.72 0.058
12 16 0.34 0.173
12 17 0.254 0.094
12 18 0.581 0.193
12 19 0.563 0.208
12 20 0.608 0.188
12 21 0.482 0.205
12 22 0.648 0.126
12 23 0.647 0.179
12 24 0.612 0.202
12 25 0.525 0.234
12 26 0.46 0.106
12 27 0.508 0.162
12 28 0.709 0.192
12 29 0.678 0.196
12 30 0.607 0.149
12 31 0.683 0.197
12 32 0.702 0.07
12 33 0.642 0.183
12 34 0.636 0.202
12 35 0.617 0.191
12 36 0.268 0.04
12 37 0.46 0.182
12 38 0.48 0.209
12 39 0.521 0.169
12 40 0.474 0.166
12 41 0.573 0.174
12 42 0.223 0.192
12 43 0.732 0.234
12 44 0.49 0.172
12 45 0.423 0.167
12 46 0.537 0.204
12 47 0.584 0.188
12 48 0.628 0.223
12 49 0.184 0.039
12 50 0.429 0.21
13 14 0.415 0.203
13 15 0.608 0.189
13 16 0.263 0.148
13 17 0.731 0.256
13 18 0.612 0.202
13 19 0.442 0.204
13 20 0.531 0.154
13 21 0.653 0.19
13 22 0.669 0.226
13 23 0.355 0.092
13 24 0.743 0.263
13 25 0.685 0.258
13 26 0.646 0.166
13 27 0.672 0.292
13 28 0.742 0.347
13 29 0.64 0.335
13 30 0.528 0.172
13 31 0.312 0.162
13 32 0.817 0.202
13 33 0.682 0.236
13 34 0.617 0.224
13 35 0.682 0.196
13 36 0.418 0.251
13 37 0.715 0.162
13 38 0.534 0.128
13 39 0.608 0.276
13 40 0.463 0.22
13 41 0.422 0.074
13 42 0.544 0.126
13 43 0.637 0.324
13 44 0.504 0.224
13 45 0.125 0.08
13 46 0.538 0.256
13 47 0.518 0.228
13 48 0.623 0.26
13 49 0.492 0.282
13 50 0.54 0.23
14 15 0.57 0.231
14 16 0.428 0.264
14 17 0.566 0.267
14 18 0.684 0.366
14 19 0.607 0.21
14 20 0.696 0.233
14 21 0.374 0.304
14 22 0.612 0.299
14 23 0.52 0.208
14 24 0.552 0.331
14 25 0.492 0.07
14 26 0.486 0.279
14 27 0.593 0.128
14 28 0.765 0.365
14 29 0.544 0.23
14 30 0.462 0.322
14 31 0.512 0.278
14 32 0.694 0.243
14 33 0.532 0.28
14 34 0.52 0.208
14 35 0.416 0.2
14 36 0.532 0.213
14 37 0.495 0.203
14 38 0.546 0.305
14 39 0.362 0.24
14 40 0.628 0.336
14 41 0.631 0.264
14 42 0.568 0.239
14 43 0.664 0.361
14 44 0.552 0.338
14 45 0.29 0.196
14 46 0.703 0.292
14 47 0.706 0.341
14 48 0.818 0.339
14 49 0.699 0.212
14 50 0.678 0.266
15 16 0.559 0.168
15 17 0.508 0.116
15 18 0.694 0.246
15 19 0.576 0.166
15 20 0.532 0.21
15 21 0.611 0.167
15 22 0.592 0.148
15 23 0.665 0.121
15 24 0.531 0.224
15 25 0.522 0.207
15 26 0.42 0.128
15 27 0.518 0.19
15 28 0.392 0.214
15 29 0.496 0.218
15 30 0.222 0.207
15 31 0.374 0.139
15 32 0.66 0.092
15 33 0.69 0.205
15 34 0.494 0.144
15 35 0.58 0.213
15 36 0.561 0.062
15 37 0.616 0.124
15 38 0.5 0.231
15 39 0.455 0.227
15 40 0.583 0.188
15 41 0.186 0.116
15 42 0.584 0.16
15 43 0.698 0.256
15 44 0.427 0.194
15 45 0.543 0.109
15 46 0.48 0.157
15 47 0.54 0.13
15 48 0.547 0.245
15 49 0.536 0.097
15 50 0.606 0.202
16 17 0.594 0.267
16 18 0.779 0.207
16 19 0.455 0.222
16 20 0.544 0.282
16 21 0.668 0.252
16 22 0.641 0.222
16 23 0.307 0.08
16 24 0.677 0.146
16 25 0.422 0.325
16 26 0.659 0.23
16 27 0.488 0.3
16 28 0.674 0.23
16 29 0.586 0.358
16 30 0.623 0.234
16 31 0.564 0.15
16 32 0.83 0.194
16 33 0.596 0.214
16 34 0.616 0.308
16 35 0.744 0.344
16 36 0.404 0.206
16 37 0.584 0.18
16 38 0.601 0.276
16 39 0.642 0.254
16 40 0.476 0.08
16 41 0.373 0.136
16 42 0.428 0.216
16 43 0.654 0.302
16 44 0.517 0.26
16 45 0.138 0.068
16 46 0.551 0.244
16 47 0.726 0.178
16 48 0.764 0.312
16 49 0.524 0.134
16 50 0.554 0.329
17 18 0.544 0.21
17 19 0.59 0.196
17 20 0.574 0.136
17 21 0.736 0.228
17 22 0.557 0.184
17 23 0.638 0.237
17 24 0.712 0.182
17 25 0.779 0.273
17 26 0.63 0.164
17 27 0.444 0.226
17 28 0.597 0.098
17 29 0.628 0.254
17 30 0.572 0.243
17 31 0.812 0.249
17 32 0.448 0.128
17 33 0.462 0.228
17 34 0.572 0.176
17 35 0.584 0.158
17 36 0.522 0.098
17 37 0.606 0.154
17 38 0.491 0.157
17 39 0.591 0.249
17 40 0.623 0.224
17 41 0.322 0.2
17 42 0.477 0.19
17 43 0.494 0.14
17 44 0.722 0.194
17 45 0.606 0.225
17 46 0.494 0.252
17 47 0.668 0.246
17 48 0.679 0.242
17 49 0.438 0.133
17 50 0.49 0.118
18 19 0.636 0.261
18 20 0.574 0.2
18 21 0.31 0.234
18 22 0.659 0.137
18 23 0.489 0.177
18 24 0.579 0.061
18 25 0.712 0.322
18 26 0.301 0.205
18 27 0.744 0.309
18 28 0.668 0.145
18 29 0.526 0.315
18 30 0.496 0.29
18 31 0.376 0.107
18 32 0.704 0.241
18 33 0.254 0.156
18 34 0.725 0.229
18 35 0.592 0.338
18 36 0.375 0.233
18 37 0.59 0.252
18 38 0.647 0.235
18 39 0.657 0.196
18 40 0.309 0.198
18 41 0.733 0.233
18 42 0.358 0.216
18 43 0.488 0.244
18 44 0.494 0.255
18 45 0.647 0.189
18 46 0.632 0.343
18 47 0.558 0.209
18 48 0.735 0.254
18 49 0.502 0.232
18 50 0.514 0.171
19 20 0.368 0.222
19 21 0.654 0.24
19 22 0.394 0.172
19 23 0.547 0.224
19 24 0.486 0.248
19 25 0.552 0.14
19 26 0.335 0.102
19 27 0.457 0.088
19 28 0.393 0.264
19 29 0.372 0.188
19 30 0.618 0.248
19 31 0.339 0.154
19 32 0.8 0.138
19 33 0.45 0.17
19 34 0.436 0.168
19 35 0.577 0.27
19 36 0.448 0.212
19 37 0.506 0.042
19 38 0.409 0.232
19 39 0.476 0.21
19 40 0.419 0.245
19 41 0.512 0.278
19 42 0.402 0.078
19 43 0.684 0.258
19 44 0.47 0.251
19 45 0.317 0.227
19 46 0.096 0.082
19 47 0.711 0.18
19 48 0.724 0.219
19 49 0.473 0.247
19 50 0.692 0.165
20 21 0.347 0.132
20 22 0.559 0.083
20 23 0.636 0.246
20 24 0.572 0.159
20 25 0.603 0.234
20 26 0.703 0.151
20 27 0.447 0.24
20 28 0.586 0.234
20 29 0.557 0.261
20 30 0.559 0.115
20 31 0.48 0.307
20 32 0.704 0.187
20 33 0.517 0.204
20 34 0.575 0.278
20 35 0.376 0.284
20 36 0.406 0.176
20 37 0.476 0.18
20 38 0.319 0.168
20 39 0.461 0.244
20 40 0.579 0.219
20 41 0.56 0.213
20 42 0.77 0.216
20 43 0.637 0.215
20 44 0.484 0.166
20 45 0.406 0.234
20 46 0.464 0.278
20 47 0.435 0.197
20 48 0.356 0.106
20 49 0.509 0.225
20 50 0.482 0.252
21 22 0.349 0.152
21 23 0.683 0.172
21 24 0.715 0.228
21 25 0.477 0.292
21 26 0.562 0.228
21 27 0.658 0.258
21 28 0.422 0.254
21 29 0.495 0.18
21 30 0.486 0.056
21 31 0.6 0.242
21 32 0.532 0.24
21 33 0.464 0.236
21 34 0.652 0.178
21 35 0.478 0.175
21 36 0.412 0.166
21 37 0.665 0.256
21 38 0.337 0.146
21 39 0.736 0.263
21 40 0.591 0.292
21 41 0.596 0.116
21 42 0.668 0.292
21 43 0.29 0.276
21 44 0.184 0.034
21 45 0.563 0.184
21 46 0.591 0.158
21 47 0.716 0.297
21 48 0.694 0.238
21 49 0.633 0.166
21 50 0.692 0.12
22 23 0.334 0.243
22 24 0.717 0.076
22 25 0.588 0.312
22 26 0.543 0.088
22 27 0.592 0.258
22 28 0.403 0.16
22 29 0.668 0.178
22 30 0.645 0.188
22 31 0.418 0.244
22 32 0.672 0.124
22 33 0.652 0.171
22 34 0.683 0.262
22 35 0.472 0.201
22 36 0.393 0.13
22 37 0.372 0.13
22 38 0.486 0.098
22 39 0.725 0.211
22 40 0.572 0.256
22 41 0.489 0.264
22 42 0.488 0.166
22 43 0.639 0.152
22 44 0.165 0.118
22 45 0.544 0.255
22 46 0.49 0.228
22 47 0.504 0.224
22 48 0.368 0.158
22 49 0.736 0.165
22 50 0.66 0.204
23 24 0.731 0.226
23 25 0.492 0.245
23 26 0.453 0.222
23 27 0.632 0.311
23 28 0.658 0.31
23 29 0.62 0.307
23 30 0.729 0.154
23 31 0.514 0.07
23 32 0.793 0.213
23 33 0.644 0.259
23 34 0.634 0.232
23 35 0.806 0.288
23 36 0.588 0.183
23 37 0.388 0.245
23 38 0.476 0.22
23 39 0.544 0.241
23 40 0.568 0.152
23 41 0.479 0.056
23 42 0.702 0.218
23 43 0.83 0.256
23 44 0.499 0.204
23 45 0.23 0.012
23 46 0.643 0.188
23 47 0.612 0.225
23 48 0.548 0.324
23 49 0.528 0.214
23 50 0.378 0.249
24 25 0.506 0.261
24 26 0.278 0.164
24 27 0.514 0.333
24 28 0.593 0.084
24 29 0.603 0.254
24 30 0.683 0.264
24 31 0.564 0.168
24 32 0.644 0.2
24 33 0.673 0.095
24 34 0.597 0.255
24 35 0.652 0.277
24 36 0.344 0.206
24 37 0.391 0.206
24 38 0.592 0.174
24 39 0.703 0.135
24 40 0.355 0.207
24 41 0.594 0.222
24 42 0.486 0.242
24 43 0.808 0.183
24 44 0.554 0.194
24 45 0.693 0.214
24 46 0.39 0.304
24 47 0.225 0.148
24 48 0.694 0.193
24 49 0.625 0.241
24 50 0.694 0.232
25 26 0.554 0.242
25 27 0.588 0.072
25 28 0.883 0.33
25 29 0.524 0.3
25 30 0.744 0.348
25 31 0.782 0.294
25 32 0.442 0.258
25 33 0.66 0.31
25 34 0.583 0.152
25 35 0.322 0.13
25 36 0.628 0.244
25 37 0.779 0.182
25 38 0.596 0.306
25 39 0.432 0.272
25 40 0.708 0.292
25 41 0.701 0.301
25 42 0.726 0.218
25 43 0.513 0.362
25 44 0.645 0.296
25 45 0.56 0.257
25 46 0.514 0.222
25 47 0.574 0.32
25 48 0.849 0.34
25 49 0.682 0.273
25 50 0.456 0.21
26 27 0.69 0.19
26 28 0.616 0.248
26 29 0.433 0.266
26 30 0.642 0.255
26 31 0.664 0.256
26 32 0.562 0.036
26 33 0.555 0.215
26 34 0.672 0.27
26 35 0.643 0.261
26 36 0.602 0.11
26 37 0.669 0.144
26 38 0.603 0.186
26 39 0.811 0.232
26 40 0.61 0.236
26 41 0.606 0.24
26 42 0.659 0.18
26 43 0.626 0.22
26 44 0.378 0.206
26 45 0.521 0.21
26 46 0.431 0.184
26 47 0.503 0.17
26 48 0.73 0.117
26 49 0.644 0.145
26 50 0.416 0.24
27 28 0.664 0.324
27 29 0.738 0.276
27 30 0.692 0.311
27 31 0.368 0.242
27 32 0.52 0.202
27 33 0.599 0.24
27 34 0.128 0.08
27 35 0.696 0.202
27 36 0.538 0.172
27 37 0.688 0.13
27 38 0.392 0.28
27 39 0.231 0.2
27 40 0.539 0.22
27 41 0.496 0.306
27 42 0.46 0.166
27 43 0.534 0.296
27 44 0.718 0.224
27 45 0.626 0.299
27 46 0.468 0.17
27 47 0.289 0.268
27 48 0.682 0.307
27 49 0.568 0.201
27 50 0.384 0.138
28 29 0.422 0.217
28 30 0.614 0.31
28 31 0.732 0.252
28 32 0.845 0.226
28 33 0.414 0.179
28 34 0.792 0.274
28 35 0.632 0.256
28 36 0.466 0.196
28 37 0.27 0.222
28 38 0.598 0.255
28 39 0.757 0.219
28 40 0.645 0.291
28 41 0.578 0.282
28 42 0.584 0.258
28 43 0.648 0.238
28 44 0.238 0.22
28 45 0.617 0.298
28 46 0.489 0.286
28 47 0.669 0.232
28 48 0.748 0.277
28 49 0.592 0.231
28 50 0.572 0.216
29 30 0.642 0.236
29 31 0.711 0.269
29 32 0.702 0.23
29 33 0.272 0.182
29 34 0.616 0.253
29 35 0.21 0.21
29 36 0.646 0.2
29 37 0.686 0.23
29 38 0.703 0.276
29 39 0.692 0.142
29 40 0.599 0.316
29 41 0.604 0.296
29 42 0.586 0.266
29 43 0.506 0.27
29 44 0.526 0.214
29 45 0.61 0.319
29 46 0.276 0.162
29 47 0.618 0.294
29 48 0.567 0.28
29 49 0.642 0.235
29 50 0.432 0.195
30 31 0.596 0.224
30 32 0.628 0.219
30 33 0.474 0.18
30 34 0.618 0.234
30 35 0.608 0.231
30 36 0.339 0.189
30 37 0.68 0.264
30 38 0.715 0.09
30 39 0.519 0.22
30 40 0.637 0.306
30 41 0.25 0.098
30 42 0.637 0.244
30 43 0.646 0.22
30 44 0.48 0.09
30 45 0.607 0.166
30 46 0.522 0.166
30 47 0.745 0.292
30 48 0.699 0.221
30 49 0.639 0.11
30 50 0.51 0.176
31 32 0.622 0.231
31 33 0.63 0.225
31 34 0.496 0.283
31 35 0.707 0.352
31 36 0.542 0.201
31 37 0.624 0.196
31 38 0.38 0.253
31 39 0.35 0.265
31 40 0.209 0.091
31 41 0.525 0.126
31 42 0.474 0.232
31 43 0.72 0.313
31 44 0.583 0.274
31 45 0.437 0.082
31 46 0.435 0.236
31 47 0.507 0.189
31 48 0.435 0.323
31 49 0.622 0.232
31 50 0.607 0.278
32 33 0.45 0.217
32 34 0.414 0.236
32 35 0.702 0.225
32 36 0.824 0.074
32 37 0.639 0.18
32 38 0.598 0.219
32 39 0.586 0.239
32 40 0.831 0.2
32 41 0.657 0.208
32 42 0.679 0.216
32 43 0.596 0.256
32 44 0.628 0.206
32 45 0.692 0.201
32 46 0.754 0.22
32 47 0.46 0.134
32 48 0.616 0.153
32 49 0.834 0.109
32 50 0.67 0.246
33 34 0.471 0.16
33 35 0.48 0.26
33 36 0.374 0.143
33 37 0.573 0.128
33 38 0.431 0.264
33 39 0.42 0.04
33 40 0.563 0.134
33 41 0.504 0.262
33 42 0.612 0.164
33 43 0.234 0.088
33 44 0.602 0.269
33 45 0.734 0.247
33 46 0.546 0.226
33 47 0.448 0.112
33 48 0.588 0.098
33 49 0.698 0.17
33 50 0.598 0.218
34 35 0.568 0.282
34 36 0.666 0.206
34 37 0.75 0.21
34 38 0.52 0.299
34 39 0.359 0.12
34 40 0.654 0.294
34 41 0.368 0.26
34 42 0.588 0.246
34 43 0.45 0.216
34 44 0.707 0.144
34 45 0.556 0.244
34 46 0.34 0.17
34 47 0.372 0.272
34 48 0.702 0.258
34 49 0.528 0.241
34 50 0.256 0.058
35 36 0.648 0.195
35 37 0.626 0.249
35 38 0.526 0.299
35 39 0.663 0.3
35 40 0.648 0.287
35 41 0.394 0.27
35 42 0.796 0.285
35 43 0.57 0.298
35 44 0.422 0.209
35 45 0.64 0.276
35 46 0.486 0.333
35 47 0.584 0.265
35 48 0.732 0.358
35 49 0.522 0.23
35 50 0.642 0.276
36 37 0.407 0.186
36 38 0.386 0.213
36 39 0.582 0.183
36 40 0.333 0.126
36 41 0.589 0.178
36 42 0.491 0.21
36 43 0.464 0.231
36 44 0.228 0.132
36 45 0.542 0.171
36 46 0.458 0.164
36 47 0.569 0.192
36 48 0.36 0.227
36 49 0.452 0.079
36 50 0.512 0.216
37 38 0.328 0.19
37 39 0.52 0.168
37 40 0.656 0.236
37 41 0.43 0.236
37 42 0.314 0.036
37 43 0.776 0.216
37 44 0.508 0.248
37 45 0.59 0.233
37 46 0.41 0.098
37 47 0.399 0.138
37 48 0.74 0.226
37 49 0.624 0.221
37 50 0.533 0.207
38 39 0.623 0.282
38 40 0.589 0.305
38 41 0.465 0.188
38 42 0.533 0.154
38 43 0.553 0.23
38 44 0.456 0.18
38 45 0.659 0.208
38 46 0.471 0.256
38 47 0.468 0.237
38 48 0.675 0.256
38 49 0.296 0.2
38 50 0.518 0.258
39 40 0.348 0.174
39 41 0.269 0.222
39 42 0.548 0.204
39 43 0.593 0.128
39 44 0.56 0.229
39 45 0.626 0.253
39 46 0.572 0.266
39 47 0.493 0.152
39 48 0.785 0.138
39 49 0.337 0.13
39 50 0.615 0.178
40 41 0.617 0.208
40 42 0.477 0.2
40 43 0.797 0.222
40 44 0.407 0.258
40 45 0.338 0.14
40 46 0.323 0.29
40 47 0.58 0.098
40 48 0.644 0.232
40 49 0.658 0.205
40 50 0.398 0.31
41 42 0.594 0.2
41 43 0.738 0.312
41 44 0.613 0.15
41 45 0.357 0.068
41 46 0.608 0.244
41 47 0.495 0.246
41 48 0.56 0.319
41 49 0.389 0.208
41 50 0.624 0.236
42 43 0.846 0.252
42 44 0.52 0.284
42 45 0.566 0.206
42 46 0.328 0.134
42 47 0.444 0.102
42 48 0.426 0.262
42 49 0.407 0.211
42 50 0.652 0.203
43 44 0.474 0.27
43 45 0.762 0.244
43 46 0.695 0.314
43 47 0.65 0.2
43 48 0.822 0.186
43 49 0.615 0.258
43 50 0.706 0.202
44 45 0.379 0.192
44 46 0.466 0.192
44 47 0.57 0.312
44 48 0.51 0.272
44 49 0.602 0.2
44 50 0.508 0.086
45 46 0.413 0.176
45 47 0.643 0.237
45 48 0.702 0.327
45 49 0.607 0.202
45 50 0.608 0.261
46 47 0.615 0.236
46 48 0.754 0.301
46 49 0.569 0.243
46 50 0.596 0.228
47 48 0.58 0.21
47 49 0.4 0.227
47 50 0.47 0.305
48 49 0.479 0.262
48 50 0.619 0.316
49 50 0.613 0.249
node_demand
0.2
0.075
0.175
0.225
0.025
0.175
0.1
0.175
0.05
0.05
0.175
0.075
0.2
0.025
0.05
0.025
0.025
0.175
0.025
0.1
0.125
0.2
0.025
0.1
0.15
0.05
0.225
0.2
0.125
0.05
0.15
0.1
0.025
0.2
0.2
0.1
0.075
0.2
0.125
0.125
0.025
0.075
0.05
0.1
0.075
0.05
0.1
0.125
0.025
0.225
