50
0 1 0.8 0.222
0 2 0.703 0.276
0 3 0.508 0.324
0 4 0.45 0.25
0 5 0.612 0.225
0 6 0.496 0.312
0 7 0.718 0.226
0 8 0.576 0.316
0 9 0.576 0.336
0 10 0.702 0.263
0 11 0.494 0.236
0 12 0.474 0.258
0 13 0.76 0.264
0 14 0.722 0.197
0 15 0.608 0.338
0 16 0.768 0.278
0 17 0.606 0.212
0 18 0.76 0.146
0 19 0.62 0.263
0 20 0.584 0.194
0 21 0.382 0.088
0 22 0.56 0.121
0 23 0.486 0.267
0 24 0.462 0.161
0 25 0.55 0.29
0 26 0.586 0.292
0 27 0.746 0.24
0 28 0.63 0.248
0 29 0.604 0.253
0 30 0.644 0.196
0 31 0.773 0.27
0 32 0.732 0.275
0 33 0.662 0.357
0 34 0.478 0.272
0 35 0.576 0.364
0 36 0.534 0.145
0 37 0.347 0.136
0 38 0.652 0.266
0 39 0.59 0.312
0 40 0.546 0.202
0 41 0.654 0.229
0 42 0.588 0.3
0 43 0.396 0.119
0 44 0.689 0.345
0 45 0.552 0.313
0 46 0.622 0.247
0 47 0.578 0.277
0 48 0.567 0.357
0 49 0.744 0.23
0 50 0.571 0.266
1 2 0.507 0.195
1 3 0.694 0.261
1 4 0.525 0.232
1 5 0.482 0.186
1 6 0.334 0.138
1 7 0.524 0.269
1 8 0.477 0.133
1 9 0.48 0.206
1 10 0.272 0.253
1 11 0.484 0.254
1 12 0.678 0.208
1 13 0.684 0.201
1 14 0.638 0.187
1 15 0.391 0.133
1 16 0.602 0.228
1 17 0.668 0.257
1 18 0.334 0.144
1 19 0.424 0.08
1 20 0.704 0.229
1 21 0.533 0.202
1 22 0.458 0.281
1 23 0.538 0.208
1 24 0.508 0.255
1 25 0.444 0.241
1 26 0.524 0.264
1 27 0.672 0.19
1 28 0.592 0.321
1 29 0.606 0.197
1 30 0.66 0.146
1 31 0.642 0.156
1 32 0.752 0.164
1 33 0.772 0.275
1 34 0.434 0.19
1 35 0.556 0.293
1 36 0.653 0.18
1 37 0.539 0.086
1 38 0.653 0.12
1 39 0.639 0.249
1 40 0.552 0.228
1 41 0.308 0.262
1 42 0.608 0.29
1 43 0.748 0.292
1 44 0.624 0.292
1 45 0.608 0.228
1 46 0.314 0.262
1 47 0.573 0.282
1 48 0.558 0.174
1 49 0.439 0.167
1 50 0.51 0.203
2 3 0.627 0.234
2 4 0.66 0.218
2 5 0.752 0.244
2 6 0.425 0.127
2 7 0.319 0.198
2 8 0.593 0.172
2 9 0.672 0.261
2 10 0.666 0.295
2 11 0.336 0.288
2 12 0.388 0.018
2 13 0.665 0.228
2 14 0.564 0.237
2 15 0.116 0.062
2 16 0.597 0.162
2 17 0.54 0.186
2 18 0.63 0.186
2 19 0.394 0.225
2 20 0.478 0.256
2 21 0.561 0.244
2 22 0.562 0.226
2 23 0.557 0.137
2 24 0.582 0.186
2 25 0.694 0.264
2 26 0.597 0.198
2 27 0.531 0.124
2 28 0.66 0.293
2 29 0.598 0.186
2 30 0.492 0.08
2 31 0.34 0.206
2 32 0.782 0.166
2 33 0.526 0.264
2 34 0.225 0.079
2 35 0.568 0.325
2 36 0.53 0.234
2 37 0.358 0.14
2 38 0.606 0.109
2 39 0.524 0.276
2 40 0.415 0.188
2 41 0.551 0.254
2 42 0.533 0.258
2 43 0.552 0.285
2 44 0.65 0.269
2 45 0.596 0.217
2 46 0.705 0.287
2 47 0.348 0.127
2 48 0.528 0.256
2 49 0.566 0.194
2 50 0.575 0.236
3 4 0.673 0.212
3 5 0.701 0.232
3 6 0.776 0.271
3 7 0.572 0.27
3 8 0.543 0.317
3 9 0.362 0.236
3 10 0.673 0.108
3 11 0.449 0.35
3 12 0.243 0.216
3 13 0.67 0.128
3 14 0.647 0.174
3 15 0.606 0.206
3 16 0.266 0.222
3 17 0.524 0.172
3 18 0.759 0.225
3 19 0.52 0.281
3 20 0.798 0.156
3 21 0.7 0.236
3 22 0.53 0.268
3 23 0.607 0.279
3 24 0.646 0.268
3 25 0.65 0.252
3 26 0.757 0.323
3 27 0.437 0.252
3 28 0.538 0.324
3 29 0.571 0.256
3 30 0.395 0.208
3 31 0.752 0.322
3 32 0.391 0.226
3 33 0.464 0.295
3 34 0.589 0.23
3 35 0.373 0.149
3 36 0.691 0.293
3 37 0.805 0.268
3 38 0.572 0.307
3 39 0.48 0.176
3 40 0.699 0.292
3 41 0.672 0.32
3 42 0.446 0.071
3 43 0.714 0.237
3 44 0.601 0.13
3 45 0.596 0.257
3 46 0.624 0.272
3 47 0.625 0.326
3 48 0.516 0.248
3 49 0.431 0.094
3 50 0.576 0.226
4 5 0.655 0.163
4 6 0.7 0.221
4 7 0.7 0.17
4 8 0.439 0.205
4 9 0.416 0.264
4 10 0.706 0.174
4 11 0.324 0.175
4 12 0.698 0.214
4 13 0.54 0.152
4 14 0.44 0.108
4 15 0.622 0.156
4 16 0.608 0.234
4 17 0.684 0.306
4 18 0.644 0.159
4 19 0.708 0.152
4 20 0.674 0.056
4 21 0.622 0.217
4 22 0.623 0.202
4 23 0.208 0.081
4 24 0.518 0.242
4 25 0.431 0.152
4 26 0.454 0.182
4 27 0.655 0.108
4 28 0.705 0.237
4 29 0.576 0.233
4 30 0.61 0.152
4 31 0.724 0.218
4 32 0.282 0.068
4 33 0.657 0.258
4 34 0.692 0.254
4 35 0.438 0.282
4 36 0.644 0.258
4 37 0.438 0.164
4 38 0.53 0.305
4 39 0.634 0.2
4 40 0.639 0.178
4 41 0.438 0.198
4 42 0.511 0.211
4 43 0.666 0.269
4 44 0.696 0.294
4 45 0.546 0.257
4 46 0.665 0.307
4 47 0.496 0.204
4 48 0.574 0.246
4 49 0.466 0.118
4 50 0.723 0.313
5 6 0.616 0.213
5 7 0.691 0.285
5 8 0.767 0.232
5 9 0.763 0.226
5 10 0.547 0.13
5 11 0.462 0.286
5 12 0.576 0.226
5 13 0.638 0.172
5 14 0.486 0.196
5 15 0.768 0.195
5 16 0.674 0.273
5 17 0.682 0.333
5 18 0.148 0.145
5 19 0.487 0.179
5 20 0.518 0.2
5 21 0.425 0.203
5 22 0.54 0.276
5 23 0.468 0.12
5 24 0.681 0.236
5 25 0.717 0.296
5 26 0.338 0.221
5 27 0.472 0.147
5 28 0.462 0.24
5 29 0.558 0.154
5 30 0.804 0.191
5 31 0.456 0.255
5 32 0.518 0.095
5 33 0.406 0.271
5 34 0.636 0.218
5 35 0.328 0.139
5 36 0.538 0.288
5 37 0.577 0.251
5 38 0.702 0.306
5 39 0.502 0.22
5 40 0.366 0.205
5 41 0.698 0.237
5 42 0.494 0.167
5 43 0.381 0.106
5 44 0.584 0.29
5 45 0.678 0.247
5 46 0.396 0.269
5 47 0.59 0.196
5 48 0.621 0.172
5 49 0.299 0.138
5 50 0.779 0.305
6 7 0.512 0.166
6 8 0.664 0.162
6 9 0.607 0.241
6 10 0.606 0.25
6 11 0.615 0.281
6 12 0.626 0.145
6 13 0.63 0.255
6 14 0.51 0.184
6 15 0.309 0.065
6 16 0.558 0.289
6 17 0.658 0.174
6 18 0.53 0.235
6 19 0.556 0.109
6 20 0.809 0.236
6 21 0.74 0.293
6 22 0.575 0.191
6 23 0.764 0.14
6 24 0.249 0.151
6 25 0.713 0.27
6 26 0.509 0.238
6 27 0.448 0.167
6 28 0.418 0.295
6 29 0.464 0.059
6 30 0.609 0.207
6 31 0.709 0.185
6 32 0.418 0.193
6 33 0.442 0.282
6 34 0.65 0.206
6 35 0.583 0.305
6 36 0.726 0.227
6 37 0.27 0.224
6 38 0.642 0.127
6 39 0.854 0.303
6 40 0.711 0.298
6 41 0.642 0.246
6 42 0.738 0.287
6 43 0.553 0.299
6 44 0.544 0.321
6 45 0.562 0.235
6 46 0.648 0.231
6 47 0.524 0.229
6 48 0.422 0.203
6 49 0.599 0.221
6 50 0.74 0.12
7 8 0.68 0.273
7 9 0.493 0.152
7 10 0.685 0.213
7 11 0.509 0.275
7 12 0.648 0.216
7 13 0.818 0.21
7 14 0.491 0.166
7 15 0.203 0.136
7 16 0.685 0.244
7 17 0.722 0.245
7 18 0.543 0.217
7 19 0.672 0.266
7 20 0.577 0.114
7 21 0.632 0.275
7 22 0.372 0.105
7 23 0.61 0.173
7 24 0.606 0.145
7 25 0.599 0.21
7 26 0.353 0.072
7 27 0.607 0.146
7 28 0.498 0.289
7 29 0.46 0.131
7 30 0.429 0.19
7 31 0.659 0.256
7 32 0.532 0.238
7 33 0.64 0.296
7 34 0.544 0.277
7 35 0.558 0.216
7 36 0.606 0.243
7 37 0.592 0.25
7 38 0.719 0.216
7 39 0.688 0.238
7 40 0.734 0.331
7 41 0.726 0.278
7 42 0.542 0.25
7 43 0.577 0.331
7 44 0.47 0.29
7 45 0.625 0.108
7 46 0.516 0.231
7 47 0.64 0.256
7 48 0.592 0.172
7 49 0.49 0.176
7 50 0.751 0.286
8 9 0.202 0.121
8 10 0.513 0.226
8 11 0.646 0.253
8 12 0.48 0.154
8 13 0.618 0.235
8 14 0.66 0.16
8 15 0.477 0.227
8 16 0.394 0.224
8 17 0.47 0.308
8 18 0.628 0.211
8 19 0.362 0.053
8 20 0.638 0.204
8 21 0.54 0.269
8 22 0.507 0.254
8 23 0.543 0.256
8 24 0.714 0.259
8 25 0.662 0.108
8 26 0.533 0.247
8 27 0.47 0.229
8 28 0.328 0.188
8 29 0.694 0.221
8 30 0.501 0.216
8 31 0.32 0.129
8 32 0.508 0.137
8 33 0.576 0.32
8 34 0.744 0.251
8 35 0.524 0.208
8 36 0.591 0.171
8 37 0.629 0.219
8 38 0.221 0.196
8 39 0.714 0.34
8 40 0.543 0.247
8 41 0.648 0.255
8 42 0.574 0.263
8 43 0.679 0.325
8 44 0.446 0.187
8 45 0.386 0.165
8 46 0.56 0.302
8 47 0.697 0.299
8 48 0.496 0.147
8 49 0.676 0.266
8 50 0.585 0.282
9 10 0.311 0.202
9 11 0.684 0.226
9 12 0.605 0.243
9 13 0.416 0.229
9 14 0.573 0.246
9 15 0.616 0.288
9 16 0.192 0.103
9 17 0.268 0.196
9 18 0.788 0.297
9 19 0.564 0.174
9 20 0.436 0.208
9 21 0.338 0.248
9 22 0.616 0.257
9 23 0.622 0.213
9 24 0.594 0.274
9 25 0.46 0.229
9 26 0.643 0.224
9 27 0.672 0.186
9 28 0.528 0.309
9 29 0.68 0.268
9 30 0.602 0.185
9 31 0.522 0.25
9 32 0.471 0.258
9 33 0.374 0.307
9 34 0.564 0.324
9 35 0.726 0.087
9 36 0.414 0.292
9 37 0.756 0.221
9 38 0.423 0.152
9 39 0.519 0.277
9 40 0.67 0.302
9 41 0.638 0.33
9 42 0.372 0.165
9 43 0.536 0.332
9 44 0.64 0.21
9 45 0.588 0.044
9 46 0.551 0.217
9 47 0.692 0.192
9 48 0.593 0.221
9 49 0.608 0.195
9 50 0.781 0.25
10 11 0.75 0.242
10 12 0.476 0.277
10 13 0.727 0.214
10 14 0.522 0.066
10 15 0.663 0.314
10 16 0.503 0.205
10 17 0.484 0.28
10 18 0.522 0.117
10 19 0.563 0.173
10 20 0.572 0.118
10 21 0.585 0.175
10 22 0.4 0.16
10 23 0.646 0.25
10 24 0.558 0.2
10 25 0.669 0.214
10 26 0.332 0.24
10 27 0.48 0.247
10 28 0.533 0.267
10 29 0.394 0.191
10 30 0.438 0.25
10 31 0.452 0.214
10 32 0.562 0.225
10 33 0.685 0.187
10 34 0.706 0.316
10 35 0.442 0.115
10 36 0.705 0.185
10 37 0.571 0.19
10 38 0.734 0.324
10 39 0.511 0.19
10 40 0.74 0.287
10 41 0.416 0.226
10 42 0.603 0.037
10 43 0.738 0.231
10 44 0.502 0.238
10 45 0.512 0.223
10 46 0.544 0.245
10 47 0.65 0.218
10 48 0.429 0.244
10 49 0.658 0.18
10 50 0.528 0.327
11 12 0.692 0.29
11 13 0.528 0.318
11 14 0.228 0.176
11 15 0.306 0.226
11 16 0.609 0.31
11 17 0.756 0.268
11 18 0.562 0.227
11 19 0.572 0.2
11 20 0.425 0.228
11 21 0.793 0.285
11 22 0.56 0.17
11 23 0.532 0.256
11 24 0.579 0.13
11 25 0.648 0.324
11 26 0.457 0.346
11 27 0.478 0.272
11 28 0.562 0.194
11 29 0.364 0.222
11 30 0.37 0.228
11 31 0.418 0.276
11 32 0.606 0.243
11 33 0.554 0.268
11 34 0.561 0.367
11 35 0.588 0.29
11 36 0.539 0.262
11 37 0.552 0.168
11 38 0.462 0.29
11 39 0.658 0.37
11 40 0.63 0.31
11 41 0.758 0.336
11 42 0.582 0.279
11 43 0.59 0.198
11 44 0.614 0.367
11 45 0.26 0.182
11 46 0.704 0.296
11 47 0.684 0.205
11 48 0.706 0.294
11 49 0.552 0.29
11 50 0.776 0.314
12 13 0.678 0.21
12 14 0.48 0.246
12 15 0.504 0.08
12 16 0.509 0.144
12 17 0.708 0.204
12 18 0.674 0.204
12 19 0.545 0.207
12 20 0.608 0.238
12 21 0.573 0.262
12 22 0.538 0.208
12 23 0.588 0.133
12 24 0.708 0.168
12 25 0.811 0.246
12 26 0.7 0.18
12 27 0.68 0.106
12 28 0.711 0.289
12 29 0.616 0.204
12 30 0.485 0.062
12 31 0.509 0.216
12 32 0.416 0.148
12 33 0.518 0.246
12 34 0.346 0.097
12 35 0.616 0.307
12 36 0.448 0.216
12 37 0.702 0.122
12 38 0.55 0.091
12 39 0.723 0.258
12 40 0.456 0.17
12 41 0.711 0.25
12 42 0.508 0.24
12 43 0.471 0.303
12 44 0.414 0.251
12 45 0.688 0.199
12 46 0.394 0.305
12 47 0.382 0.145
12 48 0.536 0.262
12 49 0.646 0.176
12 50 0.49 0.254
13 14 0.694 0.148
13 15 0.662 0.29
13 16 0.494 0.23
13 17 0.588 0.294
13 18 0.786 0.199
13 19 0.6 0.182
13 20 0.748 0.096
13 21 0.5 0.176
13 22 0.446 0.242
13 23 0.628 0.219
13 24 0.466 0.222
13 25 0.49 0.192
13 26 0.676 0.266
13 27 0.618 0.192
13 28 0.68 0.349
13 29 0.681 0.196
13 30 0.643 0.148
13 31 0.666 0.258
13 32 0.424 0.098
13 33 0.647 0.342
13 34 0.44 0.16
13 35 0.548 0.277
13 36 0.492 0.3
13 37 0.48 0.208
13 38 0.518 0.301
13 39 0.624 0.116
13 40 0.731 0.208
13 41 0.648 0.26
13 42 0.56 0.199
13 43 0.379 0.26
13 44 0.691 0.258
13 45 0.659 0.256
13 46 0.59 0.169
13 47 0.59 0.226
13 48 0.569 0.276
13 49 0.37 0.034
13 50 0.652 0.322
14 15 0.534 0.249
14 16 0.381 0.266
14 17 0.841 0.238
14 18 0.338 0.051
14 19 0.668 0.107
14 20 0.526 0.052
14 21 0.614 0.109
14 22 0.56 0.094
14 23 0.582 0.189
14 24 0.351 0.134
14 25 0.654 0.148
14 26 0.528 0.197
14 27 0.25 0.181
14 28 0.546 0.201
14 29 0.136 0.125
14 30 0.598 0.184
14 31 0.428 0.183
14 32 0.584 0.176
14 33 0.426 0.236
14 34 0.662 0.25
14 35 0.36 0.181
14 36 0.511 0.218
14 37 0.498 0.124
14 38 0.682 0.287
14 39 0.694 0.196
14 40 0.437 0.221
14 41 0.53 0.16
14 42 0.354 0.103
14 43 0.406 0.165
14 44 0.606 0.29
14 45 0.488 0.202
14 46 0.611 0.199
14 47 0.617 0.284
14 48 0.708 0.178
14 49 0.324 0.114
14 50 0.64 0.286
15 16 0.588 0.224
15 17 0.611 0.239
15 18 0.717 0.231
15 19 0.486 0.174
15 20 0.594 0.212
15 21 0.677 0.289
15 22 0.446 0.241
15 23 0.673 0.075
15 24 0.466 0.216
15 25 0.682 0.308
15 26 0.527 0.176
15 27 0.424 0.102
15 28 0.701 0.231
15 29 0.663 0.124
15 30 0.608 0.142
15 31 0.456 0.212
15 32 0.709 0.224
15 33 0.437 0.252
15 34 0.341 0.141
15 35 0.464 0.276
15 36 0.646 0.222
15 37 0.474 0.202
15 38 0.516 0.171
15 39 0.64 0.338
15 40 0.531 0.233
15 41 0.582 0.192
15 42 0.636 0.277
15 43 0.444 0.301
15 44 0.673 0.331
15 45 0.566 0.244
15 46 0.59 0.225
15 47 0.464 0.189
15 48 0.62 0.268
15 49 0.682 0.256
15 50 0.548 0.185
16 17 0.46 0.279
16 18 0.719 0.309
16 19 0.455 0.212
16 20 0.628 0.258
16 21 0.53 0.294
16 22 0.503 0.261
16 23 0.675 0.153
16 24 0.707 0.301
16 25 0.46 0.249
16 26 0.738 0.2
16 27 0.631 0.126
16 28 0.401 0.301
16 29 0.492 0.271
16 30 0.41 0.082
16 31 0.696 0.236
16 32 0.628 0.234
16 33 0.506 0.276
16 34 0.372 0.241
16 35 0.538 0.19
16 36 0.606 0.236
16 37 0.61 0.142
16 38 0.615 0.235
16 39 0.526 0.278
16 40 0.698 0.199
16 41 0.591 0.27
16 42 0.18 0.168
16 43 0.634 0.379
16 44 0.448 0.107
16 45 0.542 0.136
16 46 0.359 0.311
16 47 0.656 0.244
16 48 0.57 0.118
16 49 0.697 0.196
16 50 0.615 0.262
17 18 0.747 0.232
17 19 0.706 0.255
17 20 0.659 0.29
17 21 0.48 0.174
17 22 0.35 0.144
17 23 0.85 0.286
17 24 0.853 0.184
17 25 0.593 0.29
17 26 0.57 0.261
17 27 0.723 0.281
17 28 0.664 0.286
17 29 0.796 0.233
17 30 0.614 0.266
17 31 0.589 0.331
17 32 0.53 0.264
17 33 0.432 0.309
17 34 0.556 0.198
17 35 0.604 0.255
17 36 0.655 0.264
17 37 0.8 0.326
17 38 0.582 0.295
17 39 0.552 0.26
17 40 0.73 0.364
17 41 0.86 0.18
17 42 0.64 0.243
17 43 0.576 0.315
17 44 0.45 0.279
17 45 0.753 0.24
17 46 0.494 0.125
17 47 0.507 0.163
17 48 0.572 0.161
17 49 0.682 0.266
17 50 0.734 0.054
18 19 0.394 0.158
18 20 0.37 0.103
18 21 0.573 0.058
18 22 0.416 0.145
18 23 0.553 0.156
18 24 0.682 0.185
18 25 0.569 0.199
18 26 0.19 0.146
18 27 0.588 0.183
18 28 0.559 0.252
18 29 0.474 0.176
18 30 0.658 0.227
18 31 0.308 0.234
18 32 0.616 0.227
18 33 0.554 0.287
18 34 0.488 0.265
18 35 0.476 0.232
18 36 0.39 0.213
18 37 0.429 0.175
18 38 0.554 0.236
18 39 0.46 0.247
18 40 0.218 0.17
18 41 0.586 0.211
18 42 0.636 0.154
18 43 0.529 0.216
18 44 0.623 0.242
18 45 0.708 0.253
18 46 0.544 0.148
18 47 0.508 0.238
18 48 0.501 0.229
18 49 0.447 0.165
18 50 0.631 0.286
19 20 0.552 0.159
19 21 0.376 0.216
19 22 0.534 0.201
19 23 0.516 0.203
19 24 0.686 0.241
19 25 0.546 0.161
19 26 0.336 0.194
19 27 0.418 0.176
19 28 0.466 0.241
19 29 0.746 0.168
19 30 0.436 0.22
19 31 0.492 0.076
19 32 0.536 0.084
19 33 0.416 0.309
19 34 0.619 0.27
19 35 0.548 0.23
19 36 0.229 0.118
19 37 0.496 0.166
19 38 0.304 0.2
19 39 0.352 0.287
19 40 0.612 0.194
19 41 0.286 0.202
19 42 0.635 0.21
19 43 0.603 0.272
19 44 0.256 0.212
19 45 0.451 0.218
19 46 0.588 0.274
19 47 0.585 0.294
19 48 0.134 0.094
19 49 0.544 0.216
19 50 0.589 0.229
20 21 0.774 0.161
20 22 0.618 0.146
20 23 0.636 0.137
20 24 0.617 0.186
20 25 0.628 0.096
20 26 0.56 0.186
20 27 0.716 0.164
20 28 0.586 0.253
20 29 0.462 0.177
20 30 0.795 0.176
20 31 0.678 0.206
20 32 0.83 0.124
20 33 0.574 0.288
20 34 0.703 0.198
20 35 0.64 0.233
20 36 0.323 0.248
20 37 0.779 0.176
20 38 0.518 0.329
20 39 0.714 0.144
20 40 0.445 0.234
20 41 0.582 0.164
20 42 0.623 0.155
20 43 0.614 0.217
20 44 0.63 0.238
20 45 0.685 0.222
20 46 0.474 0.251
20 47 0.743 0.26
20 48 0.686 0.23
20 49 0.378 0.062
20 50 0.586 0.29
21 22 0.373 0.203
21 23 0.628 0.214
21 24 0.706 0.243
21 25 0.793 0.257
21 26 0.712 0.204
21 27 0.364 0.241
21 28 0.685 0.31
21 29 0.684 0.234
21 30 0.637 0.212
21 31 0.603 0.292
21 32 0.809 0.274
21 33 0.61 0.333
21 34 0.528 0.256
21 35 0.397 0.29
21 36 0.605 0.155
21 37 0.729 0.224
21 38 0.442 0.178
21 39 0.689 0.224
21 40 0.64 0.228
21 41 0.448 0.239
21 42 0.65 0.212
21 43 0.539 0.207
21 44 0.318 0.286
21 45 0.533 0.286
21 46 0.517 0.206
21 47 0.694 0.296
21 48 0.398 0.287
21 49 0.592 0.142
21 50 0.619 0.228
22 23 0.675 0.25
22 24 0.594 0.04
22 25 0.596 0.242
22 26 0.606 0.177
22 27 0.474 0.223
22 28 0.62 0.184
22 29 0.586 0.132
22 30 0.264 0.179
22 31 0.677 0.277
22 32 0.562 0.27
22 33 0.682 0.316
22 34 0.677 0.305
22 35 0.395 0.256
22 36 0.305 0.138
22 37 0.532 0.209
22 38 0.483 0.299
22 39 0.316 0.277
22 40 0.634 0.315
22 41 0.63 0.222
22 42 0.518 0.197
22 43 0.494 0.24
22 44 0.352 0.224
22 45 0.593 0.213
22 46 0.144 0.126
22 47 0.644 0.307
22 48 0.474 0.272
22 49 0.765 0.208
22 50 0.572 0.198
23 24 0.64 0.29
23 25 0.624 0.233
23 26 0.584 0.101
23 27 0.592 0.027
23 28 0.64 0.156
23 29 0.718 0.199
23 30 0.757 0.071
23 31 0.576 0.137
23 32 0.49 0.149
23 33 0.654 0.177
23 34 0.764 0.216
23 35 0.28 0.201
23 36 0.745 0.201
23 37 0.607 0.131
23 38 0.322 0.224
23 39 0.438 0.267
23 40 0.431 0.158
23 41 0.23 0.117
23 42 0.495 0.279
23 43 0.604 0.226
23 44 0.635 0.26
23 45 0.518 0.176
23 46 0.531 0.265
23 47 0.685 0.123
23 48 0.604 0.201
23 49 0.258 0.185
23 50 0.533 0.232
24 25 0.733 0.282
24 26 0.492 0.217
24 27 0.601 0.263
24 28 0.625 0.144
24 29 0.215 0.092
24 30 0.36 0.219
24 31 0.589 0.317
24 32 0.667 0.291
24 33 0.691 0.276
24 34 0.789 0.265
24 35 0.654 0.296
24 36 0.862 0.136
24 37 0.519 0.169
24 38 0.761 0.259
24 39 0.848 0.317
24 40 0.673 0.276
24 41 0.517 0.22
24 42 0.548 0.237
24 43 0.715 0.28
24 44 0.748 0.256
24 45 0.689 0.23
24 46 0.738 0.166
24 47 0.769 0.313
24 48 0.671 0.312
24 49 0.382 0.248
24 50 0.778 0.238
25 26 0.729 0.147
25 27 0.679 0.221
25 28 0.639 0.296
25 29 0.518 0.273
25 30 0.447 0.184
25 31 0.762 0.214
25 32 0.632 0.22
25 33 0.49 0.371
25 34 0.722 0.294
25 35 0.703 0.316
25 36 0.75 0.279
25 37 0.49 0.244
25 38 0.738 0.304
25 39 0.462 0.24
25 40 0.44 0.324
25 41 0.394 0.26
25 42 0.64 0.251
25 43 0.759 0.313
25 44 0.766 0.142
25 45 0.776 0.238
25 46 0.452 0.194
25 47 0.548 0.228
25 48 0.68 0.247
25 49 0.73 0.158
25 50 0.321 0.236
26 27 0.53 0.074
26 28 0.369 0.257
26 29 0.45 0.203
26 30 0.524 0.118
26 31 0.406 0.184
26 32 0.426 0.238
26 33 0.584 0.224
26 34 0.447 0.268
26 35 0.5 0.236
26 36 0.456 0.215
26 37 0.239 0.178
26 38 0.64 0.271
26 39 0.65 0.31
26 40 0.408 0.259
26 41 0.622 0.218
26 42 0.558 0.252
26 43 0.406 0.263
26 44 0.554 0.218
26 45 0.531 0.18
26 46 0.627 0.294
26 47 0.318 0.192
26 48 0.47 0.1
26 49 0.326 0.232
26 50 0.441 0.254
27 28 0.321 0.183
27 29 0.386 0.226
27 30 0.674 0.044
27 31 0.678 0.11
27 32 0.828 0.176
27 33 0.631 0.15
27 34 0.746 0.203
27 35 0.549 0.228
27 36 0.503 0.198
27 37 0.703 0.104
27 38 0.688 0.197
27 39 0.534 0.24
27 40 0.653 0.185
27 41 0.487 0.144
27 42 0.554 0.284
27 43 0.488 0.253
27 44 0.476 0.233
27 45 0.738 0.203
27 46 0.618 0.292
27 47 0.488 0.118
27 48 0.552 0.174
27 49 0.338 0.158
27 50 0.715 0.227
28 29 0.41 0.236
28 30 0.688 0.227
28 31 0.648 0.293
28 32 0.516 0.305
28 33 0.31 0.132
28 34 0.773 0.32
28 35 0.644 0.346
28 36 0.358 0.172
28 37 0.52 0.266
28 38 0.549 0.287
28 39 0.708 0.397
28 40 0.632 0.314
28 41 0.716 0.256
28 42 0.581 0.304
28 43 0.58 0.232
28 44 0.608 0.194
28 45 0.632 0.332
28 46 0.476 0.31
28 47 0.369 0.254
28 48 0.592 0.21
28 49 0.659 0.315
28 50 0.582 0.34
29 30 0.575 0.189
29 31 0.374 0.244
29 32 0.601 0.249
29 33 0.54 0.33
29 34 0.574 0.265
29 35 0.474 0.246
29 36 0.647 0.228
29 37 0.362 0.249
29 38 0.546 0.186
29 39 0.714 0.244
29 40 0.458 0.306
29 41 0.536 0.285
29 42 0.49 0.228
29 43 0.542 0.24
29 44 0.635 0.348
29 45 0.624 0.224
29 46 0.684 0.236
29 47 0.554 0.288
29 48 0.612 0.262
29 49 0.46 0.162
29 50 0.691 0.179
30 31 0.738 0.154
30 32 0.53 0.152
30 33 0.418 0.194
30 34 0.61 0.159
30 35 0.656 0.272
30 36 0.554 0.154
30 37 0.41 0.06
30 38 0.702 0.153
30 39 0.542 0.196
30 40 0.819 0.202
30 41 0.527 0.188
30 42 0.558 0.25
30 43 0.613 0.297
30 44 0.616 0.189
30 45 0.329 0.178
30 46 0.408 0.305
30 47 0.656 0.162
30 48 0.57 0.2
30 49 0.742 0.114
30 50 0.768 0.271
31 32 0.442 0.16
31 33 0.545 0.26
31 34 0.478 0.285
31 35 0.444 0.22
31 36 0.56 0.194
31 37 0.645 0.214
31 38 0.508 0.276
31 39 0.768 0.287
31 40 0.526 0.27
31 41 0.658 0.254
31 42 0.516 0.251
31 43 0.397 0.348
31 44 0.712 0.278
31 45 0.409 0.294
31 46 0.678 0.282
31 47 0.608 0.228
31 48 0.626 0.17
31 49 0.732 0.268
31 50 0.484 0.305
32 33 0.375 0.308
32 34 0.762 0.245
32 35 0.661 0.234
32 36 0.652 0.202
32 37 0.566 0.212
32 38 0.568 0.239
32 39 0.707 0.203
32 40 0.575 0.11
32 41 0.533 0.266
32 42 0.793 0.262
32 43 0.384 0.201
32 44 0.508 0.296
32 45 0.604 0.302
32 46 0.542 0.254
32 47 0.506 0.272
32 48 0.63 0.178
32 49 0.692 0.132
32 50 0.525 0.313
33 34 0.751 0.188
33 35 0.734 0.302
33 36 0.645 0.212
33 37 0.488 0.254
33 38 0.603 0.155
33 39 0.768 0.377
33 40 0.688 0.335
33 41 0.702 0.294
33 42 0.686 0.224
33 43 0.513 0.364
33 44 0.404 0.326
33 45 0.747 0.263
33 46 0.786 0.368
33 47 0.636 0.268
33 48 0.282 0.215
33 49 0.524 0.308
33 50 0.811 0.28
34 35 0.643 0.313
34 36 0.755 0.313
34 37 0.583 0.219
34 38 0.831 0.188
34 39 0.654 0.218
34 40 0.501 0.267
34 41 0.552 0.306
34 42 0.308 0.301
34 43 0.706 0.252
34 44 0.547 0.295
34 45 0.544 0.296
34 46 0.731 0.323
34 47 0.573 0.206
34 48 0.669 0.177
34 49 0.773 0.136
34 50 0.616 0.18
35 36 0.7 0.286
35 37 0.602 0.285
35 38 0.59 0.216
35 39 0.36 0.19
35 40 0.694 0.306
35 41 0.51 0.278
35 42 0.706 0.078
35 43 0.709 0.245
35 44 0.673 0.254
35 45 0.551 0.108
35 46 0.251 0.13
35 47 0.623 0.256
35 48 0.682 0.136
35 49 0.538 0.243
35 50 0.728 0.219
36 37 0.456 0.094
36 38 0.533 0.3
36 39 0.516 0.35
36 40 0.608 0.236
36 41 0.515 0.084
36 42 0.584 0.222
36 43 0.614 0.219
36 44 0.424 0.298
36 45 0.628 0.271
36 46 0.449 0.156
36 47 0.727 0.316
36 48 0.363 0.212
36 49 0.701 0.268
36 50 0.731 0.21
37 38 0.727 0.206
37 39 0.838 0.256
37 40 0.647 0.142
37 41 0.53 0.178
37 42 0.492 0.227
37 43 0.645 0.255
37 44 0.484 0.249
37 45 0.292 0.177
37 46 0.388 0.25
37 47 0.557 0.222
37 48 0.362 0.26
37 49 0.565 0.174
37 50 0.68 0.289
38 39 0.656 0.349
38 40 0.336 0.261
38 41 0.552 0.316
38 42 0.732 0.294
38 43 0.458 0.332
38 44 0.56 0.336
38 45 0.607 0.108
38 46 0.339 0.266
38 47 0.669 0.236
38 48 0.438 0.294
38 49 0.455 0.267
38 50 0.711 0.247
39 40 0.388 0.116
39 41 0.331 0.288
39 42 0.346 0.227
39 43 0.753 0.216
39 44 0.608 0.306
39 45 0.696 0.298
39 46 0.46 0.285
39 47 0.542 0.315
39 48 0.486 0.326
39 49 0.562 0.082
39 50 0.634 0.206
40 41 0.654 0.275
40 42 0.668 0.324
40 43 0.662 0.311
40 44 0.41 0.306
40 45 0.49 0.319
40 46 0.675 0.318
40 47 0.726 0.281
40 48 0.532 0.25
40 49 0.483 0.198
40 50 0.674 0.322
41 42 0.558 0.263
41 43 0.67 0.276
41 44 0.542 0.377
41 45 0.568 0.293
41 46 0.486 0.148
41 47 0.53 0.235
41 48 0.42 0.296
41 49 0.488 0.226
41 50 0.303 0.126
42 43 0.454 0.268
42 44 0.601 0.201
42 45 0.722 0.186
42 46 0.539 0.208
42 47 0.662 0.255
42 48 0.642 0.214
42 49 0.548 0.165
42 50 0.435 0.297
43 44 0.63 0.367
43 45 0.62 0.306
43 46 0.638 0.19
43 47 0.211 0.158
43 48 0.509 0.278
43 49 0.548 0.244
43 50 0.438 0.267
44 45 0.628 0.243
44 46 0.496 0.336
44 47 0.497 0.351
44 48 0.122 0.118
44 49 0.532 0.224
44 50 0.724 0.333
45 46 0.68 0.238
45 47 0.814 0.148
45 48 0.506 0.244
45 49 0.592 0.239
45 50 0.652 0.257
46 47 0.648 0.283
46 48 0.618 0.266
46 49 0.67 0.203
46 50 0.487 0.174
47 48 0.617 0.292
47 49 0.539 0.242
47 50 0.227 0.109
48 49 0.41 0.292
48 50 0.671 0.215
49 50 0.635 0.288
node_demand
0.15
0.175
0.025
0.125
0.025
0.05
0.125
0.125
0.125
0.05
0.1
0.1
0.05
0.125
0.2
0.15
0.025
0.15
0.225
0.075
0.15
0.175
0.125
0.05
0.025
0.025
0.1
0.225
0.2
0.1
0.125
0.075
0.075
0.075
0.225
0.225
0.05
0.075
0.175
0.025
0.025
0.2
0.1
0.025
0.2
0.025
0.125
0.1
0.075
0.075
