50
0 1 0.464 0.221
0 2 0.658 0.211
0 3 0.598 0.317
0 4 0.411 0.282
0 5 0.429 0.144
0 6 0.754 0.141
0 7 0.417 0.044
0 8 0.663 0.177
0 9 0.422 0.115
0 10 0.511 0.263
0 11 0.482 0.224
0 12 0.749 0.259
0 13 0.495 0.268
0 14 0.702 0.266
0 15 0.278 0.253
0 16 0.744 0.168
0 17 0.424 0.152
0 18 0.596 0.218
0 19 0.308 0.09
0 20 0.426 0.207
0 21 0.494 0.247
0 22 0.378 0.197
0 23 0.444 0.311
0 24 0.746 0.196
0 25 0.322 0.196
0 26 0.548 0.201
0 27 0.524 0.031
0 28 0.616 0.232
0 29 0.77 0.204
0 30 0.698 0.137
0 31 0.564 0.258
0 32 0.776 0.218
0 33 0.546 0.216
0 34 0.812 0.288
0 35 0.62 0.216
0 36 0.691 0.127
0 37 0.5 0.114
0 38 0.424 0.283
0 39 0.652 0.218
0 40 0.539 0.164
0 41 0.51 0.277
0 42 0.482 0.173
0 43 0.656 0.194
0 44 0.596 0.184
0 45 0.618 0.034
0 46 0.452 0.228
0 47 0.522 0.203
0 48 0.623 0.226
0 49 0.658 0.231
0 50 0.668 0.16
1 2 0.592 0.202
1 3 0.726 0.282
1 4 0.47 0.253
1 5 0.666 0.205
1 6 0.704 0.091
1 7 0.681 0.228
1 8 0.55 0.181
1 9 0.623 0.23
1 10 0.378 0.204
1 11 0.78 0.14
1 12 0.654 0.309
1 13 0.668 0.16
1 14 0.613 0.134
1 15 0.376 0.203
1 16 0.486 0.24
1 17 0.716 0.22
1 18 0.439 0.304
1 19 0.514 0.217
1 20 0.775 0.18
1 21 0.598 0.194
1 22 0.497 0.148
1 23 0.509 0.27
1 24 0.282 0.036
1 25 0.363 0.184
1 26 0.667 0.226
1 27 0.444 0.201
1 28 0.699 0.148
1 29 0.395 0.196
1 30 0.716 0.199
1 31 0.575 0.049
1 32 0.598 0.259
1 33 0.7 0.209
1 34 0.666 0.167
1 35 0.638 0.24
1 36 0.599 0.26
1 37 0.57 0.148
1 38 0.648 0.176
1 39 0.642 0.229
1 40 0.702 0.143
1 41 0.694 0.072
1 42 0.598 0.144
1 43 0.63 0.27
1 44 0.438 0.228
1 45 0.772 0.228
1 46 0.836 0.236
1 47 0.825 0.283
1 48 0.519 0.123
1 49 0.5 0.2
1 50 0.472 0.076
2 3 0.566 0.266
2 4 0.533 0.246
2 5 0.46 0.067
2 6 0.572 0.243
2 7 0.512 0.255
2 8 0.566 0.16
2 9 0.236 0.147
2 10 0.67 0.279
2 11 0.546 0.292
2 12 0.474 0.315
2 13 0.546 0.16
2 14 0.674 0.195
2 15 0.497 0.24
2 16 0.344 0.224
2 17 0.716 0.142
2 18 0.62 0.284
2 19 0.35 0.172
2 20 0.352 0.212
2 21 0.712 0.277
2 22 0.324 0.229
2 23 0.761 0.26
2 24 0.31 0.188
2 25 0.458 0.265
2 26 0.48 0.186
2 27 0.666 0.228
2 28 0.76 0.229
2 29 0.532 0.279
2 30 0.578 0.122
2 31 0.667 0.251
2 32 0.672 0.158
2 33 0.592 0.084
2 34 0.536 0.237
2 35 0.463 0.222
2 36 0.51 0.292
2 37 0.514 0.216
2 38 0.406 0.148
2 39 0.578 0.227
2 40 0.604 0.246
2 41 0.544 0.2
2 42 0.707 0.128
2 43 0.614 0.092
2 44 0.788 0.289
2 45 0.51 0.245
2 46 0.63 0.151
2 47 0.462 0.235
2 48 0.451 0.149
2 49 0.49 0.264
2 50 0.472 0.228
3 4 0.529 0.42
3 5 0.684 0.333
3 6 0.52 0.301
3 7 0.502 0.361
3 8 0.63 0.211
3 9 0.526 0.268
3 10 0.674 0.249
3 11 0.624 0.304
3 12 0.697 0.41
3 13 0.71 0.28
3 14 0.725 0.214
3 15 0.725 0.209
3 16 0.686 0.319
3 17 0.566 0.28
3 18 0.515 0.259
3 19 0.513 0.251
3 20 0.756 0.386
3 21 0.296 0.283
3 22 0.588 0.333
3 23 0.697 0.122
3 24 0.444 0.305
3 25 0.666 0.314
3 26 0.418 0.288
3 27 0.474 0.286
3 28 0.784 0.248
3 29 0.522 0.25
3 30 0.4 0.18
3 31 0.576 0.245
3 32 0.695 0.133
3 33 0.561 0.224
3 34 0.643 0.315
3 35 0.49 0.197
3 36 0.754 0.306
3 37 0.784 0.356
3 38 0.796 0.118
3 39 0.598 0.373
3 40 0.692 0.325
3 41 0.218 0.21
3 42 0.62 0.28
3 43 0.478 0.292
3 44 0.404 0.308
3 45 0.4 0.344
3 46 0.552 0.263
3 47 0.591 0.23
3 48 0.814 0.259
3 49 0.708 0.323
3 50 0.774 0.29
4 5 0.726 0.313
4 6 0.61 0.176
4 7 0.546 0.238
4 8 0.609 0.288
4 9 0.546 0.32
4 10 0.598 0.269
4 11 0.508 0.335
4 12 0.665 0.347
4 13 0.538 0.315
4 14 0.61 0.287
4 15 0.493 0.228
4 16 0.862 0.256
4 17 0.553 0.388
4 18 0.546 0.321
4 19 0.66 0.345
4 20 0.556 0.235
4 21 0.632 0.275
4 22 0.666 0.379
4 23 0.592 0.298
4 24 0.348 0.231
4 25 0.532 0.367
4 26 0.529 0.398
4 27 0.749 0.286
4 28 0.696 0.253
4 29 0.638 0.366
4 30 0.616 0.368
4 31 0.748 0.302
4 32 0.584 0.312
4 33 0.618 0.33
4 34 0.473 0.396
4 35 0.81 0.256
4 36 0.28 0.155
4 37 0.693 0.299
4 38 0.622 0.322
4 39 0.664 0.322
4 40 0.589 0.28
4 41 0.311 0.31
4 42 0.584 0.16
4 43 0.734 0.338
4 44 0.353 0.292
4 45 0.743 0.316
4 46 0.696 0.354
4 47 0.366 0.311
4 48 0.718 0.333
4 49 0.716 0.339
4 50 0.514 0.271
5 6 0.505 0.238
5 7 0.664 0.188
5 8 0.626 0.227
5 9 0.224 0.08
5 10 0.584 0.212
5 11 0.482 0.245
5 12 0.4 0.268
5 13 0.501 0.225
5 14 0.663 0.128
5 15 0.665 0.226
5 16 0.598 0.274
5 17 0.56 0.209
5 18 0.534 0.233
5 19 0.311 0.105
5 20 0.469 0.149
5 21 0.388 0.21
5 22 0.431 0.162
5 23 0.546 0.228
5 24 0.603 0.187
5 25 0.484 0.198
5 26 0.382 0.24
5 27 0.525 0.175
5 28 0.577 0.162
5 29 0.565 0.212
5 30 0.68 0.168
5 31 0.62 0.228
5 32 0.555 0.214
5 33 0.372 0.151
5 34 0.401 0.17
5 35 0.248 0.172
5 36 0.702 0.229
5 37 0.574 0.258
5 38 0.36 0.215
5 39 0.243 0.16
5 40 0.565 0.179
5 41 0.532 0.133
5 42 0.568 0.195
5 43 0.339 0.159
5 44 0.685 0.222
5 45 0.608 0.178
5 46 0.17 0.084
5 47 0.45 0.168
5 48 0.194 0.082
5 49 0.478 0.269
5 50 0.239 0.205
6 7 0.774 0.185
6 8 0.614 0.152
6 9 0.582 0.211
6 10 0.514 0.275
6 11 0.442 0.159
6 12 0.693 0.26
6 13 0.761 0.179
6 14 0.734 0.134
6 15 0.614 0.112
6 16 0.49 0.259
6 17 0.529 0.239
6 18 0.769 0.313
6 19 0.488 0.231
6 20 0.494 0.089
6 21 0.816 0.268
6 22 0.566 0.239
6 23 0.674 0.179
6 24 0.66 0.055
6 25 0.432 0.275
6 26 0.64 0.28
6 27 0.454 0.11
6 28 0.706 0.159
6 29 0.596 0.215
6 30 0.428 0.216
6 31 0.46 0.14
6 32 0.71 0.23
6 33 0.703 0.3
6 34 0.738 0.258
6 35 0.507 0.259
6 36 0.832 0.169
6 37 0.554 0.239
6 38 0.748 0.23
6 39 0.632 0.146
6 40 0.565 0.234
6 41 0.458 0.163
6 42 0.845 0.163
6 43 0.431 0.215
6 44 0.379 0.228
6 45 0.653 0.175
6 46 0.675 0.254
6 47 0.725 0.287
6 48 0.568 0.18
6 49 0.72 0.275
6 50 0.606 0.095
7 8 0.742 0.221
7 9 0.601 0.159
7 10 0.742 0.307
7 11 0.708 0.268
7 12 0.801 0.241
7 13 0.662 0.303
7 14 0.692 0.248
7 15 0.452 0.271
7 16 0.576 0.15
7 17 0.748 0.196
7 18 0.634 0.262
7 19 0.715 0.134
7 20 0.766 0.163
7 21 0.694 0.203
7 22 0.472 0.178
7 23 0.55 0.303
7 24 0.754 0.24
7 25 0.516 0.214
7 26 0.422 0.165
7 27 0.626 0.075
7 28 0.628 0.276
7 29 0.77 0.248
7 30 0.388 0.181
7 31 0.746 0.277
7 32 0.814 0.236
7 33 0.614 0.212
7 34 0.458 0.304
7 35 0.712 0.172
7 36 0.603 0.083
7 37 0.468 0.08
7 38 0.608 0.271
7 39 0.604 0.174
7 40 0.781 0.208
7 41 0.72 0.3
7 42 0.45 0.217
7 43 0.647 0.238
7 44 0.67 0.228
7 45 0.682 0.078
7 46 0.609 0.21
7 47 0.786 0.247
7 48 0.595 0.27
7 49 0.648 0.275
7 50 0.764 0.204
8 9 0.624 0.264
8 10 0.554 0.294
8 11 0.443 0.243
8 12 0.444 0.199
8 13 0.58 0.32
8 14 0.735 0.232
8 15 0.576 0.24
8 16 0.658 0.108
8 17 0.6 0.208
8 18 0.482 0.204
8 19 0.61 0.267
8 20 0.601 0.241
8 21 0.61 0.328
8 22 0.334 0.182
8 23 0.446 0.212
8 24 0.578 0.207
8 25 0.364 0.218
8 26 0.504 0.276
8 27 0.462 0.146
8 28 0.771 0.266
8 29 0.842 0.316
8 30 0.512 0.252
8 31 0.154 0.132
8 32 0.302 0.078
8 33 0.529 0.244
8 34 0.598 0.25
8 35 0.378 0.142
8 36 0.716 0.303
8 37 0.692 0.259
8 38 0.576 0.259
8 39 0.522 0.298
8 40 0.48 0.226
8 41 0.767 0.253
8 42 0.357 0.128
8 43 0.455 0.158
8 44 0.643 0.285
8 45 0.46 0.211
8 46 0.57 0.208
8 47 0.652 0.319
8 48 0.58 0.278
8 49 0.474 0.268
8 50 0.634 0.247
9 10 0.434 0.215
9 11 0.382 0.165
9 12 0.62 0.219
9 13 0.548 0.296
9 14 0.626 0.208
9 15 0.498 0.255
9 16 0.506 0.205
9 17 0.529 0.267
9 18 0.513 0.153
9 19 0.114 0.025
9 20 0.588 0.122
9 21 0.476 0.192
9 22 0.394 0.082
9 23 0.692 0.196
9 24 0.546 0.26
9 25 0.26 0.118
9 26 0.474 0.176
9 27 0.43 0.146
9 28 0.54 0.242
9 29 0.348 0.292
9 30 0.562 0.088
9 31 0.624 0.181
9 32 0.566 0.2
9 33 0.356 0.101
9 34 0.606 0.208
9 35 0.472 0.136
9 36 0.544 0.202
9 37 0.598 0.229
9 38 0.536 0.234
9 39 0.467 0.24
9 40 0.368 0.099
9 41 0.308 0.206
9 42 0.471 0.222
9 43 0.558 0.239
9 44 0.732 0.258
9 45 0.614 0.149
9 46 0.394 0.164
9 47 0.226 0.088
9 48 0.414 0.162
9 49 0.254 0.254
9 50 0.397 0.22
10 11 0.709 0.252
10 12 0.558 0.195
10 13 0.617 0.273
10 14 0.479 0.15
10 15 0.38 0.25
10 16 0.451 0.286
10 17 0.66 0.347
10 18 0.602 0.272
10 19 0.548 0.24
10 20 0.767 0.318
10 21 0.378 0.164
10 22 0.468 0.296
10 23 0.614 0.127
10 24 0.635 0.228
10 25 0.602 0.26
10 26 0.572 0.292
10 27 0.466 0.232
10 28 0.393 0.116
10 29 0.618 0.212
10 30 0.668 0.303
10 31 0.42 0.25
10 32 0.715 0.261
10 33 0.704 0.316
10 34 0.51 0.218
10 35 0.638 0.281
10 36 0.318 0.238
10 37 0.658 0.352
10 38 0.507 0.239
10 39 0.656 0.286
10 40 0.649 0.314
10 41 0.736 0.181
10 42 0.691 0.336
10 43 0.652 0.297
10 44 0.788 0.212
10 45 0.648 0.297
10 46 0.751 0.22
10 47 0.528 0.235
10 48 0.751 0.13
10 49 0.662 0.246
10 50 0.51 0.188
11 12 0.473 0.334
11 13 0.356 0.228
11 14 0.292 0.145
11 15 0.511 0.271
11 16 0.451 0.304
11 17 0.698 0.288
11 18 0.494 0.268
11 19 0.496 0.14
11 20 0.624 0.248
11 21 0.672 0.296
11 22 0.51 0.228
11 23 0.639 0.296
11 24 0.567 0.104
11 25 0.598 0.246
11 26 0.641 0.316
11 27 0.456 0.255
11 28 0.378 0.136
11 29 0.531 0.229
11 30 0.64 0.253
11 31 0.289 0.189
11 32 0.606 0.296
11 33 0.514 0.266
11 34 0.76 0.18
11 35 0.667 0.301
11 36 0.622 0.31
11 37 0.588 0.288
11 38 0.659 0.241
11 39 0.398 0.305
11 40 0.689 0.214
11 41 0.69 0.212
11 42 0.724 0.212
11 43 0.455 0.338
11 44 0.787 0.232
11 45 0.699 0.258
11 46 0.312 0.166
11 47 0.588 0.253
11 48 0.59 0.191
11 49 0.427 0.254
11 50 0.538 0.064
12 13 0.254 0.208
12 14 0.63 0.232
12 15 0.64 0.278
12 16 0.496 0.091
12 17 0.592 0.227
12 18 0.68 0.322
12 19 0.608 0.194
12 20 0.624 0.262
12 21 0.714 0.23
12 22 0.5 0.214
12 23 0.596 0.322
12 24 0.758 0.295
12 25 0.634 0.219
12 26 0.407 0.25
12 27 0.29 0.282
12 28 0.544 0.266
12 29 0.808 0.316
12 30 0.719 0.307
12 31 0.598 0.294
12 32 0.547 0.277
12 33 0.486 0.32
12 34 0.436 0.271
12 35 0.648 0.283
12 36 0.616 0.324
12 37 0.542 0.242
12 38 0.759 0.327
12 39 0.398 0.114
12 40 0.701 0.268
12 41 0.479 0.237
12 42 0.473 0.187
12 43 0.476 0.277
12 44 0.314 0.2
12 45 0.466 0.225
12 46 0.57 0.352
12 47 0.672 0.286
12 48 0.206 0.186
12 49 0.698 0.247
12 50 0.639 0.324
13 14 0.482 0.189
13 15 0.586 0.291
13 16 0.668 0.29
13 17 0.512 0.283
13 18 0.473 0.388
13 19 0.662 0.284
13 20 0.714 0.268
13 21 0.798 0.251
13 22 0.246 0.236
13 23 0.613 0.158
13 24 0.75 0.124
13 25 0.38 0.272
13 26 0.416 0.279
13 27 0.544 0.289
13 28 0.396 0.223
13 29 0.672 0.273
13 30 0.566 0.28
13 31 0.538 0.209
13 32 0.293 0.262
13 33 0.557 0.229
13 34 0.458 0.202
13 35 0.488 0.236
13 36 0.502 0.348
13 37 0.782 0.308
13 38 0.524 0.27
13 39 0.488 0.129
13 40 0.534 0.294
13 41 0.563 0.092
13 42 0.658 0.232
13 43 0.536 0.252
13 44 0.434 0.253
13 45 0.503 0.234
13 46 0.56 0.19
13 47 0.506 0.26
13 48 0.46 0.143
13 49 0.738 0.3
13 50 0.74 0.164
14 15 0.63 0.246
14 16 0.598 0.295
14 17 0.406 0.258
14 18 0.616 0.361
14 19 0.624 0.233
14 20 0.553 0.223
14 21 0.429 0.194
14 22 0.598 0.199
14 23 0.65 0.208
14 24 0.384 0.098
14 25 0.464 0.235
14 26 0.61 0.208
14 27 0.736 0.244
14 28 0.086 0.034
14 29 0.41 0.084
14 30 0.699 0.242
14 31 0.581 0.1
14 32 0.558 0.252
14 33 0.58 0.234
14 34 0.855 0.134
14 35 0.564 0.197
14 36 0.33 0.165
14 37 0.543 0.282
14 38 0.527 0.096
14 39 0.69 0.218
14 40 0.596 0.194
14 41 0.704 0.097
14 42 0.432 0.206
14 43 0.63 0.276
14 44 0.644 0.094
14 45 0.65 0.254
14 46 0.559 0.212
14 47 0.738 0.206
14 48 0.594 0.046
14 49 0.575 0.141
14 50 0.462 0.106
15 16 0.732 0.208
15 17 0.702 0.268
15 18 0.318 0.201
15 19 0.586 0.28
15 20 0.661 0.201
15 21 0.496 0.268
15 22 0.515 0.214
15 23 0.666 0.291
15 24 0.658 0.167
15 25 0.381 0.178
15 26 0.404 0.17
15 27 0.684 0.222
15 28 0.544 0.271
15 29 0.6 0.327
15 30 0.588 0.167
15 31 0.664 0.252
15 32 0.498 0.272
15 33 0.324 0.214
15 34 0.733 0.266
15 35 0.757 0.208
15 36 0.698 0.281
15 37 0.488 0.251
15 38 0.625 0.274
15 39 0.536 0.164
15 40 0.704 0.329
15 41 0.544 0.275
15 42 0.702 0.112
15 43 0.524 0.318
15 44 0.607 0.288
15 45 0.62 0.287
15 46 0.524 0.142
15 47 0.519 0.343
15 48 0.471 0.292
15 49 0.619 0.335
15 50 0.802 0.207
16 17 0.448 0.315
16 18 0.758 0.312
16 19 0.62 0.23
16 20 0.581 0.313
16 21 0.46 0.282
16 22 0.422 0.123
16 23 0.469 0.32
16 24 0.514 0.204
16 25 0.556 0.128
16 26 0.592 0.217
16 27 0.596 0.199
16 28 0.512 0.312
16 29 0.662 0.304
16 30 0.742 0.272
16 31 0.504 0.222
16 32 0.742 0.186
16 33 0.733 0.283
16 34 0.666 0.18
16 35 0.578 0.192
16 36 0.769 0.233
16 37 0.244 0.151
16 38 0.664 0.258
16 39 0.355 0.205
16 40 0.624 0.262
16 41 0.656 0.198
16 42 0.446 0.096
16 43 0.626 0.266
16 44 0.539 0.272
16 45 0.286 0.134
16 46 0.688 0.316
16 47 0.657 0.293
16 48 0.544 0.249
16 49 0.76 0.319
16 50 0.686 0.24
17 18 0.793 0.37
17 19 0.498 0.242
17 20 0.654 0.321
17 21 0.37 0.36
17 22 0.624 0.192
17 23 0.624 0.22
17 24 0.558 0.184
17 25 0.746 0.228
17 26 0.734 0.098
17 27 0.504 0.183
17 28 0.492 0.277
17 29 0.603 0.242
17 30 0.683 0.264
17 31 0.754 0.269
17 32 0.775 0.286
17 33 0.547 0.226
17 34 0.732 0.285
17 35 0.624 0.328
17 36 0.652 0.241
17 37 0.649 0.266
17 38 0.622 0.162
17 39 0.428 0.248
17 40 0.752 0.258
17 41 0.443 0.292
17 42 0.564 0.27
17 43 0.334 0.05
17 44 0.278 0.181
17 45 0.459 0.186
17 46 0.591 0.293
17 47 0.484 0.328
17 48 0.742 0.26
17 49 0.466 0.228
17 50 0.799 0.224
18 19 0.399 0.128
18 20 0.609 0.275
18 21 0.524 0.295
18 22 0.642 0.235
18 23 0.77 0.26
18 24 0.578 0.34
18 25 0.699 0.234
18 26 0.64 0.304
18 27 0.628 0.249
18 28 0.698 0.37
18 29 0.512 0.422
18 30 0.458 0.241
18 31 0.636 0.296
18 32 0.18 0.126
18 33 0.642 0.254
18 34 0.538 0.236
18 35 0.629 0.19
18 36 0.544 0.307
18 37 0.524 0.332
18 38 0.792 0.372
18 39 0.581 0.365
18 40 0.386 0.202
18 41 0.688 0.359
18 42 0.399 0.286
18 43 0.652 0.355
18 44 0.677 0.34
18 45 0.472 0.252
18 46 0.494 0.256
18 47 0.518 0.241
18 48 0.474 0.315
18 49 0.573 0.316
18 50 0.672 0.332
19 20 0.612 0.147
19 21 0.362 0.167
19 22 0.508 0.107
19 23 0.604 0.221
19 24 0.564 0.244
19 25 0.374 0.106
19 26 0.36 0.176
19 27 0.544 0.121
19 28 0.538 0.242
19 29 0.462 0.294
19 30 0.676 0.113
19 31 0.654 0.168
19 32 0.546 0.225
19 33 0.47 0.126
19 34 0.644 0.233
19 35 0.559 0.161
19 36 0.43 0.217
19 37 0.712 0.204
19 38 0.458 0.259
19 39 0.554 0.239
19 40 0.254 0.074
19 41 0.422 0.231
19 42 0.357 0.197
19 43 0.65 0.227
19 44 0.662 0.233
19 45 0.665 0.124
19 46 0.462 0.189
19 47 0.34 0.113
19 48 0.505 0.187
19 49 0.368 0.279
19 50 0.511 0.204
20 21 0.542 0.2
20 22 0.508 0.204
20 23 0.564 0.268
20 24 0.586 0.144
20 25 0.642 0.24
20 26 0.614 0.298
20 27 0.764 0.199
20 28 0.639 0.248
20 29 0.38 0.304
20 30 0.678 0.21
20 31 0.504 0.229
20 32 0.45 0.305
20 33 0.504 0.223
20 34 0.488 0.276
20 35 0.266 0.241
20 36 0.642 0.08
20 37 0.794 0.243
20 38 0.758 0.268
20 39 0.226 0.148
20 40 0.751 0.221
20 41 0.81 0.252
20 42 0.649 0.252
20 43 0.578 0.304
20 44 0.668 0.272
20 45 0.508 0.241
20 46 0.639 0.198
20 47 0.474 0.21
20 48 0.438 0.231
20 49 0.742 0.319
20 50 0.524 0.184
21 22 0.642 0.274
21 23 0.566 0.266
21 24 0.482 0.23
21 25 0.686 0.273
21 26 0.668 0.272
21 27 0.77 0.278
21 28 0.515 0.16
21 29 0.552 0.278
21 30 0.536 0.28
21 31 0.58 0.243
21 32 0.683 0.345
21 33 0.626 0.293
21 34 0.696 0.154
21 35 0.504 0.281
21 36 0.46 0.12
21 37 0.704 0.283
21 38 0.594 0.29
21 39 0.316 0.122
21 40 0.616 0.241
21 41 0.514 0.174
21 42 0.719 0.244
21 43 0.668 0.369
21 44 0.57 0.246
21 45 0.498 0.233
21 46 0.424 0.294
21 47 0.65 0.158
21 48 0.582 0.225
21 49 0.572 0.293
21 50 0.627 0.232
22 23 0.54 0.278
22 24 0.504 0.184
22 25 0.134 0.036
22 26 0.17 0.094
22 27 0.476 0.228
22 28 0.642 0.233
22 29 0.716 0.283
22 30 0.32 0.17
22 31 0.488 0.099
22 32 0.539 0.2
22 33 0.311 0.183
22 34 0.624 0.126
22 35 0.242 0.136
22 36 0.521 0.261
22 37 0.536 0.258
22 38 0.574 0.226
22 39 0.566 0.244
22 40 0.55 0.181
22 41 0.498 0.22
22 42 0.625 0.219
22 43 0.29 0.242
22 44 0.626 0.18
22 45 0.54 0.231
22 46 0.513 0.246
22 47 0.382 0.17
22 48 0.566 0.214
22 49 0.492 0.227
22 50 0.67 0.224
23 24 0.726 0.234
23 25 0.432 0.314
23 26 0.433 0.29
23 27 0.476 0.289
23 28 0.736 0.242
23 29 0.802 0.244
23 30 0.708 0.258
23 31 0.35 0.239
23 32 0.62 0.134
23 33 0.696 0.297
23 34 0.456 0.276
23 35 0.298 0.168
23 36 0.536 0.22
23 37 0.597 0.302
23 38 0.359 0.112
23 39 0.5 0.287
23 40 0.464 0.295
23 41 0.806 0.25
23 42 0.45 0.264
23 43 0.29 0.17
23 44 0.671 0.302
23 45 0.612 0.345
23 46 0.716 0.264
23 47 0.584 0.108
23 48 0.718 0.235
23 49 0.594 0.324
23 50 0.524 0.232
24 25 0.638 0.22
24 26 0.606 0.262
24 27 0.688 0.165
24 28 0.47 0.112
24 29 0.29 0.16
24 30 0.572 0.235
24 31 0.732 0.085
24 32 0.758 0.268
24 33 0.714 0.245
24 34 0.608 0.203
24 35 0.746 0.204
24 36 0.317 0.224
24 37 0.751 0.184
24 38 0.62 0.194
24 39 0.36 0.201
24 40 0.818 0.179
24 41 0.412 0.108
24 42 0.502 0.108
24 43 0.712 0.234
24 44 0.666 0.192
24 45 0.8 0.23
24 46 0.706 0.27
24 47 0.714 0.304
24 48 0.736 0.144
24 49 0.72 0.236
24 50 0.588 0.04
25 26 0.304 0.13
25 27 0.61 0.227
25 28 0.55 0.24
25 29 0.608 0.319
25 30 0.454 0.206
25 31 0.518 0.135
25 32 0.666 0.236
25 33 0.445 0.219
25 34 0.49 0.13
25 35 0.376 0.172
25 36 0.582 0.297
25 37 0.67 0.279
25 38 0.44 0.262
25 39 0.432 0.268
25 40 0.588 0.18
25 41 0.568 0.256
25 42 0.588 0.224
25 43 0.424 0.278
25 44 0.506 0.144
25 45 0.67 0.23
25 46 0.496 0.282
25 47 0.486 0.206
25 48 0.592 0.218
25 49 0.514 0.191
25 50 0.62 0.26
26 27 0.492 0.17
26 28 0.596 0.242
26 29 0.546 0.292
26 30 0.408 0.212
26 31 0.468 0.184
26 32 0.648 0.294
26 33 0.481 0.27
26 34 0.488 0.22
26 35 0.412 0.23
26 36 0.691 0.248
26 37 0.366 0.245
26 38 0.519 0.178
26 39 0.606 0.15
26 40 0.577 0.25
26 41 0.423 0.204
26 42 0.717 0.282
26 43 0.444 0.148
26 44 0.456 0.222
26 45 0.52 0.235
26 46 0.552 0.214
26 47 0.552 0.264
26 48 0.396 0.162
26 49 0.662 0.269
26 50 0.621 0.3
27 28 0.65 0.252
27 29 0.77 0.235
27 30 0.774 0.106
27 31 0.616 0.25
27 32 0.448 0.187
27 33 0.525 0.247
27 34 0.61 0.31
27 35 0.595 0.247
27 36 0.654 0.158
27 37 0.653 0.145
27 38 0.628 0.252
27 39 0.538 0.249
27 40 0.697 0.195
27 41 0.506 0.273
27 42 0.667 0.204
27 43 0.186 0.163
27 44 0.567 0.215
27 45 0.526 0.065
27 46 0.594 0.259
27 47 0.656 0.234
27 48 0.496 0.257
27 49 0.466 0.262
27 50 0.72 0.191
28 29 0.496 0.118
28 30 0.613 0.276
28 31 0.655 0.134
28 32 0.518 0.286
28 33 0.658 0.268
28 34 0.821 0.168
28 35 0.512 0.231
28 36 0.416 0.199
28 37 0.457 0.296
28 38 0.613 0.13
28 39 0.776 0.22
28 40 0.55 0.228
28 41 0.686 0.131
28 42 0.518 0.22
28 43 0.544 0.31
28 44 0.629 0.096
28 45 0.564 0.266
28 46 0.645 0.246
28 47 0.766 0.24
28 48 0.68 0.08
28 49 0.65 0.143
28 50 0.548 0.072
29 30 0.539 0.278
29 31 0.688 0.184
29 32 0.692 0.336
29 33 0.477 0.318
29 34 0.594 0.218
29 35 0.646 0.281
29 36 0.607 0.249
29 37 0.59 0.25
29 38 0.478 0.132
29 39 0.486 0.302
29 40 0.559 0.278
29 41 0.606 0.181
29 42 0.792 0.268
29 43 0.584 0.192
29 44 0.672 0.178
29 45 0.512 0.17
29 46 0.637 0.296
29 47 0.574 0.29
29 48 0.759 0.13
29 49 0.602 0.204
29 50 0.326 0.19
30 31 0.358 0.15
30 32 0.638 0.28
30 33 0.516 0.189
30 34 0.466 0.268
30 35 0.562 0.224
30 36 0.8 0.264
30 37 0.649 0.251
30 38 0.508 0.146
30 39 0.452 0.27
30 40 0.758 0.187
30 41 0.618 0.188
30 42 0.795 0.25
30 43 0.593 0.214
30 44 0.405 0.225
30 45 0.487 0.171
30 46 0.51 0.252
30 47 0.702 0.176
30 48 0.67 0.239
30 49 0.308 0.178
30 50 0.488 0.275
31 32 0.456 0.21
31 33 0.375 0.198
31 34 0.479 0.118
31 35 0.378 0.235
31 36 0.562 0.265
31 37 0.538 0.197
31 38 0.461 0.127
31 39 0.676 0.18
31 40 0.4 0.094
31 41 0.781 0.121
31 42 0.511 0.193
31 43 0.609 0.29
31 44 0.548 0.194
31 45 0.614 0.277
31 46 0.577 0.221
31 47 0.498 0.269
31 48 0.426 0.146
31 49 0.628 0.241
31 50 0.766 0.125
32 33 0.541 0.236
32 34 0.612 0.303
32 35 0.628 0.064
32 36 0.601 0.225
32 37 0.554 0.299
32 38 0.696 0.246
32 39 0.514 0.361
32 40 0.566 0.222
32 41 0.508 0.266
32 42 0.579 0.16
32 43 0.634 0.236
32 44 0.497 0.237
32 45 0.652 0.252
32 46 0.385 0.13
32 47 0.468 0.242
32 48 0.654 0.215
32 49 0.712 0.19
32 50 0.492 0.308
33 34 0.606 0.276
33 35 0.553 0.237
33 36 0.578 0.295
33 37 0.745 0.132
33 38 0.65 0.232
33 39 0.476 0.311
33 40 0.592 0.2
33 41 0.52 0.137
33 42 0.665 0.212
33 43 0.599 0.176
33 44 0.472 0.227
33 45 0.642 0.212
33 46 0.202 0.106
33 47 0.582 0.189
33 48 0.566 0.188
33 49 0.295 0.18
33 50 0.611 0.268
34 35 0.649 0.239
34 36 0.75 0.274
34 37 0.736 0.315
34 38 0.717 0.229
34 39 0.53 0.228
34 40 0.52 0.212
34 41 0.51 0.139
34 42 0.597 0.276
34 43 0.526 0.329
34 44 0.454 0.104
34 45 0.612 0.314
34 46 0.571 0.254
34 47 0.597 0.248
34 48 0.262 0.088
34 49 0.76 0.151
34 50 0.64 0.226
35 36 0.53 0.161
35 37 0.74 0.235
35 38 0.608 0.258
35 39 0.491 0.332
35 40 0.7 0.235
35 41 0.544 0.202
35 42 0.383 0.096
35 43 0.532 0.3
35 44 0.747 0.291
35 45 0.512 0.25
35 46 0.418 0.194
35 47 0.624 0.199
35 48 0.442 0.151
35 49 0.726 0.245
35 50 0.487 0.244
36 37 0.557 0.163
36 38 0.342 0.188
36 39 0.677 0.228
36 40 0.592 0.257
36 41 0.591 0.262
36 42 0.373 0.257
36 43 0.468 0.291
36 44 0.633 0.259
36 45 0.496 0.161
36 46 0.565 0.278
36 47 0.549 0.245
36 48 0.808 0.211
36 49 0.622 0.306
36 50 0.745 0.264
37 38 0.862 0.301
37 39 0.568 0.254
37 40 0.814 0.278
37 41 0.789 0.22
37 42 0.69 0.139
37 43 0.738 0.308
37 44 0.63 0.257
37 45 0.398 0.08
37 46 0.543 0.238
37 47 0.691 0.317
37 48 0.748 0.271
37 49 0.62 0.21
37 50 0.66 0.224
38 39 0.603 0.307
38 40 0.632 0.221
38 41 0.598 0.192
38 42 0.652 0.162
38 43 0.649 0.212
38 44 0.656 0.19
38 45 0.642 0.302
38 46 0.499 0.25
38 47 0.31 0.22
38 48 0.554 0.141
38 49 0.79 0.237
38 50 0.599 0.202
39 40 0.525 0.165
39 41 0.754 0.221
39 42 0.761 0.276
39 43 0.352 0.298
39 44 0.442 0.124
39 45 0.51 0.252
39 46 0.413 0.244
39 47 0.572 0.28
39 48 0.437 0.242
39 49 0.656 0.171
39 50 0.482 0.241
40 41 0.52 0.215
40 42 0.611 0.271
40 43 0.511 0.208
40 44 0.831 0.159
40 45 0.505 0.198
40 46 0.544 0.261
40 47 0.594 0.187
40 48 0.495 0.24
40 49 0.622 0.206
40 50 0.366 0.219
41 42 0.779 0.216
41 43 0.516 0.292
41 44 0.568 0.191
41 45 0.618 0.3
41 46 0.702 0.184
41 47 0.534 0.211
41 48 0.685 0.051
41 49 0.562 0.238
41 50 0.556 0.148
42 43 0.648 0.22
42 44 0.53 0.3
42 45 0.308 0.188
42 46 0.672 0.254
42 47 0.342 0.295
42 48 0.562 0.247
42 49 0.725 0.341
42 50 0.807 0.148
43 44 0.381 0.227
43 45 0.34 0.228
43 46 0.509 0.243
43 47 0.574 0.278
43 48 0.533 0.241
43 49 0.304 0.18
43 50 0.578 0.274
44 45 0.721 0.218
44 46 0.674 0.306
44 47 0.719 0.3
44 48 0.52 0.14
44 49 0.685 0.047
44 50 0.644 0.168
45 46 0.511 0.262
45 47 0.65 0.237
45 48 0.672 0.26
45 49 0.622 0.265
45 50 0.78 0.194
46 47 0.602 0.252
46 48 0.364 0.166
46 49 0.497 0.286
46 50 0.409 0.23
47 48 0.466 0.16
47 49 0.48 0.342
47 50 0.59 0.298
48 49 0.668 0.187
48 50 0.433 0.138
49 50 0.527 0.215
node_demand
0.15
0.225
0.175
0.1
0.175
0.125
0.1
0.075
0.025
0.175
0.2
0.05
0.05
0.225
0.2
0.125
0.125
0.15
0.2
0.225
0.2
0.075
0.05
0.1
0.125
0.075
0.025
0.05
0.225
0.15
0.2
0.05
0.05
0.2
0.125
0.025
0.1
0.1
0.15
0.175
0.1
0.125
0.075
0.025
0.2
0.2
0.15
0.225
0.025
0.125
