50
0 1 0.68 0.158
0 2 0.607 0.106
0 3 0.476 0.292
0 4 0.612 0.192
0 5 0.653 0.21
0 6 0.672 0.16
0 7 0.76 0.229
0 8 0.694 0.248
0 9 0.757 0.179
0 10 0.426 0.141
0 11 0.56 0.146
0 12 0.638 0.084
0 13 0.664 0.182
0 14 0.664 0.183
0 15 0.518 0.267
0 16 0.549 0.106
0 17 0.43 0.069
0 18 0.758 0.207
0 19 0.676 0.229
0 20 0.586 0.178
0 21 0.576 0.01
0 22 0.614 0.184
0 23 0.603 0.24
0 24 0.734 0.2
0 25 0.645 0.212
0 26 0.506 0.222
0 27 0.724 0.167
0 28 0.565 0.228
0 29 0.62 0.083
0 30 0.614 0.193
0 31 0.748 0.156
0 32 0.678 0.316
0 33 0.607 0.24
0 34 0.6 0.19
0 35 0.768 0.206
0 36 0.51 0.261
0 37 0.41 0.108
0 38 0.652 0.189
0 39 0.552 0.283
0 40 0.474 0.163
0 41 0.42 0.261
0 42 0.671 0.252
0 43 0.497 0.14
0 44 0.704 0.228
0 45 0.632 0.138
0 46 0.368 0.243
0 47 0.294 0.14
0 48 0.657 0.195
0 49 0.441 0.162
0 50 0.451 0.178
1 2 0.558 0.052
1 3 0.555 0.282
1 4 0.569 0.239
1 5 0.596 0.23
1 6 0.677 0.106
1 7 0.715 0.297
1 8 0.376 0.279
1 9 0.597 0.156
1 10 0.643 0.144
1 11 0.58 0.284
1 12 0.654 0.074
1 13 0.445 0.189
1 14 0.538 0.239
1 15 0.581 0.282
1 16 0.522 0.224
1 17 0.391 0.227
1 18 0.476 0.155
1 19 0.582 0.09
1 20 0.734 0.211
1 21 0.531 0.168
1 22 0.75 0.339
1 23 0.424 0.23
1 24 0.397 0.169
1 25 0.567 0.194
1 26 0.762 0.197
1 27 0.732 0.294
1 28 0.53 0.22
1 29 0.556 0.192
1 30 0.519 0.22
1 31 0.405 0.102
1 32 0.699 0.158
1 33 0.778 0.29
1 34 0.552 0.218
1 35 0.172 0.148
1 36 0.698 0.226
1 37 0.644 0.266
1 38 0.803 0.231
1 39 0.609 0.308
1 40 0.641 0.24
1 41 0.52 0.212
1 42 0.495 0.198
1 43 0.703 0.28
1 44 0.332 0.174
1 45 0.38 0.251
1 46 0.668 0.228
1 47 0.564 0.086
1 48 0.603 0.162
1 49 0.701 0.212
1 50 0.664 0.265
2 3 0.374 0.23
2 4 0.607 0.187
2 5 0.633 0.2
2 6 0.28 0.054
2 7 0.524 0.245
2 8 0.512 0.227
2 9 0.733 0.204
2 10 0.613 0.092
2 11 0.41 0.232
2 12 0.673 0.022
2 13 0.722 0.137
2 14 0.202 0.187
2 15 0.619 0.23
2 16 0.522 0.212
2 17 0.588 0.175
2 18 0.641 0.163
2 19 0.408 0.138
2 20 0.785 0.159
2 21 0.656 0.116
2 22 0.588 0.287
2 23 0.724 0.178
2 24 0.601 0.138
2 25 0.267 0.142
2 26 0.472 0.145
2 27 0.58 0.256
2 28 0.282 0.168
2 29 0.542 0.14
2 30 0.502 0.168
2 31 0.744 0.05
2 32 0.767 0.21
2 33 0.638 0.238
2 34 0.607 0.166
2 35 0.533 0.1
2 36 0.47 0.174
2 37 0.64 0.214
2 38 0.653 0.179
2 39 0.552 0.256
2 40 0.712 0.188
2 41 0.4 0.16
2 42 0.664 0.146
2 43 0.484 0.228
2 44 0.226 0.122
2 45 0.741 0.199
2 46 0.562 0.176
2 47 0.575 0.034
2 48 0.62 0.214
2 49 0.595 0.16
2 50 0.772 0.217
3 4 0.437 0.214
3 5 0.463 0.284
3 6 0.654 0.284
3 7 0.692 0.282
3 8 0.74 0.354
3 9 0.578 0.358
3 10 0.823 0.302
3 11 0.681 0.396
3 12 0.628 0.208
3 13 0.63 0.284
3 14 0.576 0.35
3 15 0.864 0.226
3 16 0.784 0.368
3 17 0.614 0.361
3 18 0.649 0.304
3 19 0.664 0.326
3 20 0.66 0.315
3 21 0.394 0.302
3 22 0.654 0.333
3 23 0.53 0.364
3 24 0.634 0.297
3 25 0.495 0.247
3 26 0.532 0.255
3 27 0.68 0.313
3 28 0.47 0.312
3 29 0.49 0.296
3 30 0.578 0.378
3 31 0.382 0.238
3 32 0.682 0.17
3 33 0.542 0.269
3 34 0.711 0.35
3 35 0.578 0.275
3 36 0.59 0.396
3 37 0.678 0.278
3 38 0.648 0.312
3 39 0.808 0.138
3 40 0.718 0.216
3 41 0.23 0.109
3 42 0.72 0.254
3 43 0.731 0.361
3 44 0.593 0.288
3 45 0.545 0.321
3 46 0.469 0.27
3 47 0.576 0.222
3 48 0.538 0.389
3 49 0.784 0.348
3 50 0.484 0.265
4 5 0.44 0.229
4 6 0.474 0.133
4 7 0.51 0.257
4 8 0.792 0.368
4 9 0.344 0.155
4 10 0.49 0.101
4 11 0.658 0.279
4 12 0.758 0.209
4 13 0.642 0.278
4 14 0.704 0.325
4 15 0.542 0.208
4 16 0.763 0.298
4 17 0.531 0.261
4 18 0.727 0.282
4 19 0.678 0.221
4 20 0.567 0.171
4 21 0.463 0.182
4 22 0.366 0.24
4 23 0.654 0.365
4 24 0.418 0.272
4 25 0.559 0.243
4 26 0.738 0.224
4 27 0.624 0.24
4 28 0.614 0.233
4 29 0.428 0.159
4 30 0.528 0.177
4 31 0.494 0.237
4 32 0.578 0.291
4 33 0.766 0.055
4 34 0.674 0.271
4 35 0.505 0.224
4 36 0.445 0.221
4 37 0.592 0.28
4 38 0.744 0.32
4 39 0.655 0.243
4 40 0.497 0.239
4 41 0.207 0.105
4 42 0.411 0.228
4 43 0.55 0.272
4 44 0.57 0.201
4 45 0.6 0.211
4 46 0.568 0.117
4 47 0.534 0.221
4 48 0.54 0.271
4 49 0.38 0.273
4 50 0.414 0.261
5 6 0.672 0.254
5 7 0.432 0.206
5 8 0.684 0.244
5 9 0.545 0.074
5 10 0.712 0.14
5 11 0.256 0.112
5 12 0.496 0.222
5 13 0.202 0.154
5 14 0.694 0.274
5 15 0.602 0.256
5 16 0.534 0.238
5 17 0.308 0.156
5 18 0.519 0.205
5 19 0.238 0.14
5 20 0.526 0.282
5 21 0.588 0.22
5 22 0.648 0.21
5 23 0.69 0.277
5 24 0.637 0.121
5 25 0.585 0.313
5 26 0.527 0.298
5 27 0.517 0.198
5 28 0.595 0.257
5 29 0.505 0.198
5 30 0.51 0.216
5 31 0.37 0.25
5 32 0.637 0.115
5 33 0.648 0.284
5 34 0.581 0.249
5 35 0.475 0.1
5 36 0.728 0.26
5 37 0.429 0.269
5 38 0.359 0.297
5 39 0.598 0.304
5 40 0.542 0.272
5 41 0.233 0.175
5 42 0.736 0.314
5 43 0.704 0.25
5 44 0.596 0.253
5 45 0.679 0.242
5 46 0.689 0.228
5 47 0.717 0.234
5 48 0.538 0.279
5 49 0.607 0.294
5 50 0.492 0.217
6 7 0.734 0.299
6 8 0.496 0.28
6 9 0.561 0.258
6 10 0.566 0.116
6 11 0.416 0.286
6 12 0.62 0.076
6 13 0.616 0.191
6 14 0.482 0.241
6 15 0.479 0.211
6 16 0.289 0.256
6 17 0.53 0.229
6 18 0.377 0.217
6 19 0.688 0.192
6 20 0.518 0.213
6 21 0.376 0.17
6 22 0.518 0.311
6 23 0.444 0.232
6 24 0.539 0.192
6 25 0.547 0.196
6 26 0.626 0.091
6 27 0.522 0.292
6 28 0.562 0.222
6 29 0.748 0.174
6 30 0.385 0.168
6 31 0.624 0.104
6 32 0.487 0.264
6 33 0.673 0.188
6 34 0.651 0.22
6 35 0.6 0.154
6 36 0.53 0.228
6 37 0.536 0.234
6 38 0.73 0.233
6 39 0.561 0.28
6 40 0.686 0.242
6 41 0.568 0.214
6 42 0.769 0.2
6 43 0.554 0.282
6 44 0.506 0.068
6 45 0.527 0.185
6 46 0.786 0.23
6 47 0.705 0.088
6 48 0.34 0.268
6 49 0.799 0.196
6 50 0.593 0.241
7 8 0.516 0.258
7 9 0.712 0.274
7 10 0.751 0.204
7 11 0.685 0.149
7 12 0.689 0.236
7 13 0.558 0.26
7 14 0.34 0.068
7 15 0.626 0.175
7 16 0.698 0.218
7 17 0.524 0.296
7 18 0.509 0.207
7 19 0.54 0.248
7 20 0.42 0.086
7 21 0.479 0.219
7 22 0.216 0.051
7 23 0.721 0.249
7 24 0.694 0.327
7 25 0.738 0.32
7 26 0.53 0.316
7 27 0.51 0.235
7 28 0.553 0.239
7 29 0.678 0.146
7 30 0.458 0.256
7 31 0.31 0.195
7 32 0.784 0.273
7 33 0.579 0.202
7 34 0.671 0.201
7 35 0.58 0.268
7 36 0.56 0.309
7 37 0.556 0.203
7 38 0.578 0.174
7 39 0.724 0.263
7 40 0.534 0.066
7 41 0.665 0.337
7 42 0.772 0.237
7 43 0.672 0.146
7 44 0.75 0.243
7 45 0.586 0.126
7 46 0.656 0.264
7 47 0.583 0.211
7 48 0.682 0.258
7 49 0.809 0.305
7 50 0.481 0.182
8 9 0.448 0.288
8 10 0.7 0.305
8 11 0.572 0.268
8 12 0.732 0.205
8 13 0.512 0.09
8 14 0.366 0.19
8 15 0.721 0.3
8 16 0.785 0.142
8 17 0.638 0.317
8 18 0.697 0.162
8 19 0.53 0.227
8 20 0.74 0.264
8 21 0.547 0.242
8 22 0.732 0.284
8 23 0.606 0.321
8 24 0.566 0.318
8 25 0.245 0.172
8 26 0.509 0.296
8 27 0.536 0.354
8 28 0.371 0.313
8 29 0.548 0.247
8 30 0.488 0.283
8 31 0.478 0.206
8 32 0.527 0.359
8 33 0.501 0.38
8 34 0.634 0.307
8 35 0.548 0.144
8 36 0.593 0.37
8 37 0.5 0.33
8 38 0.654 0.161
8 39 0.587 0.216
8 40 0.652 0.294
8 41 0.597 0.31
8 42 0.622 0.322
8 43 0.702 0.112
8 44 0.708 0.246
8 45 0.396 0.224
8 46 0.724 0.352
8 47 0.735 0.21
8 48 0.354 0.29
8 49 0.68 0.3
8 50 0.422 0.261
9 10 0.784 0.214
9 11 0.614 0.186
9 12 0.579 0.211
9 13 0.715 0.203
9 14 0.531 0.254
9 15 0.442 0.297
9 16 0.562 0.2
9 17 0.536 0.23
9 18 0.652 0.131
9 19 0.448 0.066
9 20 0.404 0.208
9 21 0.314 0.169
9 22 0.496 0.284
9 23 0.62 0.344
9 24 0.762 0.117
9 25 0.658 0.327
9 26 0.394 0.309
9 27 0.4 0.263
9 28 0.726 0.24
9 29 0.578 0.242
9 30 0.486 0.243
9 31 0.531 0.186
9 32 0.272 0.189
9 33 0.464 0.21
9 34 0.752 0.245
9 35 0.673 0.174
9 36 0.74 0.334
9 37 0.598 0.195
9 38 0.55 0.225
9 39 0.683 0.301
9 40 0.408 0.248
9 41 0.551 0.249
9 42 0.482 0.282
9 43 0.7 0.176
9 44 0.562 0.249
9 45 0.465 0.248
9 46 0.743 0.246
9 47 0.591 0.17
9 48 0.582 0.318
9 49 0.576 0.244
9 50 0.618 0.25
10 11 0.639 0.252
10 12 0.731 0.114
10 13 0.644 0.215
10 14 0.411 0.272
10 15 0.619 0.252
10 16 0.76 0.247
10 17 0.73 0.21
10 18 0.598 0.182
10 19 0.544 0.23
10 20 0.838 0.251
10 21 0.579 0.131
10 22 0.783 0.195
10 23 0.644 0.27
10 24 0.348 0.23
10 25 0.682 0.234
10 26 0.681 0.207
10 27 0.418 0.308
10 28 0.629 0.218
10 29 0.724 0.058
10 30 0.376 0.076
10 31 0.577 0.142
10 32 0.582 0.255
10 33 0.376 0.156
10 34 0.567 0.18
10 35 0.636 0.192
10 36 0.314 0.12
10 37 0.586 0.229
10 38 0.686 0.269
10 39 0.501 0.164
10 40 0.542 0.138
10 41 0.697 0.206
10 42 0.64 0.238
10 43 0.345 0.22
10 44 0.648 0.184
10 45 0.428 0.216
10 46 0.588 0.218
10 47 0.629 0.126
10 48 0.552 0.17
10 49 0.742 0.252
10 50 0.612 0.258
11 12 0.335 0.23
11 13 0.458 0.238
11 14 0.59 0.217
11 15 0.652 0.288
11 16 0.278 0.126
11 17 0.306 0.184
11 18 0.635 0.31
11 19 0.494 0.252
11 20 0.498 0.235
11 21 0.564 0.156
11 22 0.469 0.098
11 23 0.66 0.337
11 24 0.558 0.233
11 25 0.584 0.314
11 26 0.32 0.29
11 27 0.649 0.086
11 28 0.339 0.254
11 29 0.586 0.229
11 30 0.592 0.328
11 31 0.452 0.182
11 32 0.526 0.227
11 33 0.607 0.292
11 34 0.351 0.266
11 35 0.548 0.212
11 36 0.619 0.193
11 37 0.685 0.25
11 38 0.529 0.221
11 39 0.529 0.368
11 40 0.714 0.215
11 41 0.451 0.287
11 42 0.48 0.28
11 43 0.62 0.27
11 44 0.349 0.31
11 45 0.584 0.273
11 46 0.573 0.338
11 47 0.679 0.198
11 48 0.59 0.242
11 49 0.468 0.182
11 50 0.664 0.322
12 13 0.294 0.115
12 14 0.471 0.168
12 15 0.555 0.252
12 16 0.613 0.19
12 17 0.552 0.153
12 18 0.69 0.185
12 19 0.364 0.145
12 20 0.682 0.181
12 21 0.7 0.094
12 22 0.646 0.268
12 23 0.638 0.156
12 24 0.383 0.116
12 25 0.551 0.164
12 26 0.655 0.167
12 27 0.609 0.251
12 28 0.565 0.182
12 29 0.512 0.118
12 30 0.632 0.19
12 31 0.379 0.072
12 32 0.472 0.232
12 33 0.632 0.26
12 34 0.376 0.144
12 35 0.51 0.122
12 36 0.662 0.196
12 37 0.661 0.192
12 38 0.194 0.157
12 39 0.75 0.264
12 40 0.668 0.198
12 41 0.722 0.182
12 42 0.638 0.168
12 43 0.58 0.206
12 44 0.684 0.144
12 45 0.65 0.221
12 46 0.618 0.198
12 47 0.344 0.056
12 48 0.436 0.23
12 49 0.578 0.182
12 50 0.584 0.239
13 14 0.643 0.28
13 15 0.688 0.21
13 16 0.578 0.232
13 17 0.476 0.251
13 18 0.572 0.072
13 19 0.44 0.137
13 20 0.608 0.174
13 21 0.594 0.172
13 22 0.68 0.309
13 23 0.488 0.231
13 24 0.677 0.231
13 25 0.701 0.262
13 26 0.675 0.25
13 27 0.315 0.281
13 28 0.44 0.297
13 29 0.303 0.157
13 30 0.552 0.228
13 31 0.248 0.116
13 32 0.58 0.269
13 33 0.704 0.29
13 34 0.65 0.259
13 35 0.273 0.054
13 36 0.593 0.28
13 37 0.631 0.268
13 38 0.488 0.251
13 39 0.529 0.242
13 40 0.662 0.235
13 41 0.435 0.246
13 42 0.71 0.232
13 43 0.668 0.202
13 44 0.656 0.225
13 45 0.481 0.134
13 46 0.646 0.262
13 47 0.638 0.12
13 48 0.497 0.233
13 49 0.755 0.226
13 50 0.29 0.171
14 15 0.602 0.243
14 16 0.724 0.286
14 17 0.386 0.228
14 18 0.77 0.275
14 19 0.61 0.313
14 20 0.62 0.154
14 21 0.804 0.193
14 22 0.556 0.119
14 23 0.668 0.181
14 24 0.668 0.284
14 25 0.469 0.329
14 26 0.27 0.248
14 27 0.528 0.303
14 28 0.484 0.208
14 29 0.34 0.214
14 30 0.648 0.249
14 31 0.65 0.237
14 32 0.646 0.334
14 33 0.436 0.27
14 34 0.512 0.246
14 35 0.71 0.287
14 36 0.618 0.361
14 37 0.737 0.271
14 38 0.524 0.127
14 39 0.708 0.229
14 40 0.691 0.134
14 41 0.602 0.347
14 42 0.586 0.222
14 43 0.574 0.078
14 44 0.428 0.178
14 45 0.676 0.182
14 46 0.562 0.332
14 47 0.419 0.221
14 48 0.67 0.326
14 49 0.683 0.266
14 50 0.706 0.238
15 16 0.398 0.355
15 17 0.674 0.3
15 18 0.446 0.258
15 19 0.834 0.3
15 20 0.393 0.089
15 21 0.622 0.257
15 22 0.722 0.226
15 23 0.658 0.172
15 24 0.416 0.275
15 25 0.596 0.145
15 26 0.332 0.212
15 27 0.769 0.202
15 28 0.632 0.34
15 29 0.867 0.283
15 30 0.512 0.198
15 31 0.676 0.18
15 32 0.561 0.276
15 33 0.71 0.153
15 34 0.778 0.302
15 35 0.594 0.156
15 36 0.73 0.37
15 37 0.466 0.255
15 38 0.676 0.216
15 39 0.416 0.088
15 40 0.79 0.203
15 41 0.662 0.283
15 42 0.66 0.204
15 43 0.726 0.265
15 44 0.694 0.143
15 45 0.685 0.129
15 46 0.8 0.215
15 47 0.81 0.196
15 48 0.752 0.335
15 49 0.532 0.271
15 50 0.711 0.185
16 17 0.452 0.175
16 18 0.621 0.199
16 19 0.472 0.134
16 20 0.42 0.266
16 21 0.665 0.116
16 22 0.544 0.224
16 23 0.484 0.243
16 24 0.578 0.306
16 25 0.789 0.314
16 26 0.539 0.328
16 27 0.371 0.212
16 28 0.54 0.308
16 29 0.713 0.189
16 30 0.67 0.299
16 31 0.73 0.254
16 32 0.52 0.353
16 33 0.384 0.278
16 34 0.561 0.287
16 35 0.694 0.286
16 36 0.803 0.319
16 37 0.749 0.214
16 38 0.544 0.295
16 39 0.747 0.358
16 40 0.591 0.152
16 41 0.659 0.312
16 42 0.503 0.35
16 43 0.79 0.246
16 44 0.296 0.268
16 45 0.745 0.244
16 46 0.558 0.314
16 47 0.809 0.238
16 48 0.553 0.301
16 49 0.642 0.256
16 50 0.386 0.196
17 18 0.656 0.276
17 19 0.546 0.295
17 20 0.347 0.247
17 21 0.496 0.079
17 22 0.65 0.253
17 23 0.61 0.309
17 24 0.578 0.269
17 25 0.635 0.192
17 26 0.371 0.291
17 27 0.404 0.098
17 28 0.645 0.297
17 29 0.555 0.152
17 30 0.675 0.262
17 31 0.678 0.225
17 32 0.742 0.271
17 33 0.43 0.309
17 34 0.409 0.259
17 35 0.526 0.256
17 36 0.56 0.33
17 37 0.656 0.177
17 38 0.464 0.258
17 39 0.424 0.352
17 40 0.561 0.232
17 41 0.541 0.33
17 42 0.668 0.292
17 43 0.737 0.209
17 44 0.525 0.29
17 45 0.592 0.207
17 46 0.51 0.312
17 47 0.715 0.209
17 48 0.284 0.222
17 49 0.528 0.194
17 50 0.37 0.247
18 19 0.411 0.065
18 20 0.468 0.215
18 21 0.49 0.197
18 22 0.725 0.258
18 23 0.667 0.267
18 24 0.582 0.248
18 25 0.452 0.305
18 26 0.618 0.178
18 27 0.452 0.269
18 28 0.748 0.239
18 29 0.759 0.124
18 30 0.676 0.156
18 31 0.72 0.185
18 32 0.66 0.313
18 33 0.51 0.227
18 34 0.72 0.26
18 35 0.648 0.126
18 36 0.284 0.246
18 37 0.39 0.295
18 38 0.496 0.286
18 39 0.514 0.17
18 40 0.47 0.204
18 41 0.52 0.275
18 42 0.758 0.281
18 43 0.462 0.274
18 44 0.577 0.281
18 45 0.489 0.175
18 46 0.584 0.245
18 47 0.743 0.169
18 48 0.406 0.236
18 49 0.742 0.295
18 50 0.719 0.119
19 20 0.441 0.229
19 21 0.606 0.235
19 22 0.747 0.299
19 23 0.518 0.278
19 24 0.747 0.183
19 25 0.675 0.28
19 26 0.641 0.243
19 27 0.755 0.204
19 28 0.69 0.174
19 29 0.743 0.189
19 30 0.437 0.177
19 31 0.522 0.12
19 32 0.44 0.248
19 33 0.543 0.242
19 34 0.618 0.212
19 35 0.628 0.191
19 36 0.588 0.278
19 37 0.565 0.261
19 38 0.558 0.291
19 39 0.7 0.235
19 40 0.304 0.182
19 41 0.471 0.23
19 42 0.736 0.216
19 43 0.651 0.242
19 44 0.495 0.26
19 45 0.757 0.24
19 46 0.688 0.18
19 47 0.708 0.104
19 48 0.697 0.252
19 49 0.812 0.23
19 50 0.681 0.184
20 21 0.622 0.168
20 22 0.636 0.137
20 23 0.542 0.244
20 24 0.684 0.289
20 25 0.518 0.234
20 26 0.718 0.301
20 27 0.718 0.264
20 28 0.716 0.287
20 29 0.684 0.194
20 30 0.463 0.18
20 31 0.38 0.109
20 32 0.676 0.187
20 33 0.667 0.116
20 34 0.682 0.249
20 35 0.562 0.182
20 36 0.55 0.299
20 37 0.36 0.166
20 38 0.634 0.26
20 39 0.456 0.177
20 40 0.698 0.114
20 41 0.43 0.251
20 42 0.7 0.202
20 43 0.634 0.232
20 44 0.716 0.157
20 45 0.77 0.04
20 46 0.44 0.178
20 47 0.716 0.125
20 48 0.587 0.252
20 49 0.618 0.219
20 50 0.318 0.096
21 22 0.263 0.174
21 23 0.544 0.25
21 24 0.608 0.21
21 25 0.719 0.202
21 26 0.542 0.232
21 27 0.628 0.177
21 28 0.642 0.218
21 29 0.574 0.073
21 30 0.56 0.183
21 31 0.597 0.166
21 32 0.535 0.326
21 33 0.368 0.23
21 34 0.55 0.18
21 35 0.359 0.216
21 36 0.529 0.251
21 37 0.284 0.098
21 38 0.715 0.179
21 39 0.56 0.273
21 40 0.613 0.153
21 41 0.498 0.251
21 42 0.631 0.25
21 43 0.537 0.13
21 44 0.72 0.238
21 45 0.151 0.128
21 46 0.58 0.233
21 47 0.658 0.15
21 48 0.716 0.185
21 49 0.735 0.152
21 50 0.304 0.168
22 23 0.654 0.3
22 24 0.784 0.296
22 25 0.522 0.371
22 26 0.468 0.298
22 27 0.365 0.184
22 28 0.466 0.206
22 29 0.462 0.189
22 30 0.524 0.271
22 31 0.526 0.246
22 32 0.576 0.324
22 33 0.631 0.253
22 34 0.596 0.168
22 35 0.578 0.31
22 36 0.522 0.291
22 37 0.547 0.152
22 38 0.452 0.123
22 39 0.583 0.297
22 40 0.75 0.117
22 41 0.573 0.345
22 42 0.626 0.186
22 43 0.586 0.172
22 44 0.772 0.292
22 45 0.37 0.175
22 46 0.72 0.315
22 47 0.704 0.262
22 48 0.547 0.301
22 49 0.593 0.262
22 50 0.567 0.231
23 24 0.796 0.272
23 25 0.676 0.317
23 26 0.412 0.276
23 27 0.544 0.374
23 28 0.61 0.338
23 29 0.531 0.274
23 30 0.488 0.344
23 31 0.718 0.228
23 32 0.634 0.388
23 33 0.784 0.319
23 34 0.68 0.3
23 35 0.252 0.177
23 36 0.414 0.224
23 37 0.506 0.251
23 38 0.444 0.308
23 39 0.57 0.26
23 40 0.514 0.315
23 41 0.6 0.304
23 42 0.4 0.262
23 43 0.702 0.259
23 44 0.68 0.3
23 45 0.46 0.204
23 46 0.438 0.257
23 47 0.648 0.212
23 48 0.362 0.249
23 49 0.682 0.322
23 50 0.24 0.148
24 25 0.334 0.21
24 26 0.584 0.258
24 27 0.614 0.216
24 28 0.682 0.166
24 29 0.72 0.234
24 30 0.654 0.232
24 31 0.681 0.188
24 32 0.534 0.236
24 33 0.597 0.327
24 34 0.482 0.128
24 35 0.566 0.221
24 36 0.538 0.218
24 37 0.324 0.214
24 38 0.577 0.255
24 39 0.64 0.363
24 40 0.45 0.263
24 41 0.404 0.188
24 42 0.396 0.284
24 43 0.61 0.206
24 44 0.394 0.132
24 45 0.759 0.249
24 46 0.724 0.314
24 47 0.727 0.172
24 48 0.449 0.331
24 49 0.52 0.26
24 50 0.76 0.305
25 26 0.264 0.158
25 27 0.493 0.228
25 28 0.549 0.31
25 29 0.706 0.251
25 30 0.412 0.31
25 31 0.723 0.192
25 32 0.655 0.346
25 33 0.702 0.298
25 34 0.678 0.288
25 35 0.574 0.242
25 36 0.708 0.316
25 37 0.54 0.3
25 38 0.609 0.321
25 39 0.732 0.233
25 40 0.722 0.33
25 41 0.352 0.138
25 42 0.606 0.279
25 43 0.626 0.284
25 44 0.493 0.264
25 45 0.568 0.274
25 46 0.672 0.318
25 47 0.611 0.176
25 48 0.599 0.356
25 49 0.648 0.302
25 50 0.667 0.294
26 27 0.757 0.252
26 28 0.552 0.168
26 29 0.604 0.265
26 30 0.676 0.234
26 31 0.666 0.195
26 32 0.538 0.31
26 33 0.583 0.245
26 34 0.498 0.13
26 35 0.664 0.245
26 36 0.668 0.308
26 37 0.467 0.183
26 38 0.794 0.249
26 39 0.748 0.237
26 40 0.458 0.265
26 41 0.616 0.146
26 42 0.544 0.121
26 43 0.702 0.2
26 44 0.669 0.159
26 45 0.693 0.276
26 46 0.502 0.307
26 47 0.689 0.179
26 48 0.655 0.359
26 49 0.442 0.156
26 50 0.652 0.297
27 28 0.46 0.34
27 29 0.602 0.25
27 30 0.498 0.36
27 31 0.376 0.206
27 32 0.494 0.2
27 33 0.389 0.295
27 34 0.598 0.321
27 35 0.588 0.26
27 36 0.586 0.279
27 37 0.378 0.198
27 38 0.752 0.235
27 39 0.526 0.29
27 40 0.808 0.301
27 41 0.45 0.294
27 42 0.554 0.194
27 43 0.57 0.284
27 44 0.434 0.224
27 45 0.735 0.224
27 46 0.356 0.252
27 47 0.6 0.222
27 48 0.182 0.156
27 49 0.793 0.096
27 50 0.4 0.28
28 29 0.686 0.252
28 30 0.253 0.142
28 31 0.688 0.183
28 32 0.586 0.142
28 33 0.729 0.288
28 34 0.325 0.038
28 35 0.358 0.268
28 36 0.752 0.338
28 37 0.358 0.314
28 38 0.371 0.152
28 39 0.338 0.306
28 40 0.848 0.173
28 41 0.601 0.314
28 42 0.382 0.289
28 43 0.467 0.201
28 44 0.508 0.266
28 45 0.566 0.282
28 46 0.47 0.246
28 47 0.573 0.199
28 48 0.642 0.328
28 49 0.664 0.291
28 50 0.612 0.338
29 30 0.728 0.11
29 31 0.528 0.19
29 32 0.306 0.258
29 33 0.776 0.214
29 34 0.496 0.214
29 35 0.384 0.211
29 36 0.627 0.178
29 37 0.772 0.171
29 38 0.584 0.211
29 39 0.561 0.222
29 40 0.494 0.08
29 41 0.635 0.196
29 42 0.48 0.286
29 43 0.514 0.162
29 44 0.745 0.242
29 45 0.592 0.201
29 46 0.409 0.16
29 47 0.759 0.174
29 48 0.42 0.112
29 49 0.452 0.225
29 50 0.366 0.241
30 31 0.435 0.178
30 32 0.49 0.284
30 33 0.621 0.232
30 34 0.266 0.104
30 35 0.554 0.268
30 36 0.541 0.196
30 37 0.33 0.172
30 38 0.502 0.22
30 39 0.591 0.24
30 40 0.668 0.19
30 41 0.348 0.282
30 42 0.436 0.274
30 43 0.214 0.171
30 44 0.669 0.236
30 45 0.409 0.14
30 46 0.508 0.27
30 47 0.32 0.162
30 48 0.616 0.222
30 49 0.629 0.288
30 50 0.636 0.196
31 32 0.518 0.236
31 33 0.732 0.198
31 34 0.484 0.145
31 35 0.521 0.15
31 36 0.752 0.19
31 37 0.74 0.264
31 38 0.573 0.229
31 39 0.568 0.244
31 40 0.826 0.223
31 41 0.603 0.142
31 42 0.462 0.128
31 43 0.602 0.278
31 44 0.64 0.172
31 45 0.446 0.149
31 46 0.674 0.158
31 47 0.62 0.016
31 48 0.512 0.264
31 49 0.529 0.11
31 50 0.478 0.205
32 33 0.736 0.236
32 34 0.552 0.18
32 35 0.68 0.215
32 36 0.522 0.375
32 37 0.594 0.353
32 38 0.278 0.217
32 39 0.769 0.308
32 40 0.68 0.301
32 41 0.56 0.279
32 42 0.588 0.356
32 43 0.48 0.256
32 44 0.74 0.332
32 45 0.686 0.227
32 46 0.599 0.298
32 47 0.602 0.244
32 48 0.676 0.32
32 49 0.628 0.296
32 50 0.394 0.283
33 34 0.404 0.27
33 35 0.659 0.279
33 36 0.69 0.276
33 37 0.652 0.282
33 38 0.826 0.32
33 39 0.716 0.188
33 40 0.602 0.23
33 41 0.589 0.16
33 42 0.722 0.283
33 43 0.6 0.326
33 44 0.446 0.228
33 45 0.51 0.156
33 46 0.593 0.062
33 47 0.622 0.204
33 48 0.571 0.305
33 49 0.461 0.218
33 50 0.672 0.212
34 35 0.584 0.266
34 36 0.628 0.3
34 37 0.596 0.276
34 38 0.57 0.146
34 39 0.663 0.32
34 40 0.592 0.135
34 41 0.582 0.276
34 42 0.702 0.251
34 43 0.48 0.195
34 44 0.578 0.243
34 45 0.675 0.244
34 46 0.242 0.208
34 47 0.447 0.161
34 48 0.688 0.29
34 49 0.46 0.255
34 50 0.523 0.3
35 36 0.586 0.226
35 37 0.608 0.276
35 38 0.696 0.279
35 39 0.437 0.244
35 40 0.552 0.287
35 41 0.348 0.216
35 42 0.652 0.214
35 43 0.531 0.256
35 44 0.501 0.171
35 45 0.208 0.142
35 46 0.69 0.276
35 47 0.564 0.134
35 48 0.614 0.179
35 49 0.656 0.26
35 50 0.492 0.117
36 37 0.668 0.286
36 38 0.478 0.306
36 39 0.657 0.284
36 40 0.754 0.243
36 41 0.513 0.3
36 42 0.534 0.286
36 43 0.659 0.34
36 44 0.542 0.262
36 45 0.378 0.282
36 46 0.679 0.316
36 47 0.474 0.174
36 48 0.681 0.29
36 49 0.744 0.3
36 50 0.502 0.338
37 38 0.729 0.275
37 39 0.526 0.175
37 40 0.556 0.251
37 41 0.662 0.329
37 42 0.424 0.279
37 43 0.544 0.228
37 44 0.718 0.251
37 45 0.435 0.134
37 46 0.734 0.331
37 47 0.513 0.248
37 48 0.56 0.283
37 49 0.577 0.25
37 50 0.54 0.19
38 39 0.709 0.174
38 40 0.522 0.24
38 41 0.537 0.306
38 42 0.666 0.237
38 43 0.433 0.049
38 44 0.692 0.267
38 45 0.798 0.298
38 46 0.778 0.258
38 47 0.358 0.213
38 48 0.63 0.323
38 49 0.384 0.139
38 50 0.629 0.285
39 40 0.812 0.242
39 41 0.7 0.247
39 42 0.244 0.116
39 43 0.462 0.223
39 44 0.769 0.231
39 45 0.485 0.217
39 46 0.691 0.25
39 47 0.621 0.228
39 48 0.362 0.268
39 49 0.526 0.214
39 50 0.573 0.273
40 41 0.704 0.276
40 42 0.796 0.228
40 43 0.746 0.212
40 44 0.646 0.271
40 45 0.462 0.154
40 46 0.656 0.24
40 47 0.768 0.222
40 48 0.683 0.192
40 49 0.844 0.305
40 50 0.714 0.17
41 42 0.618 0.238
41 43 0.501 0.271
41 44 0.363 0.179
41 45 0.556 0.212
41 46 0.456 0.222
41 47 0.492 0.126
41 48 0.407 0.28
41 49 0.554 0.252
41 50 0.621 0.156
42 43 0.394 0.286
42 44 0.651 0.226
42 45 0.48 0.242
42 46 0.603 0.254
42 47 0.377 0.112
42 48 0.429 0.35
42 49 0.282 0.098
42 50 0.64 0.298
43 44 0.71 0.256
43 45 0.623 0.258
43 46 0.556 0.264
43 47 0.534 0.262
43 48 0.689 0.274
43 49 0.561 0.188
43 50 0.772 0.298
44 45 0.569 0.117
44 46 0.336 0.262
44 47 0.665 0.156
44 48 0.413 0.204
44 49 0.369 0.128
44 50 0.546 0.173
45 46 0.671 0.218
45 47 0.729 0.165
45 48 0.75 0.292
45 49 0.689 0.245
45 50 0.455 0.056
46 47 0.574 0.142
46 48 0.446 0.272
46 49 0.515 0.156
46 50 0.678 0.224
47 48 0.698 0.248
47 49 0.6 0.126
47 50 0.636 0.221
48 49 0.711 0.252
48 50 0.514 0.296
49 50 0.695 0.301
node_demand
0.2
0.175
0.1
0.025
0.05
0.1
0.075
0.075
0.075
0.2
0.025
0.125
0.1
0.15
0.15
0.225
0.075
0.225
0.175
0.175
0.125
0.05
0.15
0.175
0.15
0.05
0.05
0.1
0.15
0.125
0.175
0.1
0.175
0.15
0.15
0.2
0.025
0.075
0.225
0.075
0.075
0.125
0.2
0.125
0.2
0.1
0.125
0.225
0.175
0.075
