50
0 1 0.672 0.279
0 2 0.619 0.172
0 3 0.442 0.111
0 4 0.766 0.144
0 5 0.381 0.144
0 6 0.312 0.291
0 7 0.528 0.094
0 8 0.687 0.316
0 9 0.25 0.072
0 10 0.593 0.271
0 11 0.632 0.173
0 12 0.412 0.217
0 13 0.668 0.149
0 14 0.698 0.315
0 15 0.377 0.181
0 16 0.598 0.258
0 17 0.535 0.276
0 18 0.243 0.107
0 19 0.754 0.176
0 20 0.429 0.187
0 21 0.53 0.278
0 22 0.688 0.245
0 23 0.62 0.239
0 24 0.575 0.144
0 25 0.416 0.268
0 26 0.789 0.284
0 27 0.452 0.245
0 28 0.78 0.295
0 29 0.709 0.253
0 30 0.812 0.212
0 31 0.405 0.298
0 32 0.493 0.112
0 33 0.8 0.228
0 34 0.611 0.258
0 35 0.608 0.316
0 36 0.635 0.095
0 37 0.594 0.118
0 38 0.72 0.22
0 39 0.536 0.301
0 40 0.573 0.194
0 41 0.736 0.223
0 42 0.496 0.201
0 43 0.745 0.273
0 44 0.541 0.186
0 45 0.535 0.239
0 46 0.63 0.29
0 47 0.468 0.224
0 48 0.747 0.196
0 49 0.594 0.104
0 50 0.528 0.19
1 2 0.394 0.243
1 3 0.663 0.193
1 4 0.644 0.276
1 5 0.564 0.223
1 6 0.784 0.271
1 7 0.532 0.254
1 8 0.614 0.334
1 9 0.722 0.232
1 10 0.768 0.203
1 11 0.685 0.252
1 12 0.722 0.296
1 13 0.607 0.263
1 14 0.398 0.3
1 15 0.516 0.205
1 16 0.633 0.317
1 17 0.358 0.23
1 18 0.527 0.261
1 19 0.638 0.313
1 20 0.834 0.341
1 21 0.448 0.041
1 22 0.724 0.215
1 23 0.597 0.217
1 24 0.62 0.225
1 25 0.732 0.297
1 26 0.619 0.343
1 27 0.656 0.317
1 28 0.578 0.315
1 29 0.608 0.246
1 30 0.307 0.25
1 31 0.473 0.188
1 32 0.637 0.207
1 33 0.578 0.263
1 34 0.49 0.306
1 35 0.526 0.299
1 36 0.774 0.209
1 37 0.688 0.231
1 38 0.49 0.159
1 39 0.63 0.24
1 40 0.488 0.174
1 41 0.584 0.281
1 42 0.536 0.374
1 43 0.614 0.238
1 44 0.467 0.276
1 45 0.634 0.307
1 46 0.692 0.255
1 47 0.464 0.292
1 48 0.206 0.161
1 49 0.602 0.175
1 50 0.472 0.129
2 3 0.456 0.218
2 4 0.743 0.302
2 5 0.713 0.169
2 6 0.713 0.207
2 7 0.494 0.266
2 8 0.522 0.292
2 9 0.426 0.244
2 10 0.374 0.099
2 11 0.677 0.236
2 12 0.482 0.242
2 13 0.575 0.288
2 14 0.792 0.143
2 15 0.506 0.231
2 16 0.628 0.242
2 17 0.664 0.301
2 18 0.623 0.26
2 19 0.322 0.268
2 20 0.632 0.34
2 21 0.61 0.261
2 22 0.5 0.17
2 23 0.49 0.224
2 24 0.66 0.262
2 25 0.464 0.181
2 26 0.629 0.202
2 27 0.358 0.21
2 28 0.33 0.325
2 29 0.632 0.159
2 30 0.667 0.183
2 31 0.604 0.278
2 32 0.367 0.122
2 33 0.636 0.056
2 34 0.745 0.219
2 35 0.742 0.194
2 36 0.562 0.234
2 37 0.722 0.124
2 38 0.484 0.2
2 39 0.621 0.253
2 40 0.436 0.258
2 41 0.784 0.272
2 42 0.584 0.323
2 43 0.566 0.13
2 44 0.802 0.255
2 45 0.598 0.282
2 46 0.608 0.21
2 47 0.753 0.285
2 48 0.426 0.116
2 49 0.266 0.068
2 50 0.596 0.2
3 4 0.583 0.164
3 5 0.592 0.192
3 6 0.754 0.227
3 7 0.602 0.061
3 8 0.823 0.224
3 9 0.447 0.039
3 10 0.672 0.283
3 11 0.644 0.062
3 12 0.539 0.204
3 13 0.374 0.07
3 14 0.599 0.295
3 15 0.504 0.093
3 16 0.726 0.258
3 17 0.662 0.194
3 18 0.685 0.218
3 19 0.778 0.143
3 20 0.696 0.286
3 21 0.768 0.234
3 22 0.597 0.196
3 23 0.496 0.151
3 24 0.706 0.255
3 25 0.58 0.211
3 26 0.585 0.24
3 27 0.479 0.142
3 28 0.37 0.197
3 29 0.582 0.165
3 30 0.68 0.179
3 31 0.718 0.228
3 32 0.512 0.179
3 33 0.647 0.244
3 34 0.686 0.225
3 35 0.727 0.283
3 36 0.246 0.016
3 37 0.712 0.229
3 38 0.696 0.18
3 39 0.546 0.26
3 40 0.605 0.238
3 41 0.695 0.112
3 42 0.706 0.252
3 43 0.521 0.219
3 44 0.612 0.153
3 45 0.732 0.227
3 46 0.562 0.236
3 47 0.64 0.241
3 48 0.705 0.142
3 49 0.613 0.215
3 50 0.634 0.206
4 5 0.686 0.288
4 6 0.728 0.205
4 7 0.72 0.202
4 8 0.392 0.235
4 9 0.754 0.18
4 10 0.369 0.212
4 11 0.581 0.196
4 12 0.544 0.31
4 13 0.62 0.211
4 14 0.35 0.307
4 15 0.643 0.071
4 16 0.243 0.114
4 17 0.801 0.172
4 18 0.775 0.251
4 19 0.708 0.238
4 20 0.694 0.264
4 21 0.445 0.235
4 22 0.737 0.186
4 23 0.643 0.129
4 24 0.535 0.28
4 25 0.465 0.193
4 26 0.746 0.14
4 27 0.663 0.246
4 28 0.446 0.185
4 29 0.782 0.143
4 30 0.481 0.222
4 31 0.521 0.169
4 32 0.586 0.2
4 33 0.558 0.265
4 34 0.785 0.203
4 35 0.478 0.19
4 36 0.385 0.157
4 37 0.502 0.253
4 38 0.298 0.154
4 39 0.623 0.238
4 40 0.494 0.28
4 41 0.596 0.246
4 42 0.596 0.327
4 43 0.684 0.226
4 44 0.568 0.294
4 45 0.436 0.095
4 46 0.406 0.17
4 47 0.554 0.219
4 48 0.558 0.228
4 49 0.485 0.248
4 50 0.496 0.184
5 6 0.34 0.244
5 7 0.788 0.194
5 8 0.612 0.348
5 9 0.44 0.172
5 10 0.659 0.268
5 11 0.346 0.254
5 12 0.231 0.073
5 13 0.758 0.23
5 14 0.464 0.249
5 15 0.474 0.219
5 16 0.61 0.251
5 17 0.316 0.132
5 18 0.624 0.176
5 19 0.643 0.214
5 20 0.514 0.256
5 21 0.658 0.203
5 22 0.717 0.116
5 23 0.633 0.277
5 24 0.56 0.203
5 25 0.589 0.244
5 26 0.735 0.258
5 27 0.43 0.266
5 28 0.714 0.224
5 29 0.612 0.147
5 30 0.606 0.188
5 31 0.358 0.223
5 32 0.492 0.193
5 33 0.48 0.164
5 34 0.426 0.207
5 35 0.362 0.216
5 36 0.618 0.176
5 37 0.384 0.257
5 38 0.496 0.145
5 39 0.257 0.157
5 40 0.543 0.089
5 41 0.707 0.281
5 42 0.731 0.3
5 43 0.364 0.139
5 44 0.579 0.278
5 45 0.465 0.231
5 46 0.785 0.156
5 47 0.677 0.255
5 48 0.366 0.062
5 49 0.593 0.237
5 50 0.496 0.115
6 7 0.496 0.2
6 8 0.758 0.327
6 9 0.562 0.222
6 10 0.498 0.182
6 11 0.686 0.175
6 12 0.5 0.302
6 13 0.585 0.171
6 14 0.386 0.228
6 15 0.668 0.134
6 16 0.485 0.183
6 17 0.654 0.232
6 18 0.486 0.184
6 19 0.766 0.307
6 20 0.741 0.198
6 21 0.54 0.23
6 22 0.538 0.262
6 23 0.308 0.076
6 24 0.379 0.21
6 25 0.428 0.026
6 26 0.717 0.345
6 27 0.662 0.281
6 28 0.695 0.248
6 29 0.584 0.206
6 30 0.5 0.082
6 31 0.354 0.306
6 32 0.386 0.244
6 33 0.594 0.263
6 34 0.716 0.266
6 35 0.32 0.219
6 36 0.508 0.22
6 37 0.436 0.267
6 38 0.672 0.249
6 39 0.573 0.234
6 40 0.424 0.188
6 41 0.456 0.276
6 42 0.62 0.316
6 43 0.704 0.286
6 44 0.746 0.336
6 45 0.714 0.3
6 46 0.559 0.307
6 47 0.748 0.136
6 48 0.689 0.291
6 49 0.487 0.211
6 50 0.647 0.279
7 8 0.328 0.222
7 9 0.584 0.022
7 10 0.464 0.266
7 11 0.476 0.123
7 12 0.654 0.206
7 13 0.486 0.096
7 14 0.544 0.286
7 15 0.662 0.131
7 16 0.477 0.25
7 17 0.51 0.232
7 18 0.595 0.176
7 19 0.582 0.126
7 20 0.514 0.256
7 21 0.574 0.295
7 22 0.528 0.224
7 23 0.664 0.189
7 24 0.735 0.238
7 25 0.7 0.174
7 26 0.497 0.223
7 27 0.65 0.195
7 28 0.741 0.245
7 29 0.895 0.203
7 30 0.732 0.118
7 31 0.777 0.289
7 32 0.761 0.162
7 33 0.55 0.273
7 34 0.684 0.238
7 35 0.672 0.266
7 36 0.404 0.045
7 37 0.63 0.212
7 38 0.757 0.236
7 39 0.666 0.264
7 40 0.624 0.263
7 41 0.789 0.173
7 42 0.403 0.278
7 43 0.424 0.248
7 44 0.784 0.136
7 45 0.72 0.256
7 46 0.606 0.265
7 47 0.576 0.22
7 48 0.736 0.171
7 49 0.66 0.198
7 50 0.448 0.234
8 9 0.464 0.244
8 10 0.285 0.252
8 11 0.56 0.188
8 12 0.768 0.304
8 13 0.603 0.286
8 14 0.686 0.346
8 15 0.544 0.257
8 16 0.571 0.34
8 17 0.542 0.356
8 18 0.736 0.336
8 19 0.316 0.241
8 20 0.706 0.296
8 21 0.396 0.293
8 22 0.6 0.232
8 23 0.738 0.315
8 24 0.666 0.296
8 25 0.521 0.301
8 26 0.777 0.252
8 27 0.66 0.082
8 28 0.786 0.323
8 29 0.724 0.329
8 30 0.552 0.245
8 31 0.588 0.33
8 32 0.549 0.278
8 33 0.72 0.302
8 34 0.701 0.352
8 35 0.68 0.406
8 36 0.732 0.232
8 37 0.633 0.28
8 38 0.69 0.299
8 39 0.558 0.418
8 40 0.71 0.384
8 41 0.776 0.272
8 42 0.518 0.178
8 43 0.612 0.228
8 44 0.456 0.358
8 45 0.78 0.14
8 46 0.771 0.204
8 47 0.688 0.347
8 48 0.408 0.286
8 49 0.448 0.224
8 50 0.776 0.329
9 10 0.385 0.244
9 11 0.75 0.101
9 12 0.304 0.184
9 13 0.663 0.077
9 14 0.602 0.264
9 15 0.515 0.109
9 16 0.647 0.228
9 17 0.673 0.21
9 18 0.493 0.179
9 19 0.557 0.104
9 20 0.587 0.259
9 21 0.546 0.273
9 22 0.659 0.202
9 23 0.562 0.167
9 24 0.549 0.216
9 25 0.494 0.196
9 26 0.616 0.245
9 27 0.681 0.173
9 28 0.56 0.223
9 29 0.51 0.181
9 30 0.627 0.14
9 31 0.52 0.267
9 32 0.297 0.14
9 33 0.55 0.251
9 34 0.504 0.216
9 35 0.662 0.244
9 36 0.442 0.023
9 37 0.616 0.19
9 38 0.637 0.214
9 39 0.633 0.242
9 40 0.777 0.245
9 41 0.771 0.151
9 42 0.408 0.259
9 43 0.531 0.226
9 44 0.444 0.114
9 45 0.606 0.234
9 46 0.39 0.243
9 47 0.718 0.242
9 48 0.704 0.149
9 49 0.398 0.176
9 50 0.576 0.218
10 11 0.521 0.305
10 12 0.594 0.341
10 13 0.318 0.22
10 14 0.562 0.241
10 15 0.626 0.283
10 16 0.612 0.326
10 17 0.77 0.264
10 18 0.479 0.299
10 19 0.574 0.286
10 20 0.52 0.328
10 21 0.65 0.162
10 22 0.508 0.188
10 23 0.5 0.258
10 24 0.502 0.346
10 25 0.236 0.156
10 26 0.492 0.301
10 27 0.732 0.309
10 28 0.606 0.397
10 29 0.773 0.258
10 30 0.628 0.212
10 31 0.69 0.358
10 32 0.601 0.221
10 33 0.591 0.155
10 34 0.416 0.285
10 35 0.69 0.293
10 36 0.742 0.267
10 37 0.348 0.223
10 38 0.599 0.28
10 39 0.823 0.352
10 40 0.608 0.357
10 41 0.556 0.197
10 42 0.57 0.371
10 43 0.51 0.229
10 44 0.692 0.35
10 45 0.576 0.307
10 46 0.728 0.309
10 47 0.403 0.266
10 48 0.693 0.215
10 49 0.5 0.167
10 50 0.498 0.25
11 12 0.577 0.266
11 13 0.648 0.132
11 14 0.573 0.356
11 15 0.708 0.155
11 16 0.338 0.289
11 17 0.662 0.24
11 18 0.709 0.28
11 19 0.457 0.205
11 20 0.488 0.32
11 21 0.614 0.211
11 22 0.557 0.159
11 23 0.535 0.213
11 24 0.39 0.317
11 25 0.285 0.149
11 26 0.619 0.276
11 27 0.632 0.106
11 28 0.619 0.135
11 29 0.816 0.224
11 30 0.44 0.205
11 31 0.598 0.166
11 32 0.691 0.222
11 33 0.506 0.292
11 34 0.246 0.164
11 35 0.595 0.252
11 36 0.45 0.078
11 37 0.73 0.271
11 38 0.623 0.174
11 39 0.603 0.311
11 40 0.578 0.3
11 41 0.545 0.174
11 42 0.576 0.314
11 43 0.506 0.281
11 44 0.411 0.215
11 45 0.676 0.289
11 46 0.662 0.292
11 47 0.665 0.259
11 48 0.479 0.204
11 49 0.725 0.215
11 50 0.268 0.144
12 13 0.575 0.261
12 14 0.694 0.176
12 15 0.512 0.285
12 16 0.638 0.296
12 17 0.547 0.205
12 18 0.655 0.249
12 19 0.608 0.287
12 20 0.283 0.184
12 21 0.703 0.274
12 22 0.63 0.189
12 23 0.622 0.343
12 24 0.35 0.13
12 25 0.358 0.276
12 26 0.768 0.331
12 27 0.557 0.222
12 28 0.715 0.297
12 29 0.813 0.22
12 30 0.45 0.261
12 31 0.449 0.234
12 32 0.601 0.264
12 33 0.584 0.237
12 34 0.657 0.28
12 35 0.578 0.289
12 36 0.544 0.207
12 37 0.615 0.3
12 38 0.355 0.156
12 39 0.485 0.23
12 40 0.674 0.162
12 41 0.675 0.316
12 42 0.5 0.372
12 43 0.534 0.212
12 44 0.688 0.298
12 45 0.302 0.246
12 46 0.652 0.229
12 47 0.665 0.328
12 48 0.559 0.135
12 49 0.612 0.31
12 50 0.572 0.186
13 14 0.678 0.333
13 15 0.416 0.14
13 16 0.549 0.305
13 17 0.502 0.241
13 18 0.633 0.256
13 19 0.7 0.181
13 20 0.585 0.317
13 21 0.594 0.304
13 22 0.635 0.234
13 23 0.627 0.198
13 24 0.682 0.293
13 25 0.363 0.145
13 26 0.669 0.31
13 27 0.615 0.204
13 28 0.744 0.254
13 29 0.781 0.179
13 30 0.505 0.201
13 31 0.624 0.293
13 32 0.707 0.217
13 33 0.47 0.282
13 34 0.654 0.239
13 35 0.764 0.321
13 36 0.62 0.054
13 37 0.576 0.267
13 38 0.322 0.215
13 39 0.702 0.291
13 40 0.498 0.249
13 41 0.58 0.182
13 42 0.667 0.182
13 43 0.596 0.257
13 44 0.677 0.191
13 45 0.57 0.2
13 46 0.638 0.274
13 47 0.282 0.255
13 48 0.734 0.18
13 49 0.606 0.253
13 50 0.732 0.245
14 15 0.384 0.28
14 16 0.235 0.193
14 17 0.542 0.29
14 18 0.729 0.399
14 19 0.494 0.317
14 20 0.686 0.36
14 21 0.674 0.341
14 22 0.646 0.243
14 23 0.635 0.254
14 24 0.624 0.235
14 25 0.538 0.245
14 26 0.724 0.233
14 27 0.655 0.264
14 28 0.591 0.35
14 29 0.485 0.233
14 30 0.388 0.247
14 31 0.562 0.364
14 32 0.463 0.265
14 33 0.208 0.087
14 34 0.476 0.205
14 35 0.128 0.117
14 36 0.642 0.279
14 37 0.796 0.267
14 38 0.571 0.286
14 39 0.381 0.176
14 40 0.597 0.312
14 41 0.715 0.222
14 42 0.468 0.344
14 43 0.334 0.161
14 44 0.558 0.247
14 45 0.509 0.358
14 46 0.624 0.283
14 47 0.631 0.274
14 48 0.58 0.189
14 49 0.564 0.211
14 50 0.455 0.316
15 16 0.619 0.165
15 17 0.158 0.101
15 18 0.598 0.273
15 19 0.576 0.213
15 20 0.514 0.193
15 21 0.569 0.164
15 22 0.704 0.211
15 23 0.61 0.058
15 24 0.78 0.318
15 25 0.474 0.16
15 26 0.634 0.211
15 27 0.734 0.175
15 28 0.815 0.114
15 29 0.448 0.072
15 30 0.608 0.151
15 31 0.663 0.24
15 32 0.515 0.249
15 33 0.496 0.194
15 34 0.695 0.132
15 35 0.348 0.22
15 36 0.258 0.086
15 37 0.452 0.23
15 38 0.579 0.224
15 39 0.601 0.167
15 40 0.53 0.289
15 41 0.694 0.175
15 42 0.632 0.298
15 43 0.622 0.234
15 44 0.572 0.223
15 45 0.732 0.166
15 46 0.616 0.238
15 47 0.247 0.148
15 48 0.492 0.157
15 49 0.414 0.285
15 50 0.468 0.194
16 17 0.757 0.263
16 18 0.685 0.253
16 19 0.673 0.124
16 20 0.451 0.333
16 21 0.615 0.276
16 22 0.726 0.222
16 23 0.4 0.107
16 24 0.679 0.166
16 25 0.623 0.209
16 26 0.61 0.254
16 27 0.42 0.34
16 28 0.689 0.232
16 29 0.638 0.224
16 30 0.623 0.2
16 31 0.607 0.283
16 32 0.57 0.266
16 33 0.336 0.186
16 34 0.584 0.164
16 35 0.363 0.076
16 36 0.548 0.251
16 37 0.611 0.298
16 38 0.541 0.218
16 39 0.616 0.135
16 40 0.362 0.166
16 41 0.795 0.34
16 42 0.64 0.304
16 43 0.462 0.112
16 44 0.596 0.182
16 45 0.679 0.209
16 46 0.389 0.277
16 47 0.69 0.233
16 48 0.706 0.189
16 49 0.49 0.242
16 50 0.428 0.188
17 18 0.578 0.275
17 19 0.572 0.244
17 20 0.672 0.294
17 21 0.542 0.198
17 22 0.546 0.146
17 23 0.466 0.156
17 24 0.632 0.335
17 25 0.632 0.258
17 26 0.494 0.312
17 27 0.685 0.276
17 28 0.682 0.215
17 29 0.606 0.173
17 30 0.652 0.249
17 31 0.558 0.182
17 32 0.424 0.245
17 33 0.481 0.295
17 34 0.537 0.233
17 35 0.506 0.302
17 36 0.416 0.187
17 37 0.472 0.309
17 38 0.656 0.197
17 39 0.573 0.243
17 40 0.688 0.188
17 41 0.654 0.276
17 42 0.568 0.33
17 43 0.607 0.271
17 44 0.724 0.308
17 45 0.676 0.237
17 46 0.55 0.288
17 47 0.391 0.204
17 48 0.334 0.194
17 49 0.525 0.299
17 50 0.601 0.167
18 19 0.738 0.273
18 20 0.488 0.08
18 21 0.442 0.302
18 22 0.544 0.175
18 23 0.691 0.26
18 24 0.59 0.251
18 25 0.495 0.21
18 26 0.588 0.256
18 27 0.265 0.258
18 28 0.781 0.268
18 29 0.466 0.314
18 30 0.596 0.216
18 31 0.648 0.228
18 32 0.266 0.138
18 33 0.762 0.316
18 34 0.539 0.278
18 35 0.806 0.282
18 36 0.815 0.202
18 37 0.82 0.225
18 38 0.477 0.246
18 39 0.602 0.333
18 40 0.33 0.087
18 41 0.497 0.33
18 42 0.538 0.308
18 43 0.799 0.243
18 44 0.298 0.274
18 45 0.65 0.196
18 46 0.741 0.271
18 47 0.351 0.291
18 48 0.648 0.229
18 49 0.367 0.192
18 50 0.689 0.216
19 20 0.748 0.353
19 21 0.622 0.303
19 22 0.61 0.098
19 23 0.532 0.231
19 24 0.63 0.29
19 25 0.338 0.3
19 26 0.701 0.349
19 27 0.68 0.248
19 28 0.652 0.152
19 29 0.504 0.188
19 30 0.772 0.244
19 31 0.704 0.263
19 32 0.668 0.231
19 33 0.618 0.254
19 34 0.59 0.248
19 35 0.512 0.2
19 36 0.744 0.127
19 37 0.772 0.294
19 38 0.701 0.185
19 39 0.536 0.259
19 40 0.408 0.257
19 41 0.658 0.255
19 42 0.43 0.282
19 43 0.536 0.229
19 44 0.694 0.218
19 45 0.558 0.247
19 46 0.768 0.172
19 47 0.488 0.346
19 48 0.625 0.152
19 49 0.588 0.28
19 50 0.689 0.215
20 21 0.604 0.322
20 22 0.644 0.255
20 23 0.674 0.251
20 24 0.599 0.26
20 25 0.41 0.172
20 26 0.743 0.336
20 27 0.274 0.214
20 28 0.838 0.307
20 29 0.65 0.265
20 30 0.733 0.228
20 31 0.54 0.308
20 32 0.67 0.218
20 33 0.525 0.387
20 34 0.659 0.325
20 35 0.736 0.31
20 36 0.45 0.279
20 37 0.406 0.278
20 38 0.616 0.326
20 39 0.608 0.322
20 40 0.742 0.167
20 41 0.73 0.31
20 42 0.364 0.358
20 43 0.399 0.323
20 44 0.472 0.306
20 45 0.585 0.212
20 46 0.544 0.287
20 47 0.382 0.224
20 48 0.732 0.309
20 49 0.594 0.272
20 50 0.616 0.296
21 22 0.487 0.256
21 23 0.794 0.222
21 24 0.522 0.184
21 25 0.656 0.256
21 26 0.575 0.375
21 27 0.698 0.317
21 28 0.684 0.278
21 29 0.745 0.236
21 30 0.722 0.235
21 31 0.57 0.196
21 32 0.708 0.166
21 33 0.68 0.304
21 34 0.386 0.296
21 35 0.782 0.287
21 36 0.64 0.25
21 37 0.602 0.23
21 38 0.672 0.118
21 39 0.734 0.281
21 40 0.611 0.215
21 41 0.38 0.24
21 42 0.57 0.356
21 43 0.646 0.279
21 44 0.74 0.317
21 45 0.401 0.266
21 46 0.746 0.296
21 47 0.486 0.251
21 48 0.621 0.202
21 49 0.73 0.216
21 50 0.809 0.088
22 23 0.536 0.269
22 24 0.64 0.319
22 25 0.272 0.236
22 26 0.799 0.26
22 27 0.377 0.15
22 28 0.78 0.25
22 29 0.619 0.139
22 30 0.566 0.27
22 31 0.604 0.254
22 32 0.362 0.133
22 33 0.502 0.156
22 34 0.642 0.199
22 35 0.59 0.242
22 36 0.834 0.18
22 37 0.704 0.243
22 38 0.567 0.241
22 39 0.599 0.251
22 40 0.506 0.205
22 41 0.592 0.273
22 42 0.328 0.184
22 43 0.543 0.131
22 44 0.708 0.162
22 45 0.764 0.223
22 46 0.787 0.148
22 47 0.713 0.3
22 48 0.578 0.054
22 49 0.463 0.187
22 50 0.662 0.211
23 24 0.624 0.273
23 25 0.264 0.102
23 26 0.686 0.269
23 27 0.686 0.233
23 28 0.387 0.172
23 29 0.684 0.13
23 30 0.29 0.093
23 31 0.662 0.23
23 32 0.62 0.307
23 33 0.594 0.252
23 34 0.652 0.19
23 35 0.55 0.183
23 36 0.53 0.144
23 37 0.559 0.205
23 38 0.473 0.26
23 39 0.766 0.225
23 40 0.493 0.264
23 41 0.542 0.233
23 42 0.312 0.24
23 43 0.468 0.21
23 44 0.444 0.281
23 45 0.406 0.224
23 46 0.251 0.231
23 47 0.44 0.195
23 48 0.718 0.215
23 49 0.721 0.261
23 50 0.542 0.252
24 25 0.675 0.236
24 26 0.712 0.384
24 27 0.325 0.214
24 28 0.746 0.398
24 29 0.658 0.246
24 30 0.552 0.292
24 31 0.564 0.364
24 32 0.495 0.248
24 33 0.558 0.288
24 34 0.518 0.186
24 35 0.699 0.242
24 36 0.614 0.239
24 37 0.732 0.25
24 38 0.704 0.286
24 39 0.515 0.301
24 40 0.576 0.292
24 41 0.448 0.287
24 42 0.35 0.298
24 43 0.684 0.278
24 44 0.558 0.33
24 45 0.572 0.375
24 46 0.788 0.342
24 47 0.582 0.294
24 48 0.826 0.265
24 49 0.394 0.194
24 50 0.489 0.272
25 26 0.612 0.322
25 27 0.649 0.255
25 28 0.58 0.274
25 29 0.552 0.232
25 30 0.546 0.056
25 31 0.641 0.301
25 32 0.634 0.24
25 33 0.58 0.237
25 34 0.388 0.292
25 35 0.567 0.245
25 36 0.584 0.199
25 37 0.456 0.242
25 38 0.363 0.223
25 39 0.719 0.208
25 40 0.606 0.214
25 41 0.32 0.25
25 42 0.374 0.299
25 43 0.648 0.311
25 44 0.456 0.31
25 45 0.612 0.288
25 46 0.515 0.333
25 47 0.444 0.11
25 48 0.67 0.29
25 49 0.626 0.186
25 50 0.553 0.253
26 27 0.507 0.17
26 28 0.688 0.325
26 29 0.657 0.283
26 30 0.716 0.341
26 31 0.384 0.309
26 32 0.724 0.324
26 33 0.516 0.146
26 34 0.373 0.334
26 35 0.7 0.33
26 36 0.706 0.256
26 37 0.574 0.326
26 38 0.702 0.294
26 39 0.546 0.372
26 40 0.293 0.169
26 41 0.292 0.187
26 42 0.666 0.361
26 43 0.633 0.22
26 44 0.358 0.244
26 45 0.576 0.235
26 46 0.802 0.31
26 47 0.387 0.35
26 48 0.506 0.248
26 49 0.825 0.27
26 50 0.776 0.324
27 28 0.671 0.241
27 29 0.69 0.247
27 30 0.638 0.244
27 31 0.782 0.272
27 32 0.421 0.196
27 33 0.756 0.266
27 34 0.794 0.27
27 35 0.746 0.358
27 36 0.724 0.15
27 37 0.572 0.198
27 38 0.49 0.246
27 39 0.54 0.342
27 40 0.502 0.328
27 41 0.571 0.254
27 42 0.374 0.26
27 43 0.673 0.281
27 44 0.563 0.287
27 45 0.652 0.222
27 46 0.704 0.286
27 47 0.616 0.323
27 48 0.784 0.204
27 49 0.32 0.142
27 50 0.814 0.25
28 29 0.506 0.186
28 30 0.462 0.265
28 31 0.768 0.274
28 32 0.697 0.304
28 33 0.796 0.308
28 34 0.828 0.246
28 35 0.618 0.293
28 36 0.616 0.2
28 37 0.564 0.306
28 38 0.519 0.196
28 39 0.502 0.234
28 40 0.766 0.313
28 41 0.8 0.289
28 42 0.67 0.412
28 43 0.67 0.344
28 44 0.805 0.314
28 45 0.625 0.28
28 46 0.39 0.26
28 47 0.725 0.262
28 48 0.512 0.271
28 49 0.596 0.35
28 50 0.492 0.226
29 30 0.753 0.223
29 31 0.624 0.285
29 32 0.471 0.272
29 33 0.365 0.146
29 34 0.57 0.06
29 35 0.605 0.148
29 36 0.706 0.158
29 37 0.69 0.283
29 38 0.738 0.292
29 39 0.716 0.112
29 40 0.49 0.236
29 41 0.365 0.247
29 42 0.81 0.323
29 43 0.491 0.162
29 44 0.739 0.24
29 45 0.702 0.238
29 46 0.433 0.166
29 47 0.604 0.21
29 48 0.402 0.085
29 49 0.37 0.227
29 50 0.671 0.262
30 31 0.501 0.245
30 32 0.33 0.275
30 33 0.515 0.239
30 34 0.466 0.283
30 35 0.26 0.202
30 36 0.684 0.163
30 37 0.447 0.298
30 38 0.183 0.167
30 39 0.513 0.2
30 40 0.46 0.27
30 41 0.424 0.291
30 42 0.602 0.333
30 43 0.58 0.303
30 44 0.69 0.254
30 45 0.689 0.297
30 46 0.541 0.324
30 47 0.515 0.102
30 48 0.428 0.236
30 49 0.431 0.242
30 50 0.587 0.197
31 32 0.563 0.186
31 33 0.479 0.302
31 34 0.533 0.33
31 35 0.626 0.247
31 36 0.59 0.244
31 37 0.342 0.25
31 38 0.318 0.078
31 39 0.615 0.306
31 40 0.456 0.312
31 41 0.486 0.287
31 42 0.502 0.283
31 43 0.353 0.228
31 44 0.742 0.362
31 45 0.717 0.201
31 46 0.535 0.126
31 47 0.416 0.258
31 48 0.63 0.2
31 49 0.462 0.24
31 50 0.446 0.108
32 33 0.615 0.178
32 34 0.58 0.332
32 35 0.589 0.277
32 36 0.739 0.163
32 37 0.578 0.11
32 38 0.469 0.108
32 39 0.336 0.324
32 40 0.48 0.212
32 41 0.478 0.29
32 42 0.584 0.313
32 43 0.741 0.252
32 44 0.541 0.254
32 45 0.433 0.268
32 46 0.506 0.281
32 47 0.461 0.25
32 48 0.55 0.187
32 49 0.101 0.054
32 50 0.423 0.078
33 34 0.386 0.206
33 35 0.334 0.204
33 36 0.515 0.228
33 37 0.598 0.18
33 38 0.698 0.256
33 39 0.587 0.258
33 40 0.698 0.23
33 41 0.539 0.309
33 42 0.55 0.267
33 43 0.126 0.074
33 44 0.666 0.213
33 45 0.49 0.271
33 46 0.725 0.196
33 47 0.518 0.341
33 48 0.372 0.102
33 49 0.514 0.124
33 50 0.66 0.256
34 35 0.396 0.088
34 36 0.506 0.218
34 37 0.644 0.343
34 38 0.612 0.257
34 39 0.649 0.147
34 40 0.448 0.283
34 41 0.665 0.307
34 42 0.49 0.316
34 43 0.26 0.19
34 44 0.432 0.218
34 45 0.624 0.298
34 46 0.578 0.226
34 47 0.76 0.245
34 48 0.658 0.145
34 49 0.479 0.287
34 50 0.514 0.287
35 36 0.606 0.267
35 37 0.704 0.284
35 38 0.443 0.169
35 39 0.253 0.059
35 40 0.72 0.195
35 41 0.587 0.316
35 42 0.372 0.228
35 43 0.46 0.188
35 44 0.575 0.13
35 45 0.637 0.285
35 46 0.715 0.314
35 47 0.595 0.157
35 48 0.688 0.233
35 49 0.69 0.252
35 50 0.327 0.199
36 37 0.644 0.213
36 38 0.683 0.196
36 39 0.607 0.253
36 40 0.788 0.222
36 41 0.84 0.128
36 42 0.506 0.236
36 43 0.641 0.203
36 44 0.658 0.137
36 45 0.486 0.211
36 46 0.606 0.22
36 47 0.464 0.234
36 48 0.75 0.126
36 49 0.652 0.199
36 50 0.718 0.222
37 38 0.477 0.172
37 39 0.641 0.26
37 40 0.784 0.312
37 41 0.611 0.34
37 42 0.621 0.204
37 43 0.472 0.254
37 44 0.816 0.154
37 45 0.702 0.158
37 46 0.608 0.233
37 47 0.696 0.342
37 48 0.482 0.24
37 49 0.53 0.056
37 50 0.684 0.142
38 39 0.696 0.228
38 40 0.643 0.234
38 41 0.482 0.292
38 42 0.649 0.298
38 43 0.573 0.284
38 44 0.558 0.284
38 45 0.506 0.249
38 46 0.686 0.204
38 47 0.332 0.269
38 48 0.576 0.207
38 49 0.368 0.162
38 50 0.41 0.03
39 40 0.578 0.246
39 41 0.696 0.314
39 42 0.625 0.24
39 43 0.621 0.247
39 44 0.322 0.128
39 45 0.722 0.333
39 46 0.796 0.278
39 47 0.42 0.098
39 48 0.623 0.197
39 49 0.437 0.29
39 50 0.58 0.258
40 41 0.585 0.35
40 42 0.712 0.36
40 43 0.587 0.156
40 44 0.614 0.325
40 45 0.678 0.278
40 46 0.744 0.203
40 47 0.68 0.303
40 48 0.654 0.151
40 49 0.581 0.266
40 50 0.788 0.204
41 42 0.48 0.174
41 43 0.482 0.296
41 44 0.374 0.186
41 45 0.68 0.292
41 46 0.532 0.313
41 47 0.679 0.323
41 48 0.518 0.219
41 49 0.579 0.327
41 50 0.758 0.318
42 43 0.424 0.236
42 44 0.756 0.346
42 45 0.718 0.232
42 46 0.466 0.157
42 47 0.385 0.32
42 48 0.648 0.238
42 49 0.582 0.26
42 50 0.66 0.268
43 44 0.633 0.178
43 45 0.364 0.241
43 46 0.61 0.171
43 47 0.644 0.323
43 48 0.408 0.077
43 49 0.64 0.198
43 50 0.732 0.254
44 45 0.69 0.312
44 46 0.695 0.246
44 47 0.649 0.226
44 48 0.638 0.216
44 49 0.536 0.21
44 50 0.679 0.296
45 46 0.418 0.075
45 47 0.794 0.314
45 48 0.556 0.169
45 49 0.332 0.214
45 50 0.408 0.268
46 47 0.448 0.34
46 48 0.823 0.094
46 49 0.607 0.278
46 50 0.793 0.234
47 48 0.452 0.246
47 49 0.562 0.296
47 50 0.644 0.268
48 49 0.56 0.184
48 50 0.653 0.177
49 50 0.524 0.132
node_demand
0.075
0.075
0.05
0.025
0.175
0.125
0.125
0.225
0.075
0.225
0.075
0.225
0.1
0.075
0.075
0.05
0.2
0.1
0.15
0.2
0.2
0.125
0.225
0.125
0.025
0.05
0.05
0.15
0.225
0.025
0.2
0.025
0.1
0.225
0.1
0.225
0.1
0.175
0.15
0.175
0.175
0.15
0.075
0.125
0.025
0.15
0.075
0.025
0.1
0.125
