50
0 1 0.67 0.202
0 2 0.645 0.185
0 3 0.588 0.068
0 4 0.41 0.222
0 5 0.6 0.209
0 6 0.598 0.217
0 7 0.748 0.14
0 8 0.47 0.305
0 9 0.364 0.333
0 10 0.566 0.204
0 11 0.47 0.108
0 12 0.816 0.178
0 13 0.546 0.26
0 14 0.592 0.169
0 15 0.624 0.262
0 16 0.412 0.184
0 17 0.741 0.26
0 18 0.365 0.164
0 19 0.506 0.264
0 20 0.552 0.138
0 21 0.46 0.18
0 22 0.671 0.225
0 23 0.684 0.29
0 24 0.629 0.168
0 25 0.426 0.13
0 26 0.366 0.196
0 27 0.697 0.231
0 28 0.764 0.232
0 29 0.388 0.184
0 30 0.48 0.178
0 31 0.695 0.272
0 32 0.704 0.281
0 33 0.572 0.23
0 34 0.708 0.052
0 35 0.627 0.252
0 36 0.439 0.2
0 37 0.653 0.267
0 38 0.728 0.14
0 39 0.856 0.337
0 40 0.773 0.236
0 41 0.713 0.238
0 42 0.449 0.224
0 43 0.496 0.183
0 44 0.501 0.194
0 45 0.299 0.228
0 46 0.488 0.215
0 47 0.637 0.286
0 48 0.58 0.206
0 49 0.339 0.204
0 50 0.64 0.179
1 2 0.618 0.154
1 3 0.359 0.204
1 4 0.596 0.206
1 5 0.582 0.172
1 6 0.34 0.076
1 7 0.587 0.126
1 8 0.548 0.23
1 9 0.492 0.325
1 10 0.685 0.228
1 11 0.33 0.094
1 12 0.57 0.164
1 13 0.564 0.139
1 14 0.616 0.157
1 15 0.56 0.206
1 16 0.361 0.142
1 17 0.646 0.296
1 18 0.54 0.192
1 19 0.272 0.113
1 20 0.483 0.209
1 21 0.21 0.022
1 22 0.823 0.213
1 23 0.457 0.227
1 24 0.764 0.23
1 25 0.522 0.163
1 26 0.518 0.205
1 27 0.581 0.123
1 28 0.728 0.088
1 29 0.662 0.214
1 30 0.677 0.198
1 31 0.52 0.198
1 32 0.454 0.148
1 33 0.664 0.072
1 34 0.561 0.177
1 35 0.645 0.141
1 36 0.497 0.196
1 37 0.536 0.187
1 38 0.677 0.132
1 39 0.617 0.288
1 40 0.487 0.136
1 41 0.718 0.23
1 42 0.42 0.205
1 43 0.654 0.198
1 44 0.625 0.166
1 45 0.592 0.098
1 46 0.54 0.133
1 47 0.366 0.241
1 48 0.655 0.228
1 49 0.391 0.122
1 50 0.624 0.175
2 3 0.41 0.117
2 4 0.762 0.302
2 5 0.588 0.13
2 6 0.476 0.078
2 7 0.514 0.212
2 8 0.643 0.212
2 9 0.57 0.327
2 10 0.522 0.074
2 11 0.31 0.204
2 12 0.548 0.249
2 13 0.541 0.249
2 14 0.416 0.158
2 15 0.702 0.176
2 16 0.776 0.16
2 17 0.546 0.283
2 18 0.772 0.241
2 19 0.699 0.223
2 20 0.502 0.238
2 21 0.458 0.132
2 22 0.418 0.214
2 23 0.584 0.229
2 24 0.644 0.232
2 25 0.798 0.148
2 26 0.353 0.18
2 27 0.485 0.158
2 28 0.708 0.198
2 29 0.642 0.216
2 30 0.169 0.092
2 31 0.636 0.188
2 32 0.666 0.258
2 33 0.759 0.182
2 34 0.582 0.218
2 35 0.589 0.251
2 36 0.489 0.154
2 37 0.644 0.254
2 38 0.634 0.189
2 39 0.731 0.184
2 40 0.563 0.176
2 41 0.574 0.234
2 42 0.619 0.269
2 43 0.586 0.104
2 44 0.702 0.276
2 45 0.668 0.1
2 46 0.455 0.135
2 47 0.604 0.219
2 48 0.491 0.27
2 49 0.306 0.124
2 50 0.576 0.21
3 4 0.741 0.259
3 5 0.484 0.146
3 6 0.662 0.149
3 7 0.368 0.133
3 8 0.64 0.258
3 9 0.754 0.32
3 10 0.666 0.136
3 11 0.618 0.165
3 12 0.38 0.132
3 13 0.802 0.192
3 14 0.554 0.101
3 15 0.41 0.238
3 16 0.417 0.116
3 17 0.777 0.27
3 18 0.8 0.226
3 19 0.631 0.218
3 20 0.691 0.206
3 21 0.569 0.182
3 22 0.704 0.157
3 23 0.438 0.222
3 24 0.756 0.236
3 25 0.388 0.062
3 26 0.654 0.167
3 27 0.738 0.247
3 28 0.465 0.186
3 29 0.656 0.252
3 30 0.579 0.154
3 31 0.802 0.204
3 32 0.738 0.246
3 33 0.55 0.17
3 34 0.726 0.12
3 35 0.656 0.184
3 36 0.76 0.216
3 37 0.522 0.199
3 38 0.367 0.072
3 39 0.627 0.278
3 40 0.736 0.234
3 41 0.612 0.17
3 42 0.556 0.239
3 43 0.654 0.172
3 44 0.56 0.199
3 45 0.806 0.171
3 46 0.517 0.206
3 47 0.677 0.255
3 48 0.676 0.208
3 49 0.637 0.195
3 50 0.786 0.195
4 5 0.842 0.206
4 6 0.538 0.238
4 7 0.739 0.259
4 8 0.765 0.279
4 9 0.645 0.283
4 10 0.712 0.228
4 11 0.516 0.256
4 12 0.406 0.29
4 13 0.264 0.067
4 14 0.56 0.191
4 15 0.331 0.268
4 16 0.661 0.176
4 17 0.494 0.289
4 18 0.775 0.226
4 19 0.564 0.271
4 20 0.624 0.244
4 21 0.586 0.184
4 22 0.602 0.234
4 23 0.728 0.185
4 24 0.468 0.286
4 25 0.46 0.23
4 26 0.754 0.186
4 27 0.608 0.234
4 28 0.356 0.15
4 29 0.728 0.302
4 30 0.785 0.274
4 31 0.496 0.164
4 32 0.342 0.21
4 33 0.488 0.134
4 34 0.722 0.17
4 35 0.57 0.303
4 36 0.477 0.17
4 37 0.61 0.115
4 38 0.484 0.232
4 39 0.627 0.374
4 40 0.678 0.198
4 41 0.556 0.293
4 42 0.717 0.267
4 43 0.456 0.232
4 44 0.688 0.228
4 45 0.637 0.26
4 46 0.644 0.266
4 47 0.542 0.169
4 48 0.754 0.288
4 49 0.64 0.277
4 50 0.516 0.286
5 6 0.458 0.171
5 7 0.452 0.182
5 8 0.516 0.295
5 9 0.628 0.264
5 10 0.416 0.158
5 11 0.544 0.214
5 12 0.732 0.144
5 13 0.644 0.207
5 14 0.631 0.045
5 15 0.549 0.274
5 16 0.276 0.03
5 17 0.719 0.237
5 18 0.702 0.26
5 19 0.638 0.23
5 20 0.55 0.17
5 21 0.372 0.15
5 22 0.568 0.101
5 23 0.485 0.166
5 24 0.455 0.154
5 25 0.794 0.084
5 26 0.7 0.191
5 27 0.743 0.205
5 28 0.673 0.156
5 29 0.212 0.138
5 30 0.574 0.198
5 31 0.526 0.118
5 32 0.5 0.216
5 33 0.664 0.14
5 34 0.689 0.256
5 35 0.556 0.206
5 36 0.595 0.238
5 37 0.477 0.184
5 38 0.592 0.218
5 39 0.408 0.197
5 40 0.597 0.189
5 41 0.358 0.155
5 42 0.65 0.183
5 43 0.63 0.026
5 44 0.674 0.234
5 45 0.707 0.193
5 46 0.431 0.196
5 47 0.574 0.169
5 48 0.584 0.192
5 49 0.282 0.185
5 50 0.536 0.153
6 7 0.643 0.158
6 8 0.618 0.157
6 9 0.831 0.249
6 10 0.58 0.152
6 11 0.67 0.126
6 12 0.63 0.196
6 13 0.274 0.171
6 14 0.469 0.126
6 15 0.501 0.238
6 16 0.701 0.141
6 17 0.755 0.26
6 18 0.713 0.224
6 19 0.556 0.145
6 20 0.638 0.171
6 21 0.383 0.054
6 22 0.652 0.182
6 23 0.592 0.151
6 24 0.52 0.154
6 25 0.557 0.087
6 26 0.516 0.229
6 27 0.754 0.155
6 28 0.715 0.12
6 29 0.444 0.138
6 30 0.645 0.17
6 31 0.506 0.122
6 32 0.414 0.18
6 33 0.677 0.104
6 34 0.732 0.209
6 35 0.627 0.173
6 36 0.39 0.172
6 37 0.682 0.188
6 38 0.676 0.164
6 39 0.82 0.255
6 40 0.827 0.112
6 41 0.676 0.236
6 42 0.727 0.191
6 43 0.462 0.182
6 44 0.781 0.198
6 45 0.437 0.022
6 46 0.578 0.057
6 47 0.568 0.273
6 48 0.652 0.192
6 49 0.429 0.046
6 50 0.815 0.207
7 8 0.795 0.312
7 9 0.684 0.358
7 10 0.656 0.257
7 11 0.449 0.032
7 12 0.618 0.038
7 13 0.672 0.192
7 14 0.596 0.144
7 15 0.408 0.262
7 16 0.48 0.152
7 17 0.574 0.276
7 18 0.574 0.248
7 19 0.444 0.124
7 20 0.678 0.238
7 21 0.67 0.104
7 22 0.722 0.149
7 23 0.428 0.265
7 24 0.802 0.273
7 25 0.694 0.183
7 26 0.575 0.18
7 27 0.582 0.205
7 28 0.594 0.144
7 29 0.664 0.257
7 30 0.524 0.206
7 31 0.612 0.24
7 32 0.844 0.23
7 33 0.658 0.154
7 34 0.804 0.192
7 35 0.56 0.192
7 36 0.8 0.252
7 37 0.616 0.24
7 38 0.732 0.134
7 39 0.828 0.283
7 40 0.776 0.192
7 41 0.81 0.2
7 42 0.764 0.28
7 43 0.829 0.208
7 44 0.356 0.066
7 45 0.589 0.18
7 46 0.822 0.215
7 47 0.504 0.21
7 48 0.516 0.311
7 49 0.673 0.204
7 50 0.533 0.252
8 9 0.63 0.136
8 10 0.501 0.286
8 11 0.466 0.28
8 12 0.616 0.35
8 13 0.606 0.212
8 14 0.576 0.253
8 15 0.7 0.292
8 16 0.544 0.268
8 17 0.642 0.289
8 18 0.526 0.278
8 19 0.508 0.299
8 20 0.274 0.167
8 21 0.498 0.208
8 22 0.44 0.22
8 23 0.729 0.234
8 24 0.472 0.161
8 25 0.578 0.244
8 26 0.29 0.225
8 27 0.453 0.226
8 28 0.542 0.174
8 29 0.574 0.177
8 30 0.474 0.304
8 31 0.71 0.261
8 32 0.423 0.082
8 33 0.701 0.158
8 34 0.415 0.253
8 35 0.5 0.226
8 36 0.671 0.282
8 37 0.691 0.208
8 38 0.698 0.256
8 39 0.584 0.098
8 40 0.741 0.222
8 41 0.455 0.306
8 42 0.722 0.139
8 43 0.493 0.302
8 44 0.692 0.252
8 45 0.562 0.135
8 46 0.522 0.17
8 47 0.291 0.204
8 48 0.474 0.123
8 49 0.48 0.159
8 50 0.686 0.278
9 10 0.644 0.28
9 11 0.714 0.364
9 12 0.612 0.325
9 13 0.626 0.216
9 14 0.584 0.219
9 15 0.522 0.392
9 16 0.534 0.234
9 17 0.614 0.319
9 18 0.729 0.387
9 19 0.592 0.25
9 20 0.434 0.296
9 21 0.587 0.303
9 22 0.645 0.275
9 23 0.416 0.098
9 24 0.782 0.184
9 25 0.43 0.258
9 26 0.34 0.238
9 27 0.742 0.334
9 28 0.702 0.283
9 29 0.752 0.168
9 30 0.524 0.326
9 31 0.62 0.268
9 32 0.512 0.218
9 33 0.418 0.267
9 34 0.746 0.3
9 35 0.574 0.28
9 36 0.803 0.36
9 37 0.503 0.202
9 38 0.387 0.332
9 39 0.492 0.167
9 40 0.818 0.331
9 41 0.545 0.254
9 42 0.48 0.24
9 43 0.695 0.29
9 44 0.392 0.292
9 45 0.406 0.27
9 46 0.588 0.305
9 47 0.76 0.214
9 48 0.635 0.216
9 49 0.703 0.294
9 50 0.755 0.327
10 11 0.557 0.278
10 12 0.649 0.219
10 13 0.716 0.228
10 14 0.396 0.113
10 15 0.68 0.246
10 16 0.629 0.128
10 17 0.671 0.305
10 18 0.636 0.254
10 19 0.657 0.266
10 20 0.774 0.2
10 21 0.652 0.206
10 22 0.612 0.169
10 23 0.228 0.182
10 24 0.368 0.252
10 25 0.407 0.074
10 26 0.588 0.23
10 27 0.554 0.232
10 28 0.566 0.15
10 29 0.526 0.268
10 30 0.608 0.166
10 31 0.698 0.114
10 32 0.774 0.242
10 33 0.689 0.166
10 34 0.604 0.256
10 35 0.628 0.196
10 36 0.288 0.08
10 37 0.672 0.18
10 38 0.794 0.208
10 39 0.368 0.234
10 40 0.328 0.102
10 41 0.629 0.223
10 42 0.598 0.236
10 43 0.644 0.178
10 44 0.51 0.228
10 45 0.684 0.174
10 46 0.685 0.209
10 47 0.33 0.145
10 48 0.546 0.22
10 49 0.628 0.198
10 50 0.725 0.207
11 12 0.768 0.07
11 13 0.546 0.189
11 14 0.508 0.176
11 15 0.496 0.256
11 16 0.62 0.184
11 17 0.62 0.308
11 18 0.738 0.228
11 19 0.602 0.156
11 20 0.666 0.246
11 21 0.408 0.072
11 22 0.671 0.181
11 23 0.58 0.277
11 24 0.612 0.241
11 25 0.852 0.213
11 26 0.606 0.212
11 27 0.779 0.173
11 28 0.398 0.138
11 29 0.332 0.225
11 30 0.422 0.238
11 31 0.513 0.212
11 32 0.652 0.198
11 33 0.452 0.122
11 34 0.679 0.16
11 35 0.678 0.191
11 36 0.55 0.246
11 37 0.5 0.237
11 38 0.421 0.166
11 39 0.832 0.251
11 40 0.636 0.186
11 41 0.388 0.168
11 42 0.75 0.255
11 43 0.616 0.24
11 44 0.618 0.098
11 45 0.672 0.148
11 46 0.702 0.183
11 47 0.488 0.178
11 48 0.61 0.279
11 49 0.616 0.172
11 50 0.546 0.225
12 13 0.656 0.23
12 14 0.638 0.106
12 15 0.737 0.231
12 16 0.584 0.114
12 17 0.53 0.238
12 18 0.69 0.284
12 19 0.488 0.086
12 20 0.468 0.2
12 21 0.36 0.142
12 22 0.612 0.162
12 23 0.47 0.227
12 24 0.762 0.282
12 25 0.687 0.145
12 26 0.526 0.142
12 27 0.731 0.243
12 28 0.736 0.182
12 29 0.622 0.266
12 30 0.379 0.168
12 31 0.742 0.202
12 32 0.46 0.268
12 33 0.564 0.192
12 34 0.346 0.23
12 35 0.276 0.154
12 36 0.38 0.288
12 37 0.585 0.268
12 38 0.5 0.172
12 39 0.606 0.321
12 40 0.666 0.23
12 41 0.472 0.216
12 42 0.608 0.242
12 43 0.72 0.17
12 44 0.624 0.104
12 45 0.804 0.218
12 46 0.818 0.253
12 47 0.669 0.238
12 48 0.788 0.291
12 49 0.671 0.242
12 50 0.542 0.214
13 14 0.462 0.162
13 15 0.512 0.201
13 16 0.468 0.177
13 17 0.668 0.255
13 18 0.812 0.172
13 19 0.562 0.204
13 20 0.364 0.229
13 21 0.657 0.117
13 22 0.378 0.167
13 23 0.63 0.118
13 24 0.531 0.225
13 25 0.502 0.185
13 26 0.55 0.2
13 27 0.632 0.167
13 28 0.62 0.083
13 29 0.464 0.241
13 30 0.586 0.285
13 31 0.232 0.114
13 32 0.572 0.143
13 33 0.403 0.067
13 34 0.458 0.237
13 35 0.462 0.236
13 36 0.664 0.191
13 37 0.513 0.048
13 38 0.45 0.165
13 39 0.844 0.307
13 40 0.849 0.131
13 41 0.789 0.226
13 42 0.453 0.2
13 43 0.449 0.211
13 44 0.596 0.161
13 45 0.505 0.193
13 46 0.38 0.218
13 47 0.496 0.102
13 48 0.602 0.221
13 49 0.529 0.217
13 50 0.78 0.219
14 15 0.659 0.229
14 16 0.602 0.015
14 17 0.286 0.192
14 18 0.458 0.215
14 19 0.66 0.192
14 20 0.696 0.155
14 21 0.602 0.135
14 22 0.216 0.056
14 23 0.168 0.121
14 24 0.546 0.194
14 25 0.477 0.039
14 26 0.521 0.146
14 27 0.48 0.16
14 28 0.566 0.111
14 29 0.544 0.183
14 30 0.465 0.18
14 31 0.627 0.103
14 32 0.637 0.171
14 33 0.359 0.095
14 34 0.544 0.221
14 35 0.604 0.161
14 36 0.541 0.193
14 37 0.549 0.169
14 38 0.614 0.173
14 39 0.549 0.242
14 40 0.651 0.159
14 41 0.512 0.11
14 42 0.388 0.138
14 43 0.41 0.071
14 44 0.788 0.189
14 45 0.728 0.148
14 46 0.354 0.151
14 47 0.726 0.154
14 48 0.486 0.185
14 49 0.5 0.14
14 50 0.428 0.108
15 16 0.78 0.244
15 17 0.373 0.275
15 18 0.7 0.222
15 19 0.48 0.145
15 20 0.577 0.23
15 21 0.546 0.184
15 22 0.755 0.208
15 23 0.781 0.319
15 24 0.666 0.216
15 25 0.596 0.268
15 26 0.707 0.172
15 27 0.784 0.285
15 28 0.309 0.118
15 29 0.761 0.224
15 30 0.533 0.084
15 31 0.594 0.237
15 32 0.436 0.21
15 33 0.597 0.134
15 34 0.444 0.21
15 35 0.648 0.303
15 36 0.392 0.166
15 37 0.523 0.249
15 38 0.641 0.232
15 39 0.52 0.243
15 40 0.648 0.166
15 41 0.64 0.275
15 42 0.586 0.267
15 43 0.602 0.256
15 44 0.674 0.196
15 45 0.515 0.256
15 46 0.661 0.266
15 47 0.65 0.297
15 48 0.735 0.238
15 49 0.809 0.255
15 50 0.556 0.337
16 17 0.679 0.207
16 18 0.634 0.23
16 19 0.508 0.2
16 20 0.274 0.14
16 21 0.434 0.12
16 22 0.63 0.071
16 23 0.434 0.136
16 24 0.54 0.184
16 25 0.585 0.054
16 26 0.424 0.161
16 27 0.773 0.175
16 28 0.542 0.126
16 29 0.488 0.168
16 30 0.608 0.195
16 31 0.672 0.088
16 32 0.678 0.186
16 33 0.514 0.11
16 34 0.785 0.226
16 35 0.536 0.176
16 36 0.742 0.208
16 37 0.686 0.154
16 38 0.316 0.188
16 39 0.684 0.227
16 40 0.743 0.159
16 41 0.634 0.125
16 42 0.474 0.153
16 43 0.779 0.056
16 44 0.712 0.204
16 45 0.647 0.163
16 46 0.652 0.166
16 47 0.727 0.139
16 48 0.722 0.2
16 49 0.558 0.155
16 50 0.668 0.123
17 18 0.421 0.269
17 19 0.374 0.233
17 20 0.432 0.122
17 21 0.712 0.274
17 22 0.502 0.248
17 23 0.443 0.313
17 24 0.648 0.302
17 25 0.569 0.231
17 26 0.45 0.103
17 27 0.411 0.173
17 28 0.56 0.252
17 29 0.704 0.318
17 30 0.634 0.191
17 31 0.52 0.291
17 32 0.743 0.312
17 33 0.631 0.236
17 34 0.689 0.208
17 35 0.806 0.339
17 36 0.765 0.28
17 37 0.63 0.303
17 38 0.41 0.198
17 39 0.537 0.384
17 40 0.476 0.22
17 41 0.777 0.296
17 42 0.511 0.33
17 43 0.694 0.263
17 44 0.556 0.22
17 45 0.442 0.238
17 46 0.288 0.225
17 47 0.735 0.202
17 48 0.362 0.264
17 49 0.437 0.214
17 50 0.592 0.121
18 19 0.585 0.198
18 20 0.688 0.198
18 21 0.33 0.17
18 22 0.674 0.271
18 23 0.626 0.29
18 24 0.77 0.228
18 25 0.412 0.254
18 26 0.731 0.166
18 27 0.701 0.271
18 28 0.735 0.104
18 29 0.637 0.244
18 30 0.668 0.238
18 31 0.772 0.223
18 32 0.574 0.196
18 33 0.481 0.12
18 34 0.653 0.112
18 35 0.555 0.289
18 36 0.348 0.212
18 37 0.653 0.22
18 38 0.516 0.154
18 39 0.77 0.328
18 40 0.566 0.152
18 41 0.722 0.252
18 42 0.532 0.253
18 43 0.555 0.264
18 44 0.826 0.182
18 45 0.482 0.219
18 46 0.524 0.184
18 47 0.459 0.241
18 48 0.484 0.266
18 49 0.673 0.195
18 50 0.66 0.239
19 20 0.234 0.148
19 21 0.338 0.091
19 22 0.718 0.248
19 23 0.519 0.296
19 24 0.552 0.288
19 25 0.25 0.231
19 26 0.42 0.206
19 27 0.688 0.192
19 28 0.502 0.157
19 29 0.426 0.272
19 30 0.53 0.229
19 31 0.33 0.152
19 32 0.582 0.217
19 33 0.79 0.141
19 34 0.599 0.234
19 35 0.764 0.21
19 36 0.598 0.265
19 37 0.587 0.218
19 38 0.722 0.201
19 39 0.77 0.381
19 40 0.543 0.205
19 41 0.844 0.299
19 42 0.462 0.274
19 43 0.547 0.256
19 44 0.502 0.19
19 45 0.678 0.167
19 46 0.612 0.202
19 47 0.606 0.152
19 48 0.483 0.29
19 49 0.491 0.191
19 50 0.648 0.24
20 21 0.57 0.187
20 22 0.491 0.211
20 23 0.626 0.26
20 24 0.54 0.18
20 25 0.484 0.194
20 26 0.186 0.058
20 27 0.54 0.101
20 28 0.268 0.146
20 29 0.66 0.196
20 30 0.37 0.146
20 31 0.564 0.169
20 32 0.636 0.238
20 33 0.556 0.162
20 34 0.689 0.086
20 35 0.558 0.239
20 36 0.682 0.158
20 37 0.65 0.233
20 38 0.59 0.153
20 39 0.682 0.265
20 40 0.506 0.098
20 41 0.729 0.202
20 42 0.679 0.236
20 43 0.541 0.196
20 44 0.438 0.224
20 45 0.644 0.149
20 46 0.378 0.114
20 47 0.565 0.279
20 48 0.71 0.142
20 49 0.446 0.125
20 50 0.825 0.153
21 22 0.623 0.191
21 23 0.667 0.205
21 24 0.686 0.208
21 25 0.552 0.141
21 26 0.728 0.183
21 27 0.371 0.101
21 28 0.648 0.066
21 29 0.584 0.192
21 30 0.627 0.22
21 31 0.607 0.176
21 32 0.244 0.126
21 33 0.522 0.05
21 34 0.351 0.155
21 35 0.435 0.119
21 36 0.476 0.174
21 37 0.326 0.165
21 38 0.502 0.11
21 39 0.44 0.29
21 40 0.548 0.114
21 41 0.682 0.208
21 42 0.472 0.183
21 43 0.444 0.176
21 44 0.773 0.144
21 45 0.732 0.076
21 46 0.74 0.111
21 47 0.576 0.219
21 48 0.594 0.246
21 49 0.601 0.1
21 50 0.797 0.153
22 23 0.384 0.177
22 24 0.714 0.25
22 25 0.693 0.095
22 26 0.305 0.192
22 27 0.429 0.216
22 28 0.446 0.167
22 29 0.76 0.239
22 30 0.249 0.124
22 31 0.548 0.159
22 32 0.601 0.227
22 33 0.575 0.151
22 34 0.76 0.25
22 35 0.556 0.217
22 36 0.569 0.249
22 37 0.548 0.119
22 38 0.398 0.229
22 39 0.765 0.298
22 40 0.55 0.215
22 41 0.46 0.166
22 42 0.452 0.194
22 43 0.614 0.127
22 44 0.707 0.215
22 45 0.749 0.204
22 46 0.57 0.207
22 47 0.731 0.209
22 48 0.7 0.241
22 49 0.541 0.196
22 50 0.492 0.164
23 24 0.596 0.156
23 25 0.309 0.16
23 26 0.632 0.267
23 27 0.648 0.281
23 28 0.635 0.201
23 29 0.697 0.172
23 30 0.633 0.301
23 31 0.688 0.224
23 32 0.805 0.261
23 33 0.527 0.185
23 34 0.376 0.266
23 35 0.746 0.282
23 36 0.516 0.262
23 37 0.586 0.166
23 38 0.75 0.234
23 39 0.488 0.265
23 40 0.483 0.249
23 41 0.68 0.231
23 42 0.556 0.212
23 43 0.578 0.192
23 44 0.648 0.279
23 45 0.736 0.172
23 46 0.457 0.207
23 47 0.558 0.22
23 48 0.318 0.118
23 49 0.606 0.196
23 50 0.522 0.229
24 25 0.775 0.184
24 26 0.506 0.238
24 27 0.557 0.257
24 28 0.516 0.205
24 29 0.28 0.016
24 30 0.518 0.242
24 31 0.33 0.138
24 32 0.628 0.113
24 33 0.797 0.189
24 34 0.54 0.116
24 35 0.626 0.128
24 36 0.656 0.21
24 37 0.36 0.204
24 38 0.466 0.287
24 39 0.488 0.169
24 40 0.603 0.209
24 41 0.53 0.278
24 42 0.474 0.056
24 43 0.547 0.18
24 44 0.456 0.283
24 45 0.573 0.176
24 46 0.59 0.211
24 47 0.43 0.204
24 48 0.286 0.038
24 49 0.575 0.2
24 50 0.816 0.243
25 26 0.67 0.185
25 27 0.726 0.185
25 28 0.715 0.15
25 29 0.676 0.2
25 30 0.723 0.216
25 31 0.58 0.142
25 32 0.74 0.21
25 33 0.747 0.134
25 34 0.506 0.182
25 35 0.619 0.122
25 36 0.668 0.154
25 37 0.766 0.137
25 38 0.704 0.134
25 39 0.775 0.281
25 40 0.735 0.176
25 41 0.72 0.149
25 42 0.47 0.177
25 43 0.532 0.11
25 44 0.61 0.228
25 45 0.725 0.109
25 46 0.73 0.144
25 47 0.655 0.193
25 48 0.512 0.146
25 49 0.581 0.133
25 50 0.398 0.133
26 27 0.726 0.159
26 28 0.398 0.149
26 29 0.609 0.254
26 30 0.184 0.088
26 31 0.572 0.227
26 32 0.496 0.209
26 33 0.686 0.133
26 34 0.594 0.144
26 35 0.372 0.296
26 36 0.496 0.216
26 37 0.686 0.248
26 38 0.583 0.095
26 39 0.496 0.301
26 40 0.69 0.156
26 41 0.745 0.193
26 42 0.634 0.266
26 43 0.355 0.217
26 44 0.402 0.227
26 45 0.516 0.207
26 46 0.564 0.172
26 47 0.581 0.3
26 48 0.659 0.2
26 49 0.439 0.183
26 50 0.708 0.211
27 28 0.66 0.167
27 29 0.837 0.273
27 30 0.628 0.247
27 31 0.76 0.198
27 32 0.48 0.144
27 33 0.47 0.151
27 34 0.722 0.179
27 35 0.645 0.22
27 36 0.686 0.259
27 37 0.616 0.132
27 38 0.654 0.211
27 39 0.704 0.224
27 40 0.48 0.199
27 41 0.781 0.27
27 42 0.737 0.201
27 43 0.692 0.231
27 44 0.402 0.245
27 45 0.487 0.177
27 46 0.406 0.186
27 47 0.587 0.269
27 48 0.628 0.243
27 49 0.555 0.197
27 50 0.72 0.052
28 29 0.461 0.221
28 30 0.582 0.202
28 31 0.566 0.119
28 32 0.404 0.092
28 33 0.288 0.016
28 34 0.722 0.216
28 35 0.77 0.185
28 36 0.701 0.108
28 37 0.512 0.131
28 38 0.332 0.114
28 39 0.522 0.224
28 40 0.674 0.048
28 41 0.786 0.212
28 42 0.524 0.149
28 43 0.424 0.16
28 44 0.634 0.078
28 45 0.705 0.138
28 46 0.504 0.148
28 47 0.798 0.185
28 48 0.59 0.243
28 49 0.5 0.137
28 50 0.581 0.219
29 30 0.754 0.258
29 31 0.44 0.154
29 32 0.509 0.129
29 33 0.527 0.205
29 34 0.53 0.132
29 35 0.346 0.112
29 36 0.47 0.194
29 37 0.265 0.22
29 38 0.604 0.302
29 39 0.5 0.153
29 40 0.385 0.221
29 41 0.57 0.262
29 42 0.472 0.072
29 43 0.631 0.164
29 44 0.462 0.299
29 45 0.636 0.16
29 46 0.643 0.195
29 47 0.669 0.22
29 48 0.387 0.054
29 49 0.494 0.184
29 50 0.536 0.259
30 31 0.696 0.234
30 32 0.629 0.294
30 33 0.59 0.218
30 34 0.55 0.126
30 35 0.556 0.256
30 36 0.32 0.223
30 37 0.652 0.243
30 38 0.586 0.183
30 39 0.562 0.26
30 40 0.732 0.163
30 41 0.63 0.281
30 42 0.45 0.256
30 43 0.539 0.172
30 44 0.586 0.272
30 45 0.5 0.192
30 46 0.441 0.227
30 47 0.59 0.311
30 48 0.66 0.28
30 49 0.292 0.216
30 50 0.741 0.253
31 32 0.549 0.179
31 33 0.635 0.135
31 34 0.662 0.254
31 35 0.661 0.21
31 36 0.636 0.131
31 37 0.281 0.066
31 38 0.596 0.233
31 39 0.758 0.273
31 40 0.734 0.071
31 41 0.75 0.213
31 42 0.246 0.122
31 43 0.217 0.144
31 44 0.364 0.197
31 45 0.708 0.144
31 46 0.612 0.179
31 47 0.728 0.216
31 48 0.37 0.176
31 49 0.479 0.168
31 50 0.57 0.211
32 33 0.278 0.076
32 34 0.432 0.229
32 35 0.44 0.144
32 36 0.69 0.2
32 37 0.268 0.126
32 38 0.618 0.174
32 39 0.406 0.18
32 40 0.535 0.14
32 41 0.672 0.272
32 42 0.716 0.057
32 43 0.404 0.22
32 44 0.69 0.17
32 45 0.488 0.202
32 46 0.708 0.237
32 47 0.714 0.205
32 48 0.536 0.151
32 49 0.628 0.226
32 50 0.617 0.196
33 34 0.643 0.205
33 35 0.666 0.169
33 36 0.599 0.124
33 37 0.546 0.115
33 38 0.34 0.098
33 39 0.594 0.24
33 40 0.684 0.064
33 41 0.616 0.196
33 42 0.494 0.133
33 43 0.548 0.144
33 44 0.675 0.094
33 45 0.638 0.126
33 46 0.713 0.161
33 47 0.756 0.169
33 48 0.55 0.227
33 49 0.78 0.15
33 50 0.564 0.203
34 35 0.622 0.244
34 36 0.604 0.244
34 37 0.677 0.285
34 38 0.634 0.192
34 39 0.791 0.285
34 40 0.523 0.184
34 41 0.331 0.288
34 42 0.71 0.172
34 43 0.712 0.235
34 44 0.828 0.246
34 45 0.57 0.231
34 46 0.58 0.2
34 47 0.605 0.32
34 48 0.462 0.154
34 49 0.584 0.211
34 50 0.628 0.127
35 36 0.656 0.201
35 37 0.508 0.259
35 38 0.776 0.229
35 39 0.698 0.265
35 40 0.538 0.141
35 41 0.63 0.271
35 42 0.567 0.088
35 43 0.444 0.232
35 44 0.727 0.258
35 45 0.846 0.19
35 46 0.601 0.225
35 47 0.528 0.137
35 48 0.599 0.166
35 49 0.702 0.214
35 50 0.566 0.255
36 37 0.578 0.197
36 38 0.764 0.222
36 39 0.59 0.262
36 40 0.533 0.06
36 41 0.374 0.244
36 42 0.77 0.253
36 43 0.574 0.234
36 44 0.681 0.186
36 45 0.424 0.15
36 46 0.761 0.185
36 47 0.618 0.225
36 48 0.732 0.248
36 49 0.612 0.174
36 50 0.508 0.287
37 38 0.792 0.213
37 39 0.588 0.306
37 40 0.644 0.137
37 41 0.835 0.274
37 42 0.516 0.183
37 43 0.498 0.21
37 44 0.645 0.209
37 45 0.694 0.21
37 46 0.509 0.225
37 47 0.618 0.15
37 48 0.268 0.173
37 49 0.36 0.214
37 50 0.614 0.184
38 39 0.548 0.206
38 40 0.76 0.162
38 41 0.479 0.098
38 42 0.78 0.231
38 43 0.54 0.242
38 44 0.692 0.192
38 45 0.537 0.186
38 46 0.544 0.221
38 47 0.518 0.267
38 48 0.66 0.25
38 49 0.693 0.21
38 50 0.688 0.263
39 40 0.658 0.202
39 41 0.72 0.244
39 42 0.618 0.225
39 43 0.81 0.223
39 44 0.782 0.302
39 45 0.708 0.233
39 46 0.644 0.241
39 47 0.354 0.272
39 48 0.649 0.207
39 49 0.652 0.23
39 50 0.572 0.276
40 41 0.301 0.209
40 42 0.762 0.193
40 43 0.764 0.174
40 44 0.838 0.126
40 45 0.804 0.09
40 46 0.624 0.125
40 47 0.45 0.233
40 48 0.772 0.208
40 49 0.675 0.114
40 50 0.584 0.251
41 42 0.9 0.248
41 43 0.591 0.181
41 44 0.724 0.266
41 45 0.604 0.258
41 46 0.706 0.261
41 47 0.408 0.264
41 48 0.756 0.295
41 49 0.64 0.25
41 50 0.34 0.218
42 43 0.463 0.209
42 44 0.61 0.227
42 45 0.707 0.213
42 46 0.517 0.243
42 47 0.666 0.148
42 48 0.248 0.094
42 49 0.368 0.237
42 50 0.684 0.246
43 44 0.478 0.23
43 45 0.762 0.201
43 46 0.406 0.222
43 47 0.678 0.195
43 48 0.587 0.218
43 49 0.38 0.211
43 50 0.353 0.179
44 45 0.344 0.216
44 46 0.486 0.226
44 47 0.698 0.263
44 48 0.734 0.321
44 49 0.635 0.215
44 50 0.716 0.297
45 46 0.38 0.035
45 47 0.354 0.295
45 48 0.804 0.214
45 49 0.529 0.024
45 50 0.686 0.229
46 47 0.447 0.297
46 48 0.65 0.249
46 49 0.149 0.011
46 50 0.447 0.238
47 48 0.534 0.242
47 49 0.298 0.286
47 50 0.395 0.248
48 49 0.616 0.238
48 50 0.594 0.279
49 50 0.596 0.248
node_demand
0.15
0.175
0.025
0.125
0.2
0.175
0.175
0.125
0.1
0.125
0.15
0.175
0.075
0.15
0.225
0.05
0.025
0.225
0.05
0.05
0.15
0.15
0.05
0.225
0.1
0.125
0.025
0.125
0.125
0.15
0.225
0.125
0.2
0.2
0.1
0.125
0.15
0.2
0.225
0.2
0.15
0.175
0.05
0.05
0.15
0.05
0.075
0.025
0.1
0.1
