50
0 1 0.63 0.058
0 2 0.511 0.181
0 3 0.636 0.301
0 4 0.244 0.067
0 5 0.588 0.106
0 6 0.312 0.286
0 7 0.606 0.114
0 8 0.602 0.175
0 9 0.533 0.215
0 10 0.734 0.244
0 11 0.475 0.279
0 12 0.442 0.224
0 13 0.662 0.17
0 14 0.667 0.264
0 15 0.808 0.164
0 16 0.528 0.15
0 17 0.638 0.179
0 18 0.475 0.22
0 19 0.324 0.228
0 20 0.594 0.179
0 21 0.421 0.24
0 22 0.498 0.204
0 23 0.698 0.188
0 24 0.566 0.138
0 25 0.546 0.245
0 26 0.628 0.185
0 27 0.271 0.123
0 28 0.686 0.187
0 29 0.526 0.228
0 30 0.357 0.215
0 31 0.721 0.142
0 32 0.638 0.191
0 33 0.634 0.174
0 34 0.708 0.175
0 35 0.638 0.211
0 36 0.616 0.27
0 37 0.792 0.21
0 38 0.218 0.161
0 39 0.617 0.2
0 40 0.516 0.191
0 41 0.478 0.219
0 42 0.574 0.272
0 43 0.695 0.185
0 44 0.71 0.232
0 45 0.522 0.15
0 46 0.482 0.11
0 47 0.723 0.071
0 48 0.722 0.222
0 49 0.461 0.119
0 50 0.632 0.306
1 2 0.406 0.181
1 3 0.666 0.317
1 4 0.652 0.125
1 5 0.568 0.048
1 6 0.483 0.28
1 7 0.308 0.172
1 8 0.496 0.14
1 9 0.532 0.199
1 10 0.436 0.214
1 11 0.77 0.276
1 12 0.574 0.23
1 13 0.351 0.112
1 14 0.595 0.313
1 15 0.361 0.106
1 16 0.716 0.208
1 17 0.612 0.163
1 18 0.688 0.226
1 19 0.802 0.247
1 20 0.638 0.163
1 21 0.595 0.298
1 22 0.523 0.23
1 23 0.504 0.188
1 24 0.322 0.08
1 25 0.454 0.225
1 26 0.37 0.229
1 27 0.684 0.181
1 28 0.335 0.193
1 29 0.382 0.17
1 30 0.697 0.226
1 31 0.543 0.16
1 32 0.598 0.249
1 33 0.482 0.232
1 34 0.588 0.233
1 35 0.63 0.236
1 36 0.472 0.212
1 37 0.62 0.217
1 38 0.412 0.201
1 39 0.661 0.142
1 40 0.276 0.133
1 41 0.588 0.208
1 42 0.649 0.236
1 43 0.55 0.154
1 44 0.58 0.174
1 45 0.644 0.208
1 46 0.664 0.168
1 47 0.462 0.129
1 48 0.192 0.172
1 49 0.491 0.103
1 50 0.7 0.306
2 3 0.622 0.166
2 4 0.464 0.114
2 5 0.547 0.197
2 6 0.583 0.31
2 7 0.604 0.188
2 8 0.776 0.041
2 9 0.472 0.235
2 10 0.33 0.108
2 11 0.456 0.269
2 12 0.624 0.144
2 13 0.708 0.23
2 14 0.55 0.136
2 15 0.726 0.139
2 16 0.742 0.119
2 17 0.459 0.104
2 18 0.678 0.191
2 19 0.396 0.197
2 20 0.639 0.211
2 21 0.813 0.349
2 22 0.595 0.231
2 23 0.534 0.221
2 24 0.516 0.261
2 25 0.326 0.224
2 26 0.658 0.214
2 27 0.64 0.22
2 28 0.45 0.181
2 29 0.69 0.203
2 30 0.622 0.245
2 31 0.544 0.193
2 32 0.641 0.17
2 33 0.63 0.21
2 34 0.531 0.249
2 35 0.793 0.176
2 36 0.78 0.245
2 37 0.754 0.217
2 38 0.374 0.02
2 39 0.64 0.114
2 40 0.679 0.193
2 41 0.472 0.241
2 42 0.646 0.326
2 43 0.531 0.19
2 44 0.525 0.146
2 45 0.469 0.212
2 46 0.518 0.179
2 47 0.642 0.145
2 48 0.488 0.287
2 49 0.684 0.164
2 50 0.758 0.188
3 4 0.824 0.24
3 5 0.715 0.323
3 6 0.508 0.332
3 7 0.587 0.282
3 8 0.61 0.207
3 9 0.464 0.18
3 10 0.72 0.262
3 11 0.513 0.271
3 12 0.512 0.161
3 13 0.715 0.339
3 14 0.227 0.132
3 15 0.64 0.265
3 16 0.693 0.285
3 17 0.817 0.27
3 18 0.694 0.148
3 19 0.512 0.228
3 20 0.402 0.154
3 21 0.784 0.402
3 22 0.547 0.241
3 23 0.738 0.323
3 24 0.676 0.31
3 25 0.547 0.22
3 26 0.633 0.256
3 27 0.6 0.178
3 28 0.43 0.124
3 29 0.664 0.292
3 30 0.514 0.25
3 31 0.513 0.319
3 32 0.742 0.236
3 33 0.488 0.228
3 34 0.477 0.302
3 35 0.639 0.294
3 36 0.574 0.334
3 37 0.356 0.198
3 38 0.754 0.146
3 39 0.516 0.24
3 40 0.51 0.319
3 41 0.676 0.222
3 42 0.724 0.274
3 43 0.733 0.24
3 44 0.651 0.272
3 45 0.45 0.283
3 46 0.574 0.225
3 47 0.366 0.297
3 48 0.474 0.304
3 49 0.649 0.214
3 50 0.622 0.253
4 5 0.596 0.173
4 6 0.556 0.29
4 7 0.362 0.164
4 8 0.358 0.155
4 9 0.766 0.148
4 10 0.691 0.222
4 11 0.39 0.263
4 12 0.562 0.157
4 13 0.505 0.116
4 14 0.724 0.21
4 15 0.573 0.213
4 16 0.676 0.2
4 17 0.698 0.112
4 18 0.631 0.153
4 19 0.476 0.196
4 20 0.533 0.112
4 21 0.558 0.307
4 22 0.654 0.237
4 23 0.832 0.234
4 24 0.5 0.205
4 25 0.302 0.235
4 26 0.774 0.118
4 27 0.515 0.19
4 28 0.66 0.12
4 29 0.678 0.272
4 30 0.322 0.265
4 31 0.477 0.209
4 32 0.53 0.233
4 33 0.752 0.193
4 34 0.808 0.158
4 35 0.604 0.24
4 36 0.768 0.314
4 37 0.708 0.166
4 38 0.428 0.094
4 39 0.69 0.188
4 40 0.712 0.258
4 41 0.722 0.152
4 42 0.726 0.232
4 43 0.541 0.252
4 44 0.65 0.22
4 45 0.684 0.217
4 46 0.69 0.177
4 47 0.583 0.121
4 48 0.478 0.212
4 49 0.574 0.052
4 50 0.711 0.249
5 6 0.634 0.244
5 7 0.507 0.22
5 8 0.591 0.188
5 9 0.671 0.247
5 10 0.687 0.166
5 11 0.714 0.324
5 12 0.37 0.206
5 13 0.549 0.16
5 14 0.764 0.282
5 15 0.568 0.058
5 16 0.778 0.256
5 17 0.296 0.211
5 18 0.65 0.234
5 19 0.626 0.295
5 20 0.771 0.211
5 21 0.65 0.346
5 22 0.662 0.182
5 23 0.52 0.14
5 24 0.538 0.128
5 25 0.526 0.273
5 26 0.63 0.277
5 27 0.7 0.229
5 28 0.474 0.241
5 29 0.522 0.122
5 30 0.567 0.274
5 31 0.688 0.112
5 32 0.56 0.242
5 33 0.681 0.28
5 34 0.665 0.251
5 35 0.595 0.206
5 36 0.432 0.164
5 37 0.555 0.258
5 38 0.724 0.177
5 39 0.199 0.094
5 40 0.292 0.112
5 41 0.528 0.16
5 42 0.376 0.226
5 43 0.714 0.202
5 44 0.497 0.126
5 45 0.42 0.186
5 46 0.762 0.207
5 47 0.626 0.177
5 48 0.391 0.22
5 49 0.606 0.151
5 50 0.818 0.258
6 7 0.542 0.31
6 8 0.522 0.351
6 9 0.531 0.17
6 10 0.534 0.322
6 11 0.63 0.381
6 12 0.754 0.263
6 13 0.613 0.287
6 14 0.735 0.406
6 15 0.569 0.248
6 16 0.632 0.296
6 17 0.594 0.271
6 18 0.592 0.259
6 19 0.636 0.218
6 20 0.372 0.256
6 21 0.569 0.452
6 22 0.697 0.262
6 23 0.499 0.33
6 24 0.445 0.2
6 25 0.643 0.345
6 26 0.664 0.299
6 27 0.463 0.243
6 28 0.71 0.226
6 29 0.794 0.312
6 30 0.669 0.348
6 31 0.577 0.302
6 32 0.739 0.202
6 33 0.631 0.224
6 34 0.561 0.309
6 35 0.704 0.396
6 36 0.884 0.318
6 37 0.552 0.188
6 38 0.53 0.29
6 39 0.746 0.196
6 40 0.488 0.302
6 41 0.79 0.333
6 42 0.802 0.358
6 43 0.41 0.274
6 44 0.591 0.164
6 45 0.806 0.364
6 46 0.616 0.196
6 47 0.536 0.322
6 48 0.475 0.388
6 49 0.728 0.238
6 50 0.519 0.355
7 8 0.574 0.147
7 9 0.598 0.14
7 10 0.486 0.233
7 11 0.623 0.272
7 12 0.498 0.221
7 13 0.659 0.28
7 14 0.476 0.15
7 15 0.454 0.214
7 16 0.54 0.122
7 17 0.672 0.276
7 18 0.612 0.229
7 19 0.76 0.188
7 20 0.33 0.209
7 21 0.432 0.224
7 22 0.656 0.09
7 23 0.612 0.157
7 24 0.63 0.252
7 25 0.58 0.238
7 26 0.589 0.223
7 27 0.56 0.236
7 28 0.488 0.196
7 29 0.41 0.15
7 30 0.684 0.238
7 31 0.272 0.212
7 32 0.425 0.163
7 33 0.406 0.194
7 34 0.659 0.061
7 35 0.415 0.183
7 36 0.5 0.192
7 37 0.346 0.158
7 38 0.646 0.208
7 39 0.637 0.218
7 40 0.584 0.252
7 41 0.512 0.244
7 42 0.599 0.284
7 43 0.56 0.298
7 44 0.374 0.25
7 45 0.513 0.264
7 46 0.487 0.224
7 47 0.221 0.043
7 48 0.116 0.108
7 49 0.415 0.216
7 50 0.639 0.275
8 9 0.498 0.204
8 10 0.582 0.149
8 11 0.64 0.228
8 12 0.614 0.185
8 13 0.297 0.252
8 14 0.54 0.177
8 15 0.481 0.174
8 16 0.548 0.078
8 17 0.34 0.145
8 18 0.524 0.232
8 19 0.54 0.156
8 20 0.536 0.252
8 21 0.589 0.308
8 22 0.616 0.19
8 23 0.538 0.221
8 24 0.648 0.22
8 25 0.45 0.265
8 26 0.496 0.255
8 27 0.436 0.215
8 28 0.657 0.222
8 29 0.596 0.238
8 30 0.68 0.252
8 31 0.368 0.228
8 32 0.569 0.211
8 33 0.714 0.251
8 34 0.72 0.208
8 35 0.722 0.135
8 36 0.506 0.28
8 37 0.784 0.222
8 38 0.741 0.061
8 39 0.681 0.155
8 40 0.481 0.228
8 41 0.739 0.276
8 42 0.695 0.33
8 43 0.656 0.231
8 44 0.661 0.187
8 45 0.645 0.253
8 46 0.695 0.168
8 47 0.353 0.104
8 48 0.476 0.255
8 49 0.444 0.205
8 50 0.836 0.229
9 10 0.619 0.161
9 11 0.592 0.275
9 12 0.49 0.093
9 13 0.568 0.252
9 14 0.691 0.29
9 15 0.539 0.25
9 16 0.392 0.126
9 17 0.66 0.156
9 18 0.468 0.089
9 19 0.578 0.048
9 20 0.588 0.086
9 21 0.62 0.29
9 22 0.282 0.126
9 23 0.728 0.208
9 24 0.702 0.242
9 25 0.555 0.224
9 26 0.717 0.129
9 27 0.388 0.158
9 28 0.197 0.056
9 29 0.601 0.186
9 30 0.533 0.202
9 31 0.405 0.304
9 32 0.737 0.094
9 33 0.512 0.054
9 34 0.632 0.201
9 35 0.61 0.305
9 36 0.648 0.192
9 37 0.286 0.018
9 38 0.686 0.215
9 39 0.646 0.182
9 40 0.63 0.263
9 41 0.686 0.163
9 42 0.612 0.206
9 43 0.666 0.22
9 44 0.394 0.211
9 45 0.711 0.236
9 46 0.398 0.154
9 47 0.581 0.183
9 48 0.482 0.236
9 49 0.524 0.096
9 50 0.595 0.185
10 11 0.462 0.267
10 12 0.662 0.134
10 13 0.787 0.326
10 14 0.646 0.244
10 15 0.396 0.108
10 16 0.482 0.227
10 17 0.472 0.212
10 18 0.618 0.204
10 19 0.527 0.209
10 20 0.625 0.201
10 21 0.483 0.415
10 22 0.6 0.143
10 23 0.342 0.162
10 24 0.758 0.156
10 25 0.656 0.28
10 26 0.675 0.215
10 27 0.632 0.144
10 28 0.738 0.171
10 29 0.565 0.172
10 30 0.626 0.25
10 31 0.214 0.162
10 32 0.436 0.172
10 33 0.412 0.14
10 34 0.396 0.294
10 35 0.508 0.256
10 36 0.475 0.214
10 37 0.584 0.143
10 38 0.704 0.128
10 39 0.488 0.222
10 40 0.396 0.102
10 41 0.74 0.21
10 42 0.41 0.218
10 43 0.466 0.082
10 44 0.628 0.252
10 45 0.643 0.265
10 46 0.417 0.191
10 47 0.354 0.195
10 48 0.602 0.277
10 49 0.538 0.257
10 50 0.64 0.226
11 12 0.585 0.27
11 13 0.558 0.168
11 14 0.35 0.139
11 15 0.58 0.301
11 16 0.286 0.15
11 17 0.719 0.278
11 18 0.594 0.203
11 19 0.645 0.227
11 20 0.293 0.245
11 21 0.624 0.312
11 22 0.438 0.229
11 23 0.442 0.28
11 24 0.62 0.196
11 25 0.422 0.051
11 26 0.624 0.24
11 27 0.204 0.156
11 28 0.57 0.233
11 29 0.536 0.289
11 30 0.43 0.081
11 31 0.508 0.355
11 32 0.493 0.291
11 33 0.66 0.283
11 34 0.495 0.333
11 35 0.618 0.198
11 36 0.626 0.279
11 37 0.595 0.265
11 38 0.598 0.255
11 39 0.585 0.231
11 40 0.612 0.307
11 41 0.723 0.277
11 42 0.553 0.352
11 43 0.22 0.185
11 44 0.287 0.263
11 45 0.294 0.252
11 46 0.725 0.203
11 47 0.58 0.229
11 48 0.623 0.361
11 49 0.559 0.305
11 50 0.683 0.298
12 13 0.627 0.273
12 14 0.488 0.24
12 15 0.692 0.242
12 16 0.778 0.219
12 17 0.345 0.187
12 18 0.703 0.07
12 19 0.502 0.141
12 20 0.592 0.067
12 21 0.598 0.316
12 22 0.425 0.154
12 23 0.773 0.21
12 24 0.837 0.223
12 25 0.678 0.222
12 26 0.809 0.178
12 27 0.551 0.251
12 28 0.536 0.037
12 29 0.504 0.214
12 30 0.757 0.192
12 31 0.51 0.273
12 32 0.736 0.158
12 33 0.598 0.147
12 34 0.636 0.16
12 35 0.706 0.268
12 36 0.548 0.256
12 37 0.585 0.111
12 38 0.399 0.124
12 39 0.498 0.15
12 40 0.662 0.236
12 41 0.697 0.144
12 42 0.62 0.187
12 43 0.65 0.216
12 44 0.364 0.118
12 45 0.425 0.202
12 46 0.658 0.247
12 47 0.717 0.264
12 48 0.382 0.143
12 49 0.632 0.127
12 50 0.475 0.092
13 14 0.757 0.207
13 15 0.712 0.218
13 16 0.763 0.316
13 17 0.569 0.228
13 18 0.694 0.269
13 19 0.723 0.295
13 20 0.824 0.228
13 21 0.801 0.38
13 22 0.414 0.297
13 23 0.835 0.3
13 24 0.58 0.192
13 25 0.382 0.119
13 26 0.424 0.234
13 27 0.648 0.261
13 28 0.489 0.236
13 29 0.692 0.282
13 30 0.624 0.149
13 31 0.665 0.272
13 32 0.652 0.211
13 33 0.488 0.206
13 34 0.658 0.274
13 35 0.783 0.124
13 36 0.75 0.274
13 37 0.566 0.242
13 38 0.444 0.21
13 39 0.424 0.254
13 40 0.627 0.245
13 41 0.753 0.268
13 42 0.812 0.348
13 43 0.489 0.266
13 44 0.682 0.286
13 45 0.748 0.288
13 46 0.398 0.28
13 47 0.65 0.237
13 48 0.543 0.218
13 49 0.741 0.168
13 50 0.814 0.365
14 15 0.827 0.224
14 16 0.56 0.255
14 17 0.63 0.24
14 18 0.516 0.24
14 19 0.62 0.264
14 20 0.579 0.282
14 21 0.648 0.343
14 22 0.63 0.22
14 23 0.57 0.278
14 24 0.689 0.233
14 25 0.71 0.088
14 26 0.539 0.263
14 27 0.396 0.179
14 28 0.657 0.256
14 29 0.558 0.16
14 30 0.402 0.118
14 31 0.74 0.278
14 32 0.574 0.306
14 33 0.31 0.285
14 34 0.25 0.198
14 35 0.412 0.162
14 36 0.514 0.202
14 37 0.583 0.302
14 38 0.564 0.116
14 39 0.743 0.21
14 40 0.657 0.278
14 41 0.658 0.28
14 42 0.804 0.341
14 43 0.57 0.241
14 44 0.637 0.242
14 45 0.517 0.151
14 46 0.599 0.226
14 47 0.372 0.193
14 48 0.592 0.258
14 49 0.48 0.262
14 50 0.648 0.284
15 16 0.45 0.252
15 17 0.554 0.23
15 18 0.688 0.176
15 19 0.609 0.298
15 20 0.422 0.239
15 21 0.59 0.323
15 22 0.474 0.124
15 23 0.474 0.082
15 24 0.55 0.165
15 25 0.73 0.25
15 26 0.429 0.246
15 27 0.708 0.252
15 28 0.523 0.209
15 29 0.534 0.064
15 30 0.66 0.265
15 31 0.182 0.054
15 32 0.652 0.222
15 33 0.748 0.244
15 34 0.598 0.212
15 35 0.664 0.148
15 36 0.527 0.106
15 37 0.58 0.251
15 38 0.704 0.119
15 39 0.626 0.152
15 40 0.508 0.054
15 41 0.484 0.102
15 42 0.418 0.247
15 43 0.47 0.19
15 44 0.409 0.184
15 45 0.4 0.184
15 46 0.526 0.226
15 47 0.675 0.199
15 48 0.553 0.238
15 49 0.347 0.209
15 50 0.538 0.2
16 17 0.794 0.171
16 18 0.444 0.215
16 19 0.845 0.078
16 20 0.579 0.212
16 21 0.676 0.23
16 22 0.634 0.212
16 23 0.695 0.196
16 24 0.608 0.238
16 25 0.592 0.201
16 26 0.595 0.255
16 27 0.464 0.273
16 28 0.538 0.182
16 29 0.471 0.26
16 30 0.56 0.231
16 31 0.268 0.226
16 32 0.62 0.199
16 33 0.65 0.18
16 34 0.67 0.183
16 35 0.462 0.213
16 36 0.561 0.302
16 37 0.457 0.144
16 38 0.466 0.139
16 39 0.687 0.194
16 40 0.695 0.291
16 41 0.668 0.289
16 42 0.595 0.307
16 43 0.274 0.217
16 44 0.436 0.226
16 45 0.544 0.3
16 46 0.604 0.246
16 47 0.534 0.079
16 48 0.524 0.23
16 49 0.614 0.222
16 50 0.397 0.298
17 18 0.501 0.183
17 19 0.684 0.204
17 20 0.585 0.12
17 21 0.84 0.37
17 22 0.668 0.267
17 23 0.682 0.242
17 24 0.754 0.243
17 25 0.556 0.314
17 26 0.727 0.11
17 27 0.646 0.122
17 28 0.75 0.15
17 29 0.478 0.282
17 30 0.573 0.284
17 31 0.686 0.284
17 32 0.524 0.215
17 33 0.694 0.175
17 34 0.38 0.268
17 35 0.718 0.28
17 36 0.388 0.279
17 37 0.634 0.174
17 38 0.744 0.124
17 39 0.495 0.188
17 40 0.454 0.176
17 41 0.619 0.257
17 42 0.672 0.237
17 43 0.649 0.184
17 44 0.432 0.198
17 45 0.547 0.243
17 46 0.466 0.075
17 47 0.451 0.233
17 48 0.687 0.267
17 49 0.523 0.06
17 50 0.742 0.279
18 19 0.449 0.137
18 20 0.376 0.063
18 21 0.402 0.254
18 22 0.494 0.15
18 23 0.65 0.232
18 24 0.71 0.219
18 25 0.512 0.152
18 26 0.707 0.108
18 27 0.39 0.192
18 28 0.601 0.033
18 29 0.602 0.194
18 30 0.309 0.122
18 31 0.506 0.23
18 32 0.47 0.088
18 33 0.206 0.08
18 34 0.376 0.186
18 35 0.606 0.239
18 36 0.512 0.204
18 37 0.378 0.107
18 38 0.304 0.171
18 39 0.566 0.22
18 40 0.422 0.23
18 41 0.396 0.074
18 42 0.699 0.183
18 43 0.518 0.254
18 44 0.532 0.188
18 45 0.572 0.213
18 46 0.416 0.18
18 47 0.688 0.208
18 48 0.496 0.21
18 49 0.608 0.123
18 50 0.477 0.162
19 20 0.595 0.134
19 21 0.546 0.307
19 22 0.579 0.174
19 23 0.471 0.256
19 24 0.776 0.29
19 25 0.722 0.176
19 26 0.736 0.177
19 27 0.595 0.206
19 28 0.536 0.104
19 29 0.607 0.234
19 30 0.681 0.206
19 31 0.577 0.27
19 32 0.6 0.142
19 33 0.491 0.102
19 34 0.499 0.191
19 35 0.736 0.291
19 36 0.697 0.24
19 37 0.744 0.066
19 38 0.542 0.217
19 39 0.692 0.23
19 40 0.644 0.311
19 41 0.389 0.211
19 42 0.25 0.229
19 43 0.624 0.268
19 44 0.516 0.259
19 45 0.458 0.284
19 46 0.681 0.202
19 47 0.75 0.157
19 48 0.644 0.284
19 49 0.615 0.144
19 50 0.743 0.233
20 21 0.762 0.309
20 22 0.41 0.147
20 23 0.698 0.229
20 24 0.688 0.216
20 25 0.49 0.194
20 26 0.519 0.171
20 27 0.497 0.242
20 28 0.598 0.03
20 29 0.617 0.207
20 30 0.644 0.164
20 31 0.602 0.246
20 32 0.755 0.151
20 33 0.498 0.14
20 34 0.329 0.148
20 35 0.45 0.281
20 36 0.672 0.249
20 37 0.302 0.104
20 38 0.582 0.191
20 39 0.622 0.217
20 40 0.646 0.284
20 41 0.772 0.137
20 42 0.515 0.12
20 43 0.513 0.264
20 44 0.324 0.185
20 45 0.587 0.21
20 46 0.69 0.195
20 47 0.466 0.233
20 48 0.446 0.166
20 49 0.596 0.06
20 50 0.591 0.159
21 22 0.732 0.314
21 23 0.451 0.381
21 24 0.545 0.377
21 25 0.572 0.261
21 26 0.618 0.362
21 27 0.692 0.313
21 28 0.811 0.279
21 29 0.644 0.312
21 30 0.681 0.231
21 31 0.408 0.269
21 32 0.602 0.342
21 33 0.338 0.308
21 34 0.749 0.285
21 35 0.718 0.348
21 36 0.554 0.351
21 37 0.778 0.272
21 38 0.639 0.369
21 39 0.566 0.424
21 40 0.649 0.349
21 41 0.792 0.328
21 42 0.636 0.215
21 43 0.492 0.375
21 44 0.586 0.424
21 45 0.704 0.192
21 46 0.67 0.35
21 47 0.653 0.267
21 48 0.471 0.332
21 49 0.317 0.31
21 50 0.697 0.401
22 23 0.792 0.082
22 24 0.631 0.282
22 25 0.433 0.178
22 26 0.708 0.23
22 27 0.234 0.146
22 28 0.188 0.117
22 29 0.566 0.06
22 30 0.332 0.148
22 31 0.386 0.178
22 32 0.621 0.218
22 33 0.7 0.18
22 34 0.634 0.151
22 35 0.369 0.179
22 36 0.656 0.102
22 37 0.458 0.144
22 38 0.716 0.243
22 39 0.492 0.264
22 40 0.572 0.174
22 41 0.598 0.18
22 42 0.478 0.217
22 43 0.496 0.208
22 44 0.676 0.272
22 45 0.429 0.18
22 46 0.68 0.193
22 47 0.572 0.133
22 48 0.648 0.198
22 49 0.684 0.207
22 50 0.798 0.2
23 24 0.818 0.206
23 25 0.706 0.26
23 26 0.416 0.268
23 27 0.636 0.228
23 28 0.746 0.199
23 29 0.568 0.118
23 30 0.722 0.23
23 31 0.556 0.136
23 32 0.336 0.153
23 33 0.6 0.193
23 34 0.674 0.218
23 35 0.71 0.23
23 36 0.658 0.16
23 37 0.442 0.226
23 38 0.652 0.201
23 39 0.628 0.234
23 40 0.228 0.095
23 41 0.406 0.184
23 42 0.622 0.299
23 43 0.662 0.244
23 44 0.486 0.266
23 45 0.552 0.238
23 46 0.732 0.275
23 47 0.502 0.117
23 48 0.657 0.265
23 49 0.358 0.182
23 50 0.298 0.118
24 25 0.198 0.145
24 26 0.6 0.22
24 27 0.512 0.136
24 28 0.556 0.186
24 29 0.414 0.229
24 30 0.599 0.148
24 31 0.732 0.219
24 32 0.562 0.307
24 33 0.672 0.28
24 34 0.722 0.224
24 35 0.735 0.265
24 36 0.504 0.266
24 37 0.416 0.26
24 38 0.553 0.281
24 39 0.339 0.222
24 40 0.59 0.111
24 41 0.632 0.267
24 42 0.526 0.316
24 43 0.49 0.074
24 44 0.546 0.254
24 45 0.729 0.257
24 46 0.342 0.183
24 47 0.708 0.209
24 48 0.514 0.252
24 49 0.507 0.183
24 50 0.534 0.315
25 26 0.472 0.26
25 27 0.314 0.207
25 28 0.358 0.185
25 29 0.574 0.238
25 30 0.401 0.03
25 31 0.548 0.304
25 32 0.716 0.24
25 33 0.718 0.232
25 34 0.634 0.286
25 35 0.736 0.147
25 36 0.484 0.228
25 37 0.552 0.214
25 38 0.562 0.204
25 39 0.537 0.18
25 40 0.478 0.256
25 41 0.444 0.226
25 42 0.614 0.314
25 43 0.318 0.198
25 44 0.348 0.212
25 45 0.531 0.239
25 46 0.54 0.254
25 47 0.596 0.28
25 48 0.464 0.31
25 49 0.498 0.254
25 50 0.432 0.247
26 27 0.596 0.084
26 28 0.52 0.141
26 29 0.597 0.255
26 30 0.68 0.23
26 31 0.611 0.282
26 32 0.66 0.115
26 33 0.791 0.075
26 34 0.535 0.268
26 35 0.816 0.182
26 36 0.687 0.213
26 37 0.682 0.111
26 38 0.41 0.212
26 39 0.666 0.244
26 40 0.338 0.192
26 41 0.754 0.182
26 42 0.732 0.28
26 43 0.404 0.146
26 44 0.706 0.276
26 45 0.66 0.205
26 46 0.52 0.131
26 47 0.368 0.18
26 48 0.562 0.232
26 49 0.556 0.126
26 50 0.59 0.27
27 28 0.422 0.214
27 29 0.332 0.206
27 30 0.474 0.23
27 31 0.62 0.238
27 32 0.509 0.187
27 33 0.523 0.147
27 34 0.458 0.296
27 35 0.603 0.266
27 36 0.422 0.248
27 37 0.553 0.176
27 38 0.489 0.24
27 39 0.67 0.16
27 40 0.408 0.246
27 41 0.519 0.266
27 42 0.414 0.196
27 43 0.424 0.062
27 44 0.491 0.192
27 45 0.498 0.121
27 46 0.521 0.047
27 47 0.452 0.194
27 48 0.496 0.239
27 49 0.732 0.182
27 50 0.564 0.343
28 29 0.619 0.177
28 30 0.52 0.155
28 31 0.574 0.263
28 32 0.54 0.121
28 33 0.709 0.11
28 34 0.65 0.178
28 35 0.557 0.272
28 36 0.709 0.219
28 37 0.304 0.074
28 38 0.563 0.161
28 39 0.502 0.187
28 40 0.611 0.263
28 41 0.529 0.107
28 42 0.666 0.15
28 43 0.664 0.234
28 44 0.591 0.155
28 45 0.617 0.18
28 46 0.493 0.21
28 47 0.384 0.239
28 48 0.527 0.18
28 49 0.721 0.09
28 50 0.79 0.129
29 30 0.806 0.208
29 31 0.624 0.118
29 32 0.232 0.158
29 33 0.396 0.18
29 34 0.308 0.148
29 35 0.364 0.192
29 36 0.09 0.042
29 37 0.315 0.204
29 38 0.652 0.183
29 39 0.506 0.214
29 40 0.554 0.118
29 41 0.218 0.12
29 42 0.542 0.277
29 43 0.69 0.254
29 44 0.679 0.246
29 45 0.348 0.12
29 46 0.695 0.246
29 47 0.604 0.193
29 48 0.526 0.254
29 49 0.62 0.222
29 50 0.67 0.232
30 31 0.594 0.307
30 32 0.716 0.21
30 33 0.515 0.202
30 34 0.652 0.299
30 35 0.508 0.117
30 36 0.821 0.25
30 37 0.564 0.184
30 38 0.575 0.234
30 39 0.368 0.21
30 40 0.512 0.259
30 41 0.697 0.196
30 42 0.492 0.284
30 43 0.65 0.168
30 44 0.636 0.222
30 45 0.724 0.269
30 46 0.368 0.26
30 47 0.774 0.257
30 48 0.663 0.33
30 49 0.364 0.224
30 50 0.742 0.277
31 32 0.47 0.276
31 33 0.574 0.298
31 34 0.61 0.266
31 35 0.585 0.19
31 36 0.654 0.16
31 37 0.5 0.304
31 38 0.614 0.173
31 39 0.702 0.187
31 40 0.514 0.108
31 41 0.666 0.156
31 42 0.327 0.193
31 43 0.288 0.176
31 44 0.414 0.155
31 45 0.429 0.238
31 46 0.631 0.252
31 47 0.493 0.213
31 48 0.388 0.23
31 49 0.346 0.261
31 50 0.665 0.254
32 33 0.264 0.04
32 34 0.54 0.224
32 35 0.504 0.26
32 36 0.322 0.116
32 37 0.547 0.076
32 38 0.668 0.19
32 39 0.47 0.24
32 40 0.322 0.232
32 41 0.45 0.162
32 42 0.713 0.271
32 43 0.713 0.249
32 44 0.447 0.272
32 45 0.563 0.183
32 46 0.596 0.14
32 47 0.482 0.12
32 48 0.541 0.27
32 49 0.654 0.19
32 50 0.62 0.25
33 34 0.411 0.234
33 35 0.44 0.257
33 36 0.306 0.138
33 37 0.584 0.036
33 38 0.416 0.23
33 39 0.703 0.2
33 40 0.572 0.242
33 41 0.602 0.154
33 42 0.672 0.26
33 43 0.677 0.209
33 44 0.503 0.232
33 45 0.366 0.223
33 46 0.332 0.1
33 47 0.627 0.16
33 48 0.29 0.23
33 49 0.5 0.15
33 50 0.683 0.239
34 35 0.486 0.244
34 36 0.398 0.19
34 37 0.346 0.2
34 38 0.68 0.251
34 39 0.511 0.157
34 40 0.582 0.266
34 41 0.502 0.242
34 42 0.749 0.268
34 43 0.715 0.298
34 44 0.653 0.189
34 45 0.656 0.268
34 46 0.604 0.27
34 47 0.47 0.104
34 48 0.669 0.106
34 49 0.73 0.208
34 50 0.681 0.252
35 36 0.454 0.15
35 37 0.679 0.293
35 38 0.61 0.196
35 39 0.396 0.29
35 40 0.482 0.202
35 41 0.582 0.24
35 42 0.536 0.354
35 43 0.736 0.285
35 44 0.642 0.322
35 45 0.324 0.164
35 46 0.57 0.303
35 47 0.616 0.14
35 48 0.531 0.291
35 49 0.814 0.292
35 50 0.62 0.348
36 37 0.405 0.174
36 38 0.646 0.225
36 39 0.596 0.256
36 40 0.644 0.16
36 41 0.308 0.162
36 42 0.478 0.262
36 43 0.6 0.296
36 44 0.744 0.288
36 45 0.438 0.162
36 46 0.638 0.204
36 47 0.53 0.235
36 48 0.596 0.296
36 49 0.53 0.264
36 50 0.686 0.274
37 38 0.682 0.197
37 39 0.36 0.164
37 40 0.344 0.245
37 41 0.533 0.181
37 42 0.661 0.224
37 43 0.731 0.225
37 44 0.626 0.196
37 45 0.45 0.254
37 46 0.654 0.136
37 47 0.567 0.196
37 48 0.436 0.254
37 49 0.676 0.114
37 50 0.542 0.203
38 39 0.657 0.094
38 40 0.556 0.173
38 41 0.652 0.221
38 42 0.61 0.311
38 43 0.576 0.21
38 44 0.652 0.126
38 45 0.304 0.192
38 46 0.606 0.199
38 47 0.596 0.165
38 48 0.604 0.267
38 49 0.679 0.146
38 50 0.53 0.168
39 40 0.4 0.206
39 41 0.329 0.175
39 42 0.564 0.275
39 43 0.74 0.222
39 44 0.298 0.032
39 45 0.619 0.28
39 46 0.681 0.113
39 47 0.664 0.259
39 48 0.59 0.263
39 49 0.46 0.24
39 50 0.873 0.242
40 41 0.634 0.156
40 42 0.394 0.266
40 43 0.54 0.184
40 44 0.528 0.238
40 45 0.552 0.238
40 46 0.813 0.251
40 47 0.608 0.212
40 48 0.468 0.292
40 49 0.332 0.224
40 50 0.526 0.213
41 42 0.639 0.257
41 43 0.53 0.292
41 44 0.627 0.207
41 45 0.566 0.24
41 46 0.477 0.254
41 47 0.386 0.273
41 48 0.396 0.136
41 49 0.475 0.197
41 50 0.704 0.236
42 43 0.392 0.258
42 44 0.266 0.262
42 45 0.306 0.19
42 46 0.431 0.162
42 47 0.598 0.327
42 48 0.715 0.176
42 49 0.538 0.18
42 50 0.544 0.186
43 44 0.507 0.254
43 45 0.514 0.183
43 46 0.69 0.109
43 47 0.772 0.256
43 48 0.457 0.301
43 49 0.634 0.244
43 50 0.671 0.308
44 45 0.348 0.312
44 46 0.62 0.145
44 47 0.595 0.291
44 48 0.49 0.261
44 49 0.272 0.236
44 50 0.696 0.21
45 46 0.698 0.168
45 47 0.292 0.221
45 48 0.452 0.198
45 49 0.62 0.226
45 50 0.744 0.271
46 47 0.704 0.181
46 48 0.564 0.192
46 49 0.654 0.135
46 50 0.824 0.339
47 48 0.337 0.151
47 49 0.636 0.173
47 50 0.662 0.235
48 49 0.299 0.226
48 50 0.523 0.232
49 50 0.656 0.219
node_demand
0.1
0.025
0.05
0.075
0.1
0.075
0.05
0.025
0.15
0.05
0.05
0.15
0.15
0.175
0.175
0.075
0.05
0.125
0.125
0.15
0.1
0.1
0.1
0.1
0.175
0.025
0.05
0.075
0.05
0.05
0.1
0.175
0.05
0.225
0.2
0.15
0.1
0.025
0.075
0.125
0.15
0.025
0.1
0.15
0.2
0.15
0.15
0.075
0.2
0.1
