50
0 1 0.466 0.197
0 2 0.614 0.179
0 3 0.568 0.22
0 4 0.368 0.179
0 5 0.76 0.185
0 6 0.666 0.266
0 7 0.482 0.149
0 8 0.823 0.061
0 9 0.632 0.186
0 10 0.696 0.167
0 11 0.434 0.223
0 12 0.556 0.162
0 13 0.486 0.262
0 14 0.47 0.27
0 15 0.512 0.154
0 16 0.642 0.201
0 17 0.508 0.176
0 18 0.64 0.296
0 19 0.566 0.311
0 20 0.566 0.23
0 21 0.562 0.314
0 22 0.584 0.26
0 23 0.664 0.238
0 24 0.709 0.267
0 25 0.423 0.203
0 26 0.498 0.19
0 27 0.759 0.301
0 28 0.342 0.244
0 29 0.732 0.178
0 30 0.348 0.166
0 31 0.633 0.194
0 32 0.608 0.263
0 33 0.536 0.215
0 34 0.774 0.061
0 35 0.388 0.096
0 36 0.545 0.188
0 37 0.39 0.225
0 38 0.321 0.166
0 39 0.756 0.313
0 40 0.79 0.235
0 41 0.795 0.249
0 42 0.51 0.209
0 43 0.539 0.239
0 44 0.48 0.303
0 45 0.653 0.081
0 46 0.71 0.173
0 47 0.631 0.267
0 48 0.543 0.043
0 49 0.764 0.237
0 50 0.79 0.131
1 2 0.66 0.203
1 3 0.461 0.2
1 4 0.692 0.251
1 5 0.534 0.257
1 6 0.422 0.267
1 7 0.626 0.26
1 8 0.534 0.258
1 9 0.436 0.223
1 10 0.384 0.133
1 11 0.374 0.077
1 12 0.593 0.166
1 13 0.364 0.126
1 14 0.618 0.248
1 15 0.568 0.206
1 16 0.326 0.182
1 17 0.616 0.281
1 18 0.554 0.224
1 19 0.474 0.198
1 20 0.655 0.105
1 21 0.682 0.312
1 22 0.552 0.147
1 23 0.678 0.202
1 24 0.647 0.111
1 25 0.278 0.04
1 26 0.567 0.194
1 27 0.348 0.12
1 28 0.545 0.3
1 29 0.651 0.23
1 30 0.356 0.084
1 31 0.568 0.166
1 32 0.502 0.181
1 33 0.383 0.215
1 34 0.438 0.136
1 35 0.718 0.293
1 36 0.49 0.192
1 37 0.566 0.199
1 38 0.634 0.198
1 39 0.502 0.192
1 40 0.324 0.038
1 41 0.719 0.205
1 42 0.616 0.2
1 43 0.588 0.213
1 44 0.547 0.156
1 45 0.709 0.192
1 46 0.724 0.154
1 47 0.176 0.07
1 48 0.518 0.154
1 49 0.517 0.246
1 50 0.546 0.066
2 3 0.718 0.216
2 4 0.25 0.116
2 5 0.542 0.104
2 6 0.546 0.23
2 7 0.634 0.328
2 8 0.458 0.118
2 9 0.57 0.294
2 10 0.592 0.228
2 11 0.348 0.188
2 12 0.731 0.219
2 13 0.766 0.32
2 14 0.565 0.264
2 15 0.576 0.236
2 16 0.334 0.179
2 17 0.524 0.252
2 18 0.55 0.254
2 19 0.578 0.294
2 20 0.601 0.232
2 21 0.66 0.171
2 22 0.331 0.081
2 23 0.498 0.296
2 24 0.578 0.092
2 25 0.55 0.203
2 26 0.698 0.247
2 27 0.532 0.172
2 28 0.454 0.142
2 29 0.6 0.212
2 30 0.402 0.238
2 31 0.69 0.256
2 32 0.623 0.21
2 33 0.514 0.152
2 34 0.75 0.24
2 35 0.618 0.275
2 36 0.628 0.245
2 37 0.224 0.17
2 38 0.737 0.271
2 39 0.702 0.32
2 40 0.564 0.165
2 41 0.664 0.168
2 42 0.57 0.311
2 43 0.694 0.324
2 44 0.676 0.283
2 45 0.517 0.246
2 46 0.37 0.207
2 47 0.682 0.273
2 48 0.406 0.222
2 49 0.707 0.277
2 50 0.688 0.228
3 4 0.683 0.1
3 5 0.428 0.22
3 6 0.636 0.269
3 7 0.493 0.154
3 8 0.661 0.23
3 9 0.632 0.166
3 10 0.28 0.096
3 11 0.524 0.152
3 12 0.394 0.129
3 13 0.631 0.164
3 14 0.51 0.237
3 15 0.418 0.208
3 16 0.62 0.145
3 17 0.524 0.204
3 18 0.621 0.238
3 19 0.571 0.255
3 20 0.727 0.174
3 21 0.705 0.264
3 22 0.755 0.172
3 23 0.612 0.25
3 24 0.594 0.174
3 25 0.739 0.2
3 26 0.442 0.157
3 27 0.589 0.263
3 28 0.799 0.285
3 29 0.618 0.215
3 30 0.786 0.284
3 31 0.49 0.168
3 32 0.634 0.274
3 33 0.458 0.064
3 34 0.782 0.202
3 35 0.562 0.124
3 36 0.482 0.155
3 37 0.55 0.154
3 38 0.716 0.26
3 39 0.635 0.284
3 40 0.711 0.238
3 41 0.552 0.284
3 42 0.533 0.214
3 43 0.724 0.198
3 44 0.756 0.297
3 45 0.58 0.212
3 46 0.52 0.117
3 47 0.431 0.158
3 48 0.492 0.22
3 49 0.589 0.182
3 50 0.587 0.266
4 5 0.474 0.22
4 6 0.642 0.241
4 7 0.384 0.242
4 8 0.708 0.218
4 9 0.545 0.264
4 10 0.403 0.196
4 11 0.526 0.19
4 12 0.7 0.229
4 13 0.516 0.264
4 14 0.708 0.258
4 15 0.513 0.18
4 16 0.584 0.245
4 17 0.616 0.136
4 18 0.642 0.138
4 19 0.587 0.262
4 20 0.59 0.146
4 21 0.536 0.236
4 22 0.581 0.197
4 23 0.59 0.321
4 24 0.63 0.208
4 25 0.479 0.266
4 26 0.502 0.207
4 27 0.42 0.288
4 28 0.664 0.258
4 29 0.678 0.204
4 30 0.558 0.318
4 31 0.698 0.14
4 32 0.591 0.27
4 33 0.318 0.036
4 34 0.54 0.154
4 35 0.392 0.216
4 36 0.728 0.209
4 37 0.316 0.054
4 38 0.689 0.259
4 39 0.707 0.322
4 40 0.738 0.213
4 41 0.68 0.284
4 42 0.622 0.225
4 43 0.714 0.208
4 44 0.73 0.22
4 45 0.434 0.174
4 46 0.556 0.217
4 47 0.516 0.258
4 48 0.464 0.136
4 49 0.58 0.282
4 50 0.79 0.224
5 6 0.741 0.126
5 7 0.445 0.233
5 8 0.596 0.182
5 9 0.293 0.19
5 10 0.634 0.124
5 11 0.743 0.18
5 12 0.491 0.115
5 13 0.738 0.216
5 14 0.688 0.188
5 15 0.45 0.238
5 16 0.208 0.075
5 17 0.722 0.203
5 18 0.478 0.318
5 19 0.575 0.19
5 20 0.51 0.308
5 21 0.601 0.223
5 22 0.736 0.15
5 23 0.523 0.236
5 24 0.563 0.176
5 25 0.61 0.229
5 26 0.636 0.143
5 27 0.734 0.241
5 28 0.43 0.246
5 29 0.357 0.262
5 30 0.412 0.203
5 31 0.759 0.198
5 32 0.578 0.106
5 33 0.666 0.256
5 34 0.696 0.16
5 35 0.538 0.281
5 36 0.594 0.141
5 37 0.422 0.274
5 38 0.608 0.167
5 39 0.456 0.312
5 40 0.644 0.249
5 41 0.371 0.064
5 42 0.791 0.293
5 43 0.334 0.266
5 44 0.55 0.232
5 45 0.737 0.18
5 46 0.468 0.103
5 47 0.71 0.27
5 48 0.453 0.142
5 49 0.512 0.173
5 50 0.42 0.224
6 7 0.46 0.24
6 8 0.684 0.271
6 9 0.498 0.282
6 10 0.516 0.175
6 11 0.738 0.231
6 12 0.484 0.17
6 13 0.352 0.261
6 14 0.196 0.062
6 15 0.406 0.141
6 16 0.642 0.201
6 17 0.544 0.329
6 18 0.551 0.267
6 19 0.365 0.252
6 20 0.534 0.306
6 21 0.595 0.155
6 22 0.439 0.236
6 23 0.506 0.262
6 24 0.472 0.166
6 25 0.564 0.227
6 26 0.362 0.146
6 27 0.222 0.198
6 28 0.535 0.235
6 29 0.596 0.165
6 30 0.471 0.264
6 31 0.146 0.101
6 32 0.393 0.232
6 33 0.546 0.205
6 34 0.526 0.281
6 35 0.555 0.273
6 36 0.587 0.144
6 37 0.711 0.295
6 38 0.63 0.165
6 39 0.484 0.261
6 40 0.54 0.239
6 41 0.533 0.062
6 42 0.574 0.18
6 43 0.407 0.169
6 44 0.599 0.294
6 45 0.566 0.277
6 46 0.695 0.182
6 47 0.308 0.289
6 48 0.666 0.268
6 49 0.548 0.184
6 50 0.597 0.264
7 8 0.709 0.21
7 9 0.546 0.32
7 10 0.519 0.151
7 11 0.638 0.183
7 12 0.477 0.118
7 13 0.726 0.314
7 14 0.458 0.178
7 15 0.639 0.22
7 16 0.514 0.158
7 17 0.684 0.286
7 18 0.474 0.147
7 19 0.679 0.268
7 20 0.38 0.276
7 21 0.502 0.252
7 22 0.762 0.324
7 23 0.588 0.262
7 24 0.829 0.328
7 25 0.682 0.266
7 26 0.525 0.146
7 27 0.682 0.252
7 28 0.482 0.278
7 29 0.755 0.244
7 30 0.578 0.274
7 31 0.314 0.225
7 32 0.634 0.224
7 33 0.341 0.218
7 34 0.664 0.124
7 35 0.62 0.212
7 36 0.58 0.144
7 37 0.557 0.218
7 38 0.71 0.218
7 39 0.854 0.315
7 40 0.554 0.298
7 41 0.574 0.297
7 42 0.396 0.06
7 43 0.33 0.209
7 44 0.822 0.31
7 45 0.708 0.144
7 46 0.784 0.13
7 47 0.727 0.297
7 48 0.472 0.106
7 49 0.499 0.3
7 50 0.648 0.194
8 9 0.303 0.238
8 10 0.707 0.134
8 11 0.555 0.19
8 12 0.721 0.101
8 13 0.767 0.267
8 14 0.638 0.209
8 15 0.523 0.215
8 16 0.617 0.141
8 17 0.785 0.237
8 18 0.537 0.248
8 19 0.799 0.251
8 20 0.544 0.258
8 21 0.66 0.289
8 22 0.681 0.199
8 23 0.581 0.245
8 24 0.57 0.206
8 25 0.572 0.264
8 26 0.583 0.129
8 27 0.464 0.29
8 28 0.605 0.26
8 29 0.57 0.239
8 30 0.683 0.227
8 31 0.538 0.208
8 32 0.578 0.288
8 33 0.659 0.254
8 34 0.292 0.122
8 35 0.534 0.157
8 36 0.618 0.127
8 37 0.516 0.164
8 38 0.627 0.171
8 39 0.674 0.322
8 40 0.503 0.279
8 41 0.578 0.246
8 42 0.313 0.27
8 43 0.393 0.276
8 44 0.724 0.242
8 45 0.616 0.142
8 46 0.579 0.113
8 47 0.652 0.28
8 48 0.847 0.104
8 49 0.79 0.298
8 50 0.694 0.192
9 10 0.559 0.211
9 11 0.462 0.254
9 12 0.784 0.202
9 13 0.72 0.156
9 14 0.685 0.31
9 15 0.634 0.226
9 16 0.501 0.218
9 17 0.654 0.18
9 18 0.46 0.246
9 19 0.605 0.217
9 20 0.732 0.118
9 21 0.583 0.264
9 22 0.508 0.294
9 23 0.628 0.323
9 24 0.56 0.258
9 25 0.556 0.263
9 26 0.722 0.23
9 27 0.543 0.229
9 28 0.302 0.267
9 29 0.648 0.25
9 30 0.705 0.23
9 31 0.564 0.186
9 32 0.384 0.133
9 33 0.634 0.228
9 34 0.548 0.247
9 35 0.5 0.206
9 36 0.732 0.228
9 37 0.354 0.212
9 38 0.472 0.252
9 39 0.482 0.195
9 40 0.548 0.185
9 41 0.426 0.22
9 42 0.616 0.333
9 43 0.316 0.118
9 44 0.574 0.259
9 45 0.618 0.267
9 46 0.552 0.19
9 47 0.612 0.212
9 48 0.746 0.229
9 49 0.554 0.348
9 50 0.522 0.233
10 11 0.568 0.056
10 12 0.56 0.033
10 13 0.458 0.202
10 14 0.712 0.141
10 15 0.184 0.114
10 16 0.426 0.049
10 17 0.644 0.177
10 18 0.575 0.24
10 19 0.291 0.159
10 20 0.45 0.238
10 21 0.546 0.234
10 22 0.634 0.245
10 23 0.406 0.154
10 24 0.679 0.244
10 25 0.582 0.173
10 26 0.362 0.061
10 27 0.458 0.253
10 28 0.624 0.193
10 29 0.652 0.138
10 30 0.696 0.189
10 31 0.605 0.074
10 32 0.512 0.222
10 33 0.178 0.16
10 34 0.522 0.106
10 35 0.373 0.22
10 36 0.635 0.059
10 37 0.551 0.222
10 38 0.633 0.247
10 39 0.66 0.188
10 40 0.644 0.171
10 41 0.698 0.188
10 42 0.657 0.179
10 43 0.625 0.142
10 44 0.558 0.201
10 45 0.564 0.116
10 46 0.695 0.021
10 47 0.208 0.146
10 48 0.514 0.124
10 49 0.564 0.251
10 50 0.454 0.176
11 12 0.795 0.089
11 13 0.493 0.203
11 14 0.722 0.197
11 15 0.732 0.17
11 16 0.586 0.105
11 17 0.456 0.233
11 18 0.452 0.184
11 19 0.642 0.215
11 20 0.7 0.182
11 21 0.458 0.29
11 22 0.55 0.224
11 23 0.51 0.174
11 24 0.676 0.188
11 25 0.652 0.117
11 26 0.719 0.117
11 27 0.597 0.197
11 28 0.758 0.249
11 29 0.772 0.194
11 30 0.675 0.161
11 31 0.73 0.13
11 32 0.572 0.258
11 33 0.72 0.158
11 34 0.812 0.162
11 35 0.635 0.276
11 36 0.749 0.115
11 37 0.572 0.244
11 38 0.556 0.275
11 39 0.354 0.132
11 40 0.544 0.115
11 41 0.484 0.244
11 42 0.242 0.123
11 43 0.596 0.136
11 44 0.601 0.233
11 45 0.718 0.172
11 46 0.718 0.077
11 47 0.55 0.147
11 48 0.72 0.18
11 49 0.712 0.307
11 50 0.736 0.143
12 13 0.556 0.235
12 14 0.527 0.108
12 15 0.472 0.147
12 16 0.613 0.04
12 17 0.642 0.168
12 18 0.621 0.265
12 19 0.396 0.15
12 20 0.539 0.236
12 21 0.612 0.201
12 22 0.601 0.236
12 23 0.505 0.144
12 24 0.759 0.277
12 25 0.389 0.206
12 26 0.198 0.028
12 27 0.524 0.228
12 28 0.526 0.16
12 29 0.665 0.171
12 30 0.481 0.156
12 31 0.338 0.107
12 32 0.617 0.2
12 33 0.382 0.193
12 34 0.498 0.139
12 35 0.41 0.238
12 36 0.103 0.026
12 37 0.675 0.25
12 38 0.54 0.222
12 39 0.735 0.221
12 40 0.748 0.204
12 41 0.563 0.179
12 42 0.616 0.178
12 43 0.583 0.175
12 44 0.512 0.192
12 45 0.676 0.107
12 46 0.675 0.012
12 47 0.543 0.179
12 48 0.66 0.142
12 49 0.5 0.218
12 50 0.491 0.208
13 14 0.548 0.21
13 15 0.334 0.235
13 16 0.576 0.251
13 17 0.391 0.25
13 18 0.533 0.247
13 19 0.717 0.194
13 20 0.618 0.231
13 21 0.344 0.241
13 22 0.464 0.273
13 23 0.57 0.188
13 24 0.791 0.237
13 25 0.542 0.166
13 26 0.586 0.263
13 27 0.574 0.239
13 28 0.52 0.281
13 29 0.582 0.211
13 30 0.72 0.207
13 31 0.498 0.259
13 32 0.714 0.11
13 33 0.631 0.228
13 34 0.656 0.228
13 35 0.748 0.288
13 36 0.659 0.261
13 37 0.68 0.26
13 38 0.526 0.096
13 39 0.506 0.148
13 40 0.608 0.164
13 41 0.66 0.199
13 42 0.634 0.254
13 43 0.404 0.191
13 44 0.612 0.236
13 45 0.65 0.257
13 46 0.426 0.223
13 47 0.54 0.056
13 48 0.411 0.219
13 49 0.446 0.236
13 50 0.616 0.158
14 15 0.602 0.203
14 16 0.516 0.148
14 17 0.418 0.276
14 18 0.747 0.205
14 19 0.561 0.214
14 20 0.338 0.306
14 21 0.43 0.093
14 22 0.635 0.248
14 23 0.674 0.2
14 24 0.559 0.228
14 25 0.706 0.208
14 26 0.472 0.084
14 27 0.418 0.157
14 28 0.383 0.216
14 29 0.761 0.227
14 30 0.276 0.202
14 31 0.342 0.163
14 32 0.589 0.224
14 33 0.61 0.255
14 34 0.562 0.247
14 35 0.456 0.211
14 36 0.424 0.082
14 37 0.515 0.289
14 38 0.658 0.114
14 39 0.505 0.199
14 40 0.434 0.286
14 41 0.729 0.124
14 42 0.584 0.118
14 43 0.603 0.231
14 44 0.78 0.256
14 45 0.72 0.215
14 46 0.499 0.12
14 47 0.504 0.266
14 48 0.745 0.237
14 49 0.592 0.246
14 50 0.606 0.264
15 16 0.242 0.163
15 17 0.725 0.214
15 18 0.718 0.236
15 19 0.475 0.23
15 20 0.634 0.254
15 21 0.471 0.294
15 22 0.545 0.317
15 23 0.477 0.268
15 24 0.69 0.307
15 25 0.514 0.166
15 26 0.546 0.175
15 27 0.328 0.262
15 28 0.55 0.094
15 29 0.696 0.024
15 30 0.512 0.288
15 31 0.552 0.04
15 32 0.499 0.314
15 33 0.362 0.144
15 34 0.612 0.215
15 35 0.557 0.134
15 36 0.575 0.173
15 37 0.695 0.234
15 38 0.496 0.142
15 39 0.476 0.258
15 40 0.678 0.244
15 41 0.821 0.203
15 42 0.49 0.16
15 43 0.686 0.108
15 44 0.584 0.225
15 45 0.38 0.23
15 46 0.616 0.135
15 47 0.392 0.26
15 48 0.393 0.197
15 49 0.639 0.176
15 50 0.516 0.272
16 17 0.637 0.128
16 18 0.617 0.289
16 19 0.518 0.166
16 20 0.718 0.252
16 21 0.612 0.241
16 22 0.665 0.196
16 23 0.582 0.161
16 24 0.448 0.251
16 25 0.604 0.222
16 26 0.497 0.068
16 27 0.541 0.268
16 28 0.638 0.2
16 29 0.565 0.187
16 30 0.584 0.196
16 31 0.62 0.123
16 32 0.37 0.181
16 33 0.604 0.209
16 34 0.564 0.155
16 35 0.72 0.208
16 36 0.69 0.066
16 37 0.558 0.21
16 38 0.57 0.242
16 39 0.433 0.237
16 40 0.436 0.22
16 41 0.579 0.139
16 42 0.732 0.218
16 43 0.542 0.191
16 44 0.342 0.208
16 45 0.608 0.123
16 46 0.398 0.028
16 47 0.502 0.195
16 48 0.464 0.158
16 49 0.573 0.248
16 50 0.528 0.225
17 18 0.56 0.166
17 19 0.353 0.224
17 20 0.509 0.176
17 21 0.604 0.273
17 22 0.651 0.324
17 23 0.368 0.289
17 24 0.592 0.312
17 25 0.503 0.321
17 26 0.654 0.196
17 27 0.434 0.313
17 28 0.496 0.163
17 29 0.476 0.19
17 30 0.654 0.239
17 31 0.497 0.251
17 32 0.56 0.142
17 33 0.47 0.172
17 34 0.807 0.237
17 35 0.722 0.08
17 36 0.738 0.194
17 37 0.3 0.082
17 38 0.792 0.342
17 39 0.763 0.365
17 40 0.803 0.243
17 41 0.55 0.267
17 42 0.478 0.253
17 43 0.704 0.294
17 44 0.77 0.182
17 45 0.536 0.251
17 46 0.4 0.156
17 47 0.684 0.294
17 48 0.613 0.219
17 49 0.256 0.194
17 50 0.76 0.307
18 19 0.284 0.224
18 20 0.604 0.178
18 21 0.411 0.28
18 22 0.456 0.301
18 23 0.6 0.315
18 24 0.355 0.294
18 25 0.276 0.184
18 26 0.74 0.289
18 27 0.673 0.318
18 28 0.678 0.329
18 29 0.52 0.26
18 30 0.68 0.308
18 31 0.697 0.196
18 32 0.505 0.212
18 33 0.563 0.174
18 34 0.602 0.271
18 35 0.547 0.246
18 36 0.562 0.287
18 37 0.326 0.084
18 38 0.624 0.245
18 39 0.668 0.278
18 40 0.828 0.245
18 41 0.4 0.329
18 42 0.476 0.087
18 43 0.144 0.128
18 44 0.48 0.232
18 45 0.717 0.291
18 46 0.61 0.261
18 47 0.631 0.238
18 48 0.712 0.253
18 49 0.488 0.36
18 50 0.472 0.29
19 20 0.522 0.227
19 21 0.45 0.215
19 22 0.573 0.269
19 23 0.697 0.271
19 24 0.639 0.233
19 25 0.56 0.238
19 26 0.456 0.178
19 27 0.392 0.255
19 28 0.615 0.276
19 29 0.538 0.206
19 30 0.498 0.181
19 31 0.511 0.233
19 32 0.221 0.084
19 33 0.469 0.298
19 34 0.801 0.265
19 35 0.62 0.304
19 36 0.385 0.176
19 37 0.61 0.208
19 38 0.686 0.29
19 39 0.41 0.196
19 40 0.792 0.16
19 41 0.582 0.19
19 42 0.76 0.295
19 43 0.428 0.301
19 44 0.598 0.042
19 45 0.742 0.233
19 46 0.753 0.138
19 47 0.454 0.25
19 48 0.691 0.268
19 49 0.609 0.308
19 50 0.745 0.264
20 21 0.64 0.29
20 22 0.539 0.176
20 23 0.7 0.307
20 24 0.528 0.14
20 25 0.512 0.145
20 26 0.456 0.264
20 27 0.663 0.225
20 28 0.554 0.339
20 29 0.635 0.278
20 30 0.601 0.189
20 31 0.582 0.214
20 32 0.492 0.251
20 33 0.272 0.11
20 34 0.469 0.207
20 35 0.407 0.256
20 36 0.436 0.262
20 37 0.426 0.094
20 38 0.634 0.29
20 39 0.65 0.297
20 40 0.556 0.067
20 41 0.568 0.252
20 42 0.462 0.216
20 43 0.46 0.236
20 44 0.442 0.185
20 45 0.755 0.263
20 46 0.664 0.224
20 47 0.57 0.175
20 48 0.608 0.225
20 49 0.422 0.275
20 50 0.268 0.137
21 22 0.338 0.252
21 23 0.536 0.293
21 24 0.674 0.263
21 25 0.612 0.301
21 26 0.552 0.177
21 27 0.541 0.25
21 28 0.447 0.269
21 29 0.692 0.27
21 30 0.706 0.228
21 31 0.702 0.256
21 32 0.37 0.131
21 33 0.368 0.2
21 34 0.786 0.312
21 35 0.67 0.304
21 36 0.715 0.175
21 37 0.57 0.196
21 38 0.747 0.207
21 39 0.655 0.292
21 40 0.634 0.336
21 41 0.502 0.159
21 42 0.542 0.211
21 43 0.267 0.248
21 44 0.518 0.257
21 45 0.688 0.256
21 46 0.589 0.213
21 47 0.754 0.25
21 48 0.422 0.294
21 49 0.498 0.198
21 50 0.663 0.357
22 23 0.467 0.278
22 24 0.811 0.156
22 25 0.274 0.187
22 26 0.403 0.264
22 27 0.217 0.091
22 28 0.378 0.223
22 29 0.571 0.293
22 30 0.733 0.231
22 31 0.524 0.313
22 32 0.388 0.256
22 33 0.456 0.233
22 34 0.522 0.2
22 35 0.597 0.296
22 36 0.56 0.262
22 37 0.444 0.251
22 38 0.626 0.276
22 39 0.595 0.299
22 40 0.372 0.109
22 41 0.694 0.214
22 42 0.564 0.283
22 43 0.438 0.266
22 44 0.717 0.227
22 45 0.752 0.256
22 46 0.514 0.224
22 47 0.467 0.217
22 48 0.714 0.218
22 49 0.694 0.317
22 50 0.705 0.213
23 24 0.656 0.204
23 25 0.63 0.242
23 26 0.703 0.116
23 27 0.684 0.315
23 28 0.328 0.252
23 29 0.752 0.292
23 30 0.626 0.286
23 31 0.652 0.228
23 32 0.547 0.264
23 33 0.584 0.287
23 34 0.439 0.213
23 35 0.628 0.334
23 36 0.402 0.118
23 37 0.274 0.267
23 38 0.582 0.284
23 39 0.801 0.306
23 40 0.453 0.24
23 41 0.556 0.3
23 42 0.268 0.228
23 43 0.69 0.296
23 44 0.618 0.313
23 45 0.543 0.228
23 46 0.606 0.133
23 47 0.614 0.132
23 48 0.266 0.195
23 49 0.538 0.31
23 50 0.473 0.268
24 25 0.631 0.151
24 26 0.662 0.305
24 27 0.618 0.231
24 28 0.47 0.234
24 29 0.738 0.301
24 30 0.361 0.176
24 31 0.601 0.267
24 32 0.74 0.273
24 33 0.8 0.238
24 34 0.589 0.206
24 35 0.508 0.232
24 36 0.656 0.303
24 37 0.589 0.234
24 38 0.48 0.215
24 39 0.65 0.303
24 40 0.681 0.073
24 41 0.588 0.112
24 42 0.434 0.304
24 43 0.499 0.32
24 44 0.414 0.191
24 45 0.75 0.262
24 46 0.748 0.265
24 47 0.471 0.181
24 48 0.608 0.224
24 49 0.708 0.281
24 50 0.268 0.136
25 26 0.476 0.234
25 27 0.491 0.134
25 28 0.546 0.26
25 29 0.551 0.19
25 30 0.634 0.124
25 31 0.508 0.126
25 32 0.662 0.221
25 33 0.404 0.23
25 34 0.46 0.176
25 35 0.72 0.299
25 36 0.286 0.232
25 37 0.48 0.239
25 38 0.522 0.158
25 39 0.476 0.232
25 40 0.602 0.078
25 41 0.646 0.165
25 42 0.564 0.24
25 43 0.42 0.194
25 44 0.702 0.196
25 45 0.478 0.198
25 46 0.779 0.194
25 47 0.454 0.11
25 48 0.44 0.16
25 49 0.42 0.248
25 50 0.581 0.106
26 27 0.491 0.241
26 28 0.532 0.136
26 29 0.691 0.199
26 30 0.404 0.184
26 31 0.297 0.135
26 32 0.618 0.228
26 33 0.184 0.171
26 34 0.654 0.167
26 35 0.608 0.266
26 36 0.301 0.002
26 37 0.597 0.261
26 38 0.714 0.198
26 39 0.537 0.249
26 40 0.775 0.232
26 41 0.704 0.207
26 42 0.477 0.202
26 43 0.631 0.203
26 44 0.314 0.214
26 45 0.615 0.135
26 46 0.542 0.04
26 47 0.416 0.207
26 48 0.462 0.17
26 49 0.544 0.194
26 50 0.443 0.184
27 28 0.565 0.314
27 29 0.506 0.286
27 30 0.62 0.204
27 31 0.368 0.222
27 32 0.171 0.171
27 33 0.636 0.324
27 34 0.58 0.24
27 35 0.614 0.368
27 36 0.627 0.239
27 37 0.509 0.313
27 38 0.438 0.185
27 39 0.518 0.208
27 40 0.589 0.158
27 41 0.755 0.26
27 42 0.752 0.275
27 43 0.54 0.29
27 44 0.556 0.276
27 45 0.604 0.296
27 46 0.55 0.24
27 47 0.25 0.183
27 48 0.641 0.258
27 49 0.639 0.366
27 50 0.633 0.186
28 29 0.606 0.07
28 30 0.659 0.216
28 31 0.389 0.134
28 32 0.394 0.305
28 33 0.446 0.238
28 34 0.7 0.24
28 35 0.73 0.18
28 36 0.43 0.134
28 37 0.578 0.245
28 38 0.634 0.236
28 39 0.653 0.352
28 40 0.75 0.298
28 41 0.728 0.297
28 42 0.516 0.254
28 43 0.554 0.202
28 44 0.779 0.318
28 45 0.494 0.267
28 46 0.502 0.172
28 47 0.641 0.337
28 48 0.594 0.258
28 49 0.451 0.222
28 50 0.656 0.31
29 30 0.707 0.286
29 31 0.742 0.064
29 32 0.665 0.29
29 33 0.666 0.168
29 34 0.734 0.239
29 35 0.344 0.11
29 36 0.562 0.197
29 37 0.776 0.258
29 38 0.824 0.166
29 39 0.62 0.282
29 40 0.327 0.228
29 41 0.641 0.227
29 42 0.53 0.184
29 43 0.425 0.132
29 44 0.836 0.248
29 45 0.708 0.254
29 46 0.496 0.159
29 47 0.756 0.267
29 48 0.799 0.221
29 49 0.694 0.152
29 50 0.758 0.296
30 31 0.578 0.25
30 32 0.719 0.097
30 33 0.588 0.282
30 34 0.794 0.22
30 35 0.732 0.262
30 36 0.584 0.182
30 37 0.354 0.268
30 38 0.669 0.282
30 39 0.781 0.276
30 40 0.68 0.122
30 41 0.522 0.267
30 42 0.795 0.284
30 43 0.746 0.297
30 44 0.718 0.223
30 45 0.444 0.247
30 46 0.424 0.168
30 47 0.532 0.154
30 48 0.469 0.209
30 49 0.528 0.24
30 50 0.629 0.15
31 32 0.539 0.296
31 33 0.427 0.104
31 34 0.646 0.18
31 35 0.57 0.174
31 36 0.441 0.133
31 37 0.717 0.194
31 38 0.484 0.182
31 39 0.63 0.218
31 40 0.658 0.204
31 41 0.522 0.163
31 42 0.488 0.2
31 43 0.553 0.068
31 44 0.586 0.208
31 45 0.712 0.19
31 46 0.796 0.095
31 47 0.454 0.22
31 48 0.52 0.198
31 49 0.496 0.216
31 50 0.706 0.232
32 33 0.636 0.306
32 34 0.58 0.266
32 35 0.443 0.222
32 36 0.541 0.226
32 37 0.637 0.224
32 38 0.6 0.206
32 39 0.631 0.258
32 40 0.76 0.219
32 41 0.653 0.17
32 42 0.645 0.211
32 43 0.637 0.251
32 44 0.385 0.126
32 45 0.775 0.286
32 46 0.632 0.209
32 47 0.421 0.166
32 48 0.47 0.248
32 49 0.7 0.279
32 50 0.63 0.247
33 34 0.47 0.19
33 35 0.551 0.188
33 36 0.485 0.173
33 37 0.492 0.09
33 38 0.736 0.286
33 39 0.662 0.29
33 40 0.623 0.177
33 41 0.52 0.267
33 42 0.552 0.261
33 43 0.447 0.172
33 44 0.498 0.256
33 45 0.51 0.21
33 46 0.655 0.181
33 47 0.386 0.222
33 48 0.336 0.172
33 49 0.386 0.246
33 50 0.54 0.247
34 35 0.718 0.157
34 36 0.568 0.165
34 37 0.713 0.201
34 38 0.694 0.141
34 39 0.7 0.252
34 40 0.586 0.174
34 41 0.506 0.224
34 42 0.605 0.184
34 43 0.685 0.214
34 44 0.488 0.286
34 45 0.642 0.056
34 46 0.542 0.127
34 47 0.614 0.206
34 48 0.672 0.018
34 49 0.74 0.212
34 50 0.671 0.07
35 36 0.513 0.264
35 37 0.708 0.162
35 38 0.483 0.262
35 39 0.703 0.364
35 40 0.482 0.305
35 41 0.425 0.242
35 42 0.393 0.272
35 43 0.403 0.242
35 44 0.758 0.262
35 45 0.826 0.177
35 46 0.322 0.236
35 47 0.542 0.282
35 48 0.602 0.139
35 49 0.777 0.262
35 50 0.414 0.227
36 37 0.676 0.263
36 38 0.622 0.196
36 39 0.712 0.247
36 40 0.814 0.23
36 41 0.58 0.205
36 42 0.576 0.2
36 43 0.662 0.201
36 44 0.53 0.216
36 45 0.676 0.133
36 46 0.572 0.038
36 47 0.44 0.205
36 48 0.668 0.168
36 49 0.603 0.192
36 50 0.388 0.182
37 38 0.662 0.313
37 39 0.754 0.354
37 40 0.55 0.161
37 41 0.726 0.338
37 42 0.542 0.171
37 43 0.47 0.212
37 44 0.776 0.166
37 45 0.676 0.228
37 46 0.594 0.238
37 47 0.458 0.262
37 48 0.54 0.19
37 49 0.556 0.276
37 50 0.638 0.231
38 39 0.764 0.244
38 40 0.57 0.236
38 41 0.642 0.103
38 42 0.314 0.158
38 43 0.48 0.25
38 44 0.4 0.264
38 45 0.713 0.161
38 46 0.622 0.234
38 47 0.592 0.152
38 48 0.4 0.123
38 49 0.744 0.317
38 50 0.469 0.211
39 40 0.478 0.23
39 41 0.702 0.323
39 42 0.596 0.255
39 43 0.524 0.15
39 44 0.364 0.238
39 45 0.364 0.304
39 46 0.723 0.209
39 47 0.52 0.204
39 48 0.535 0.27
39 49 0.73 0.384
39 50 0.382 0.182
40 41 0.433 0.185
40 42 0.721 0.238
40 43 0.689 0.251
40 44 0.778 0.118
40 45 0.602 0.23
40 46 0.804 0.192
40 47 0.436 0.108
40 48 0.472 0.192
40 49 0.748 0.208
40 50 0.762 0.104
41 42 0.599 0.242
41 43 0.256 0.208
41 44 0.748 0.232
41 45 0.69 0.244
41 46 0.722 0.167
41 47 0.543 0.255
41 48 0.822 0.206
41 49 0.624 0.237
41 50 0.469 0.202
42 43 0.62 0.215
42 44 0.531 0.272
42 45 0.776 0.204
42 46 0.715 0.19
42 47 0.54 0.27
42 48 0.534 0.166
42 49 0.702 0.336
42 50 0.572 0.254
43 44 0.624 0.276
43 45 0.633 0.234
43 46 0.466 0.163
43 47 0.487 0.247
43 48 0.689 0.196
43 49 0.632 0.284
43 50 0.616 0.279
44 45 0.728 0.275
44 46 0.506 0.18
44 47 0.531 0.226
44 48 0.776 0.304
44 49 0.57 0.266
44 50 0.682 0.222
45 46 0.868 0.095
45 47 0.667 0.262
45 48 0.773 0.038
45 49 0.609 0.232
45 50 0.746 0.126
46 47 0.682 0.167
46 48 0.776 0.13
46 49 0.47 0.23
46 50 0.632 0.197
47 48 0.694 0.224
47 49 0.693 0.292
47 50 0.482 0.136
48 49 0.357 0.194
48 50 0.739 0.088
49 50 0.63 0.282
node_demand
0.075
0.125
0.225
0.225
0.125
0.125
0.175
0.175
0.225
0.1
0.15
0.175
0.125
0.1
0.1
0.125
0.05
0.125
0.1
0.025
0.025
0.05
0.2
0.125
0.175
0.15
0.2
0.1
0.1
0.175
0.175
0.075
0.1
0.15
0.025
0.125
0.2
0.075
0.05
0.225
0.05
0.175
0.175
0.2
0.075
0.025
0.025
0.125
0.025
0.15
