50
0 1 0.521 0.307
0 2 0.398 0.232
0 3 0.79 0.27
0 4 0.847 0.124
0 5 0.602 0.297
0 6 0.458 0.204
0 7 0.378 0.265
0 8 0.413 0.304
0 9 0.541 0.32
0 10 0.755 0.268
0 11 0.682 0.264
0 12 0.595 0.288
0 13 0.644 0.268
0 14 0.422 0.218
0 15 0.516 0.178
0 16 0.735 0.209
0 17 0.554 0.241
0 18 0.624 0.29
0 19 0.759 0.295
0 20 0.728 0.273
0 21 0.714 0.314
0 22 0.68 0.322
0 23 0.49 0.242
0 24 0.666 0.311
0 25 0.248 0.222
0 26 0.422 0.278
0 27 0.698 0.168
0 28 0.764 0.086
0 29 0.66 0.248
0 30 0.351 0.216
0 31 0.465 0.272
0 32 0.671 0.288
0 33 0.534 0.232
0 34 0.643 0.185
0 35 0.54 0.268
0 36 0.624 0.239
0 37 0.677 0.269
0 38 0.494 0.235
0 39 0.704 0.153
0 40 0.673 0.307
0 41 0.61 0.273
0 42 0.642 0.198
0 43 0.664 0.247
0 44 0.587 0.283
0 45 0.703 0.313
0 46 0.476 0.172
0 47 0.214 0.118
0 48 0.75 0.113
0 49 0.664 0.272
0 50 0.647 0.309
1 2 0.679 0.273
1 3 0.71 0.21
1 4 0.781 0.372
1 5 0.651 0.275
1 6 0.69 0.238
1 7 0.382 0.285
1 8 0.374 0.208
1 9 0.33 0.213
1 10 0.394 0.286
1 11 0.554 0.262
1 12 0.556 0.15
1 13 0.636 0.22
1 14 0.492 0.325
1 15 0.677 0.258
1 16 0.57 0.243
1 17 0.563 0.154
1 18 0.638 0.225
1 19 0.65 0.234
1 20 0.575 0.269
1 21 0.762 0.279
1 22 0.37 0.221
1 23 0.46 0.177
1 24 0.583 0.148
1 25 0.623 0.24
1 26 0.658 0.156
1 27 0.694 0.192
1 28 0.316 0.268
1 29 0.449 0.276
1 30 0.465 0.202
1 31 0.466 0.109
1 32 0.402 0.148
1 33 0.8 0.128
1 34 0.456 0.215
1 35 0.644 0.135
1 36 0.67 0.222
1 37 0.751 0.29
1 38 0.812 0.072
1 39 0.648 0.215
1 40 0.414 0.152
1 41 0.376 0.208
1 42 0.609 0.273
1 43 0.76 0.084
1 44 0.584 0.128
1 45 0.228 0.162
1 46 0.712 0.284
1 47 0.546 0.189
1 48 0.714 0.282
1 49 0.657 0.244
1 50 0.369 0.324
2 3 0.564 0.298
2 4 0.691 0.244
2 5 0.554 0.287
2 6 0.43 0.228
2 7 0.558 0.289
2 8 0.534 0.193
2 9 0.79 0.313
2 10 0.579 0.278
2 11 0.675 0.33
2 12 0.621 0.123
2 13 0.602 0.212
2 14 0.706 0.362
2 15 0.712 0.356
2 16 0.61 0.334
2 17 0.723 0.242
2 18 0.66 0.316
2 19 0.535 0.268
2 20 0.477 0.152
2 21 0.674 0.082
2 22 0.439 0.325
2 23 0.58 0.268
2 24 0.527 0.306
2 25 0.615 0.301
2 26 0.542 0.188
2 27 0.35 0.243
2 28 0.514 0.146
2 29 0.376 0.12
2 30 0.707 0.352
2 31 0.712 0.267
2 32 0.508 0.303
2 33 0.756 0.234
2 34 0.671 0.297
2 35 0.276 0.226
2 36 0.238 0.236
2 37 0.672 0.331
2 38 0.493 0.254
2 39 0.74 0.198
2 40 0.558 0.222
2 41 0.668 0.299
2 42 0.694 0.254
2 43 0.568 0.242
2 44 0.465 0.198
2 45 0.484 0.318
2 46 0.843 0.308
2 47 0.452 0.35
2 48 0.632 0.294
2 49 0.353 0.236
2 50 0.31 0.24
3 4 0.738 0.3
3 5 0.658 0.255
3 6 0.781 0.246
3 7 0.796 0.284
3 8 0.56 0.188
3 9 0.518 0.286
3 10 0.399 0.207
3 11 0.603 0.212
3 12 0.533 0.19
3 13 0.516 0.273
3 14 0.638 0.327
3 15 0.812 0.196
3 16 0.558 0.17
3 17 0.381 0.056
3 18 0.632 0.209
3 19 0.795 0.241
3 20 0.544 0.21
3 21 0.766 0.302
3 22 0.439 0.21
3 23 0.714 0.176
3 24 0.602 0.256
3 25 0.673 0.226
3 26 0.482 0.212
3 27 0.48 0.102
3 28 0.558 0.356
3 29 0.559 0.178
3 30 0.504 0.097
3 31 0.72 0.198
3 32 0.634 0.086
3 33 0.796 0.166
3 34 0.455 0.232
3 35 0.599 0.218
3 36 0.72 0.28
3 37 0.86 0.277
3 38 0.708 0.222
3 39 0.714 0.322
3 40 0.53 0.218
3 41 0.59 0.207
3 42 0.559 0.269
3 43 0.77 0.21
3 44 0.728 0.194
3 45 0.482 0.142
3 46 0.719 0.222
3 47 0.75 0.228
3 48 0.616 0.184
3 49 0.681 0.297
3 50 0.538 0.3
4 5 0.738 0.303
4 6 0.571 0.161
4 7 0.662 0.293
4 8 0.584 0.324
4 9 0.811 0.329
4 10 0.482 0.299
4 11 0.418 0.302
4 12 0.402 0.345
4 13 0.74 0.256
4 14 0.434 0.28
4 15 0.331 0.274
4 16 0.596 0.176
4 17 0.676 0.246
4 18 0.51 0.246
4 19 0.628 0.176
4 20 0.515 0.156
4 21 0.76 0.298
4 22 0.71 0.278
4 23 0.666 0.294
4 24 0.498 0.352
4 25 0.608 0.344
4 26 0.452 0.272
4 27 0.708 0.292
4 28 0.622 0.21
4 29 0.389 0.124
4 30 0.59 0.32
4 31 0.565 0.288
4 32 0.564 0.307
4 33 0.478 0.318
4 34 0.742 0.23
4 35 0.74 0.284
4 36 0.607 0.32
4 37 0.638 0.362
4 38 0.575 0.3
4 39 0.777 0.268
4 40 0.367 0.268
4 41 0.557 0.272
4 42 0.629 0.302
4 43 0.528 0.288
4 44 0.354 0.244
4 45 0.583 0.332
4 46 0.67 0.296
4 47 0.81 0.242
4 48 0.249 0.237
4 49 0.723 0.232
4 50 0.669 0.246
5 6 0.636 0.249
5 7 0.552 0.382
5 8 0.54 0.234
5 9 0.596 0.353
5 10 0.55 0.304
5 11 0.32 0.291
5 12 0.358 0.164
5 13 0.63 0.238
5 14 0.36 0.306
5 15 0.768 0.294
5 16 0.443 0.254
5 17 0.439 0.199
5 18 0.609 0.203
5 19 0.391 0.302
5 20 0.484 0.32
5 21 0.672 0.341
5 22 0.556 0.235
5 23 0.346 0.155
5 24 0.608 0.311
5 25 0.534 0.314
5 26 0.706 0.286
5 27 0.742 0.229
5 28 0.63 0.382
5 29 0.61 0.288
5 30 0.586 0.315
5 31 0.614 0.222
5 32 0.26 0.184
5 33 0.572 0.266
5 34 0.48 0.241
5 35 0.512 0.197
5 36 0.564 0.174
5 37 0.7 0.302
5 38 0.67 0.259
5 39 0.646 0.144
5 40 0.474 0.315
5 41 0.676 0.186
5 42 0.534 0.209
5 43 0.618 0.247
5 44 0.553 0.291
5 45 0.434 0.113
5 46 0.71 0.296
5 47 0.388 0.308
5 48 0.864 0.294
5 49 0.713 0.214
5 50 0.505 0.3
6 7 0.69 0.213
6 8 0.69 0.247
6 9 0.36 0.204
6 10 0.661 0.247
6 11 0.796 0.277
6 12 0.599 0.264
6 13 0.532 0.188
6 14 0.276 0.134
6 15 0.76 0.273
6 16 0.64 0.24
6 17 0.673 0.23
6 18 0.706 0.266
6 19 0.574 0.269
6 20 0.438 0.076
6 21 0.584 0.219
6 22 0.438 0.298
6 23 0.666 0.218
6 24 0.635 0.242
6 25 0.45 0.235
6 26 0.528 0.25
6 27 0.498 0.144
6 28 0.654 0.29
6 29 0.496 0.108
6 30 0.342 0.18
6 31 0.645 0.203
6 32 0.727 0.251
6 33 0.476 0.208
6 34 0.683 0.069
6 35 0.616 0.229
6 36 0.668 0.252
6 37 0.656 0.328
6 38 0.214 0.166
6 39 0.425 0.252
6 40 0.395 0.243
6 41 0.52 0.244
6 42 0.576 0.141
6 43 0.525 0.178
6 44 0.404 0.222
6 45 0.606 0.197
6 46 0.596 0.284
6 47 0.612 0.136
6 48 0.691 0.226
6 49 0.368 0.164
6 50 0.694 0.23
7 8 0.448 0.317
7 9 0.38 0.32
7 10 0.58 0.22
7 11 0.46 0.168
7 12 0.476 0.375
7 13 0.726 0.286
7 14 0.721 0.283
7 15 0.706 0.284
7 16 0.466 0.197
7 17 0.637 0.259
7 18 0.566 0.209
7 19 0.756 0.33
7 20 0.538 0.137
7 21 0.615 0.364
7 22 0.63 0.241
7 23 0.44 0.257
7 24 0.58 0.282
7 25 0.579 0.362
7 26 0.404 0.278
7 27 0.474 0.331
7 28 0.698 0.351
7 29 0.412 0.169
7 30 0.729 0.321
7 31 0.586 0.297
7 32 0.293 0.198
7 33 0.66 0.32
7 34 0.72 0.214
7 35 0.748 0.297
7 36 0.574 0.33
7 37 0.432 0.339
7 38 0.642 0.264
7 39 0.654 0.313
7 40 0.295 0.226
7 41 0.654 0.288
7 42 0.715 0.211
7 43 0.651 0.276
7 44 0.567 0.25
7 45 0.381 0.269
7 46 0.651 0.26
7 47 0.164 0.147
7 48 0.657 0.293
7 49 0.686 0.31
7 50 0.534 0.291
8 9 0.619 0.12
8 10 0.768 0.222
8 11 0.5 0.242
8 12 0.182 0.07
8 13 0.56 0.159
8 14 0.447 0.286
8 15 0.558 0.226
8 16 0.322 0.233
8 17 0.189 0.132
8 18 0.626 0.267
8 19 0.534 0.304
8 20 0.553 0.286
8 21 0.664 0.275
8 22 0.49 0.277
8 23 0.602 0.227
8 24 0.48 0.188
8 25 0.515 0.192
8 26 0.658 0.052
8 27 0.6 0.162
8 28 0.645 0.277
8 29 0.679 0.254
8 30 0.526 0.218
8 31 0.372 0.149
8 32 0.484 0.176
8 33 0.426 0.098
8 34 0.388 0.178
8 35 0.642 0.199
8 36 0.651 0.214
8 37 0.563 0.138
8 38 0.476 0.136
8 39 0.548 0.279
8 40 0.649 0.104
8 41 0.395 0.196
8 42 0.394 0.106
8 43 0.44 0.124
8 44 0.377 0.08
8 45 0.524 0.218
8 46 0.527 0.22
8 47 0.612 0.245
8 48 0.688 0.191
8 49 0.703 0.183
8 50 0.743 0.314
9 10 0.528 0.28
9 11 0.753 0.332
9 12 0.634 0.19
9 13 0.793 0.214
9 14 0.467 0.231
9 15 0.625 0.339
9 16 0.668 0.335
9 17 0.43 0.252
9 18 0.616 0.306
9 19 0.524 0.298
9 20 0.548 0.237
9 21 0.545 0.379
9 22 0.504 0.338
9 23 0.778 0.258
9 24 0.727 0.229
9 25 0.293 0.13
9 26 0.784 0.15
9 27 0.618 0.184
9 28 0.646 0.285
9 29 0.422 0.205
9 30 0.702 0.27
9 31 0.399 0.152
9 32 0.647 0.23
9 33 0.77 0.196
9 34 0.418 0.135
9 35 0.628 0.241
9 36 0.67 0.256
9 37 0.771 0.258
9 38 0.498 0.178
9 39 0.666 0.334
9 40 0.561 0.098
9 41 0.454 0.238
9 42 0.571 0.207
9 43 0.698 0.166
9 44 0.764 0.122
9 45 0.558 0.24
9 46 0.521 0.294
9 47 0.544 0.202
9 48 0.705 0.239
9 49 0.605 0.238
9 50 0.583 0.327
10 11 0.63 0.052
10 12 0.618 0.155
10 13 0.384 0.066
10 14 0.385 0.304
10 15 0.701 0.264
10 16 0.732 0.178
10 17 0.772 0.239
10 18 0.419 0.174
10 19 0.677 0.358
10 20 0.615 0.236
10 21 0.474 0.196
10 22 0.31 0.206
10 23 0.422 0.157
10 24 0.342 0.166
10 25 0.559 0.265
10 26 0.396 0.17
10 27 0.636 0.231
10 28 0.358 0.302
10 29 0.511 0.268
10 30 0.704 0.214
10 31 0.856 0.227
10 32 0.631 0.178
10 33 0.71 0.216
10 34 0.473 0.178
10 35 0.686 0.199
10 36 0.51 0.13
10 37 0.842 0.344
10 38 0.472 0.214
10 39 0.442 0.186
10 40 0.614 0.182
10 41 0.39 0.126
10 42 0.518 0.188
10 43 0.394 0.202
10 44 0.562 0.158
10 45 0.622 0.249
10 46 0.434 0.096
10 47 0.68 0.245
10 48 0.65 0.228
10 49 0.595 0.09
10 50 0.269 0.218
11 12 0.677 0.207
11 13 0.478 0.118
11 14 0.68 0.294
11 15 0.544 0.236
11 16 0.178 0.126
11 17 0.446 0.187
11 18 0.747 0.226
11 19 0.711 0.341
11 20 0.615 0.276
11 21 0.55 0.248
11 22 0.6 0.258
11 23 0.516 0.209
11 24 0.288 0.114
11 25 0.722 0.213
11 26 0.62 0.222
11 27 0.596 0.268
11 28 0.555 0.35
11 29 0.683 0.244
11 30 0.476 0.197
11 31 0.354 0.203
11 32 0.167 0.126
11 33 0.573 0.204
11 34 0.471 0.208
11 35 0.512 0.234
11 36 0.579 0.182
11 37 0.462 0.377
11 38 0.582 0.19
11 39 0.64 0.238
11 40 0.632 0.234
11 41 0.616 0.178
11 42 0.318 0.136
11 43 0.525 0.178
11 44 0.49 0.21
11 45 0.341 0.197
11 46 0.501 0.092
11 47 0.468 0.275
11 48 0.667 0.221
11 49 0.591 0.142
11 50 0.597 0.27
12 13 0.456 0.089
12 14 0.588 0.356
12 15 0.613 0.296
12 16 0.504 0.303
12 17 0.371 0.202
12 18 0.474 0.197
12 19 0.624 0.32
12 20 0.675 0.259
12 21 0.767 0.205
12 22 0.308 0.21
12 23 0.574 0.194
12 24 0.549 0.21
12 25 0.414 0.262
12 26 0.5 0.122
12 27 0.479 0.12
12 28 0.463 0.269
12 29 0.549 0.243
12 30 0.517 0.287
12 31 0.554 0.219
12 32 0.516 0.246
12 33 0.524 0.168
12 34 0.531 0.226
12 35 0.46 0.225
12 36 0.469 0.153
12 37 0.745 0.208
12 38 0.658 0.206
12 39 0.5 0.209
12 40 0.467 0.174
12 41 0.577 0.207
12 42 0.378 0.176
12 43 0.451 0.194
12 44 0.195 0.15
12 45 0.342 0.277
12 46 0.642 0.185
12 47 0.64 0.293
12 48 0.506 0.212
12 49 0.765 0.113
12 50 0.587 0.329
13 14 0.717 0.305
13 15 0.574 0.224
13 16 0.656 0.242
13 17 0.481 0.261
13 18 0.49 0.108
13 19 0.572 0.316
13 20 0.467 0.17
13 21 0.563 0.262
13 22 0.694 0.14
13 23 0.424 0.149
13 24 0.644 0.2
13 25 0.702 0.204
13 26 0.594 0.12
13 27 0.252 0.209
13 28 0.646 0.289
13 29 0.458 0.202
13 30 0.566 0.22
13 31 0.584 0.161
13 32 0.645 0.2
13 33 0.646 0.166
13 34 0.627 0.244
13 35 0.838 0.136
13 36 0.384 0.064
13 37 0.858 0.278
13 38 0.422 0.148
13 39 0.628 0.12
13 40 0.596 0.116
13 41 0.57 0.118
13 42 0.64 0.254
13 43 0.766 0.136
13 44 0.51 0.092
13 45 0.534 0.202
13 46 0.818 0.096
13 47 0.614 0.214
13 48 0.731 0.19
13 49 0.309 0.024
13 50 0.635 0.24
14 15 0.5 0.25
14 16 0.594 0.306
14 17 0.56 0.271
14 18 0.557 0.258
14 19 0.698 0.392
14 20 0.714 0.21
14 21 0.579 0.353
14 22 0.526 0.29
14 23 0.412 0.21
14 24 0.608 0.18
14 25 0.174 0.101
14 26 0.772 0.241
14 27 0.465 0.239
14 28 0.684 0.256
14 29 0.682 0.242
14 30 0.618 0.314
14 31 0.606 0.258
14 32 0.548 0.321
14 33 0.652 0.27
14 34 0.569 0.203
14 35 0.713 0.252
14 36 0.551 0.318
14 37 0.578 0.318
14 38 0.49 0.253
14 39 0.405 0.306
14 40 0.568 0.237
14 41 0.562 0.241
14 42 0.656 0.275
14 43 0.68 0.244
14 44 0.424 0.213
14 45 0.498 0.33
14 46 0.388 0.296
14 47 0.557 0.136
14 48 0.683 0.21
14 49 0.59 0.298
14 50 0.573 0.364
15 16 0.504 0.2
15 17 0.7 0.171
15 18 0.44 0.136
15 19 0.476 0.37
15 20 0.458 0.285
15 21 0.5 0.274
15 22 0.542 0.168
15 23 0.747 0.184
15 24 0.735 0.311
15 25 0.674 0.33
15 26 0.783 0.246
15 27 0.686 0.258
15 28 0.468 0.264
15 29 0.584 0.293
15 30 0.654 0.248
15 31 0.6 0.222
15 32 0.566 0.11
15 33 0.634 0.291
15 34 0.451 0.204
15 35 0.436 0.226
15 36 0.662 0.257
15 37 0.738 0.329
15 38 0.796 0.254
15 39 0.55 0.331
15 40 0.69 0.242
15 41 0.845 0.215
15 42 0.298 0.146
15 43 0.674 0.247
15 44 0.418 0.218
15 45 0.728 0.181
15 46 0.635 0.168
15 47 0.542 0.137
15 48 0.58 0.231
15 49 0.392 0.2
15 50 0.432 0.31
16 17 0.362 0.114
16 18 0.69 0.134
16 19 0.558 0.278
16 20 0.632 0.256
16 21 0.47 0.252
16 22 0.422 0.166
16 23 0.64 0.15
16 24 0.466 0.235
16 25 0.551 0.205
16 26 0.558 0.191
16 27 0.636 0.209
16 28 0.662 0.295
16 29 0.632 0.236
16 30 0.654 0.246
16 31 0.532 0.208
16 32 0.345 0.175
16 33 0.395 0.145
16 34 0.611 0.253
16 35 0.334 0.108
16 36 0.68 0.222
16 37 0.591 0.263
16 38 0.714 0.171
16 39 0.48 0.324
16 40 0.454 0.243
16 41 0.659 0.181
16 42 0.496 0.181
16 43 0.703 0.183
16 44 0.464 0.219
16 45 0.408 0.2
16 46 0.323 0.184
16 47 0.547 0.258
16 48 0.602 0.096
16 49 0.565 0.266
16 50 0.48 0.358
17 18 0.516 0.186
17 19 0.723 0.297
17 20 0.589 0.154
17 21 0.632 0.246
17 22 0.679 0.154
17 23 0.742 0.212
17 24 0.543 0.24
17 25 0.566 0.17
17 26 0.508 0.184
17 27 0.474 0.158
17 28 0.702 0.325
17 29 0.66 0.122
17 30 0.586 0.153
17 31 0.561 0.173
17 32 0.613 0.061
17 33 0.615 0.22
17 34 0.577 0.214
17 35 0.696 0.222
17 36 0.531 0.224
17 37 0.67 0.27
17 38 0.665 0.188
17 39 0.722 0.266
17 40 0.63 0.193
17 41 0.396 0.243
17 42 0.583 0.213
17 43 0.629 0.176
17 44 0.566 0.169
17 45 0.51 0.086
17 46 0.338 0.168
17 47 0.686 0.281
17 48 0.877 0.128
17 49 0.521 0.285
17 50 0.842 0.244
18 19 0.532 0.253
18 20 0.514 0.27
18 21 0.696 0.234
18 22 0.268 0.032
18 23 0.46 0.048
18 24 0.523 0.229
18 25 0.508 0.207
18 26 0.815 0.223
18 27 0.702 0.122
18 28 0.658 0.302
18 29 0.64 0.246
18 30 0.564 0.112
18 31 0.694 0.185
18 32 0.58 0.245
18 33 0.718 0.186
18 34 0.61 0.247
18 35 0.54 0.09
18 36 0.632 0.121
18 37 0.525 0.245
18 38 0.792 0.153
18 39 0.414 0.195
18 40 0.42 0.219
18 41 0.809 0.079
18 42 0.606 0.278
18 43 0.673 0.165
18 44 0.562 0.195
18 45 0.639 0.174
18 46 0.634 0.15
18 47 0.73 0.24
18 48 0.759 0.23
18 49 0.784 0.132
18 50 0.688 0.292
19 20 0.564 0.193
19 21 0.551 0.186
19 22 0.406 0.285
19 23 0.618 0.205
19 24 0.439 0.29
19 25 0.7 0.291
19 26 0.684 0.252
19 27 0.608 0.2
19 28 0.706 0.381
19 29 0.642 0.225
19 30 0.408 0.144
19 31 0.436 0.293
19 32 0.648 0.327
19 33 0.753 0.264
19 34 0.638 0.279
19 35 0.811 0.247
19 36 0.773 0.308
19 37 0.808 0.324
19 38 0.788 0.28
19 39 0.468 0.369
19 40 0.668 0.2
19 41 0.773 0.236
19 42 0.774 0.267
19 43 0.546 0.268
19 44 0.664 0.224
19 45 0.674 0.331
19 46 0.503 0.314
19 47 0.72 0.346
19 48 0.567 0.182
19 49 0.485 0.34
19 50 0.408 0.347
20 21 0.406 0.227
20 22 0.477 0.246
20 23 0.538 0.222
20 24 0.613 0.249
20 25 0.778 0.252
20 26 0.501 0.257
20 27 0.66 0.22
20 28 0.629 0.298
20 29 0.126 0.032
20 30 0.414 0.256
20 31 0.48 0.16
20 32 0.448 0.175
20 33 0.486 0.229
20 34 0.693 0.145
20 35 0.74 0.18
20 36 0.715 0.234
20 37 0.552 0.27
20 38 0.398 0.197
20 39 0.54 0.176
20 40 0.736 0.253
20 41 0.475 0.253
20 42 0.635 0.217
20 43 0.46 0.185
20 44 0.48 0.229
20 45 0.622 0.24
20 46 0.55 0.266
20 47 0.618 0.212
20 48 0.41 0.16
20 49 0.724 0.194
20 50 0.398 0.154
21 22 0.522 0.266
21 23 0.826 0.186
21 24 0.262 0.227
21 25 0.466 0.326
21 26 0.594 0.27
21 27 0.626 0.26
21 28 0.529 0.228
21 29 0.532 0.202
21 30 0.364 0.27
21 31 0.846 0.244
21 32 0.435 0.307
21 33 0.546 0.263
21 34 0.513 0.244
21 35 0.804 0.144
21 36 0.606 0.222
21 37 0.534 0.299
21 38 0.536 0.207
21 39 0.54 0.28
21 40 0.76 0.287
21 41 0.608 0.217
21 42 0.666 0.172
21 43 0.744 0.219
21 44 0.573 0.263
21 45 0.609 0.284
21 46 0.544 0.292
21 47 0.779 0.294
21 48 0.727 0.257
21 49 0.694 0.262
21 50 0.743 0.322
22 23 0.56 0.08
22 24 0.578 0.261
22 25 0.646 0.239
22 26 0.706 0.251
22 27 0.652 0.154
22 28 0.652 0.334
22 29 0.603 0.214
22 30 0.46 0.144
22 31 0.562 0.217
22 32 0.746 0.215
22 33 0.642 0.218
22 34 0.499 0.279
22 35 0.715 0.122
22 36 0.487 0.089
22 37 0.624 0.277
22 38 0.652 0.185
22 39 0.512 0.227
22 40 0.688 0.247
22 41 0.7 0.111
22 42 0.652 0.3
22 43 0.704 0.197
22 44 0.503 0.223
22 45 0.598 0.206
22 46 0.562 0.182
22 47 0.466 0.272
22 48 0.69 0.215
22 49 0.676 0.164
22 50 0.509 0.324
23 24 0.733 0.181
23 25 0.485 0.159
23 26 0.756 0.175
23 27 0.676 0.074
23 28 0.484 0.314
23 29 0.412 0.254
23 30 0.658 0.16
23 31 0.47 0.137
23 32 0.391 0.197
23 33 0.475 0.138
23 34 0.522 0.254
23 35 0.812 0.042
23 36 0.342 0.169
23 37 0.644 0.197
23 38 0.743 0.105
23 39 0.766 0.243
23 40 0.732 0.171
23 41 0.562 0.031
23 42 0.564 0.306
23 43 0.702 0.117
23 44 0.616 0.147
23 45 0.232 0.126
23 46 0.426 0.141
23 47 0.276 0.192
23 48 0.592 0.246
23 49 0.542 0.173
23 50 0.691 0.244
24 25 0.434 0.099
24 26 0.332 0.136
24 27 0.762 0.154
24 28 0.267 0.242
24 29 0.487 0.281
24 30 0.626 0.311
24 31 0.642 0.089
24 32 0.455 0.201
24 33 0.642 0.09
24 34 0.593 0.26
24 35 0.595 0.139
24 36 0.676 0.202
24 37 0.518 0.294
24 38 0.798 0.076
24 39 0.614 0.32
24 40 0.498 0.132
24 41 0.724 0.195
24 42 0.606 0.25
24 43 0.482 0.064
24 44 0.464 0.108
24 45 0.554 0.243
24 46 0.662 0.206
24 47 0.63 0.193
24 48 0.567 0.208
24 49 0.683 0.224
24 50 0.611 0.328
25 26 0.608 0.14
25 27 0.45 0.224
25 28 0.701 0.155
25 29 0.664 0.22
25 30 0.502 0.319
25 31 0.446 0.181
25 32 0.555 0.22
25 33 0.584 0.186
25 34 0.395 0.265
25 35 0.539 0.201
25 36 0.377 0.235
25 37 0.636 0.304
25 38 0.664 0.168
25 39 0.579 0.324
25 40 0.584 0.136
25 41 0.514 0.19
25 42 0.548 0.194
25 43 0.632 0.156
25 44 0.598 0.112
25 45 0.672 0.256
25 46 0.228 0.201
25 47 0.462 0.237
25 48 0.58 0.109
25 49 0.416 0.228
25 50 0.399 0.28
26 27 0.71 0.11
26 28 0.342 0.225
26 29 0.627 0.259
26 30 0.366 0.27
26 31 0.596 0.097
26 32 0.684 0.136
26 33 0.314 0.046
26 34 0.558 0.23
26 35 0.67 0.147
26 36 0.682 0.162
26 37 0.636 0.19
26 38 0.58 0.084
26 39 0.582 0.24
26 40 0.442 0.052
26 41 0.392 0.144
26 42 0.55 0.158
26 43 0.326 0.072
26 44 0.582 0.028
26 45 0.524 0.199
26 46 0.478 0.216
26 47 0.535 0.201
26 48 0.701 0.243
26 49 0.549 0.144
26 50 0.592 0.323
27 28 0.698 0.254
27 29 0.71 0.252
27 30 0.778 0.199
27 31 0.71 0.133
27 32 0.482 0.188
27 33 0.437 0.064
27 34 0.48 0.213
27 35 0.626 0.116
27 36 0.588 0.243
27 37 0.786 0.271
27 38 0.456 0.12
27 39 0.48 0.317
27 40 0.412 0.162
27 41 0.318 0.105
27 42 0.388 0.268
27 43 0.714 0.108
27 44 0.674 0.138
27 45 0.532 0.2
27 46 0.654 0.215
27 47 0.525 0.237
27 48 0.608 0.281
27 49 0.561 0.216
27 50 0.66 0.318
28 29 0.622 0.266
28 30 0.708 0.302
28 31 0.625 0.266
28 32 0.591 0.305
28 33 0.656 0.271
28 34 0.714 0.271
28 35 0.328 0.314
28 36 0.542 0.325
28 37 0.785 0.355
28 38 0.828 0.253
28 39 0.8 0.239
28 40 0.456 0.221
28 41 0.516 0.313
28 42 0.766 0.284
28 43 0.524 0.241
28 44 0.268 0.197
28 45 0.544 0.331
28 46 0.738 0.258
28 47 0.76 0.204
28 48 0.834 0.199
28 49 0.416 0.313
28 50 0.627 0.386
29 30 0.54 0.275
29 31 0.49 0.192
29 32 0.528 0.183
29 33 0.612 0.213
29 34 0.573 0.177
29 35 0.614 0.212
29 36 0.614 0.266
29 37 0.426 0.238
29 38 0.524 0.229
29 39 0.666 0.144
29 40 0.626 0.285
29 41 0.597 0.285
29 42 0.684 0.249
29 43 0.536 0.217
29 44 0.354 0.261
29 45 0.644 0.208
29 46 0.474 0.29
29 47 0.576 0.244
29 48 0.284 0.192
29 49 0.649 0.226
29 50 0.524 0.122
30 31 0.793 0.277
30 32 0.643 0.183
30 33 0.634 0.263
30 34 0.68 0.135
30 35 0.626 0.202
30 36 0.799 0.233
30 37 0.421 0.18
30 38 0.542 0.264
30 39 0.767 0.307
30 40 0.624 0.301
30 41 0.46 0.191
30 42 0.662 0.207
30 43 0.692 0.252
30 44 0.712 0.291
30 45 0.693 0.239
30 46 0.602 0.262
30 47 0.565 0.202
30 48 0.824 0.281
30 49 0.71 0.244
30 50 0.804 0.397
31 32 0.412 0.112
31 33 0.784 0.069
31 34 0.677 0.221
31 35 0.565 0.1
31 36 0.534 0.149
31 37 0.372 0.255
31 38 0.431 0.037
31 39 0.471 0.281
31 40 0.584 0.093
31 41 0.515 0.106
31 42 0.672 0.214
31 43 0.462 0.025
31 44 0.718 0.069
31 45 0.238 0.177
31 46 0.664 0.248
31 47 0.679 0.154
31 48 0.774 0.259
31 49 0.862 0.153
31 50 0.624 0.289
32 33 0.672 0.181
32 34 0.555 0.199
32 35 0.679 0.212
32 36 0.412 0.209
32 37 0.44 0.264
32 38 0.744 0.149
32 39 0.473 0.32
32 40 0.588 0.132
32 41 0.504 0.218
32 42 0.485 0.256
32 43 0.358 0.137
32 44 0.323 0.108
32 45 0.174 0.071
32 46 0.668 0.136
32 47 0.457 0.247
32 48 0.647 0.189
32 49 0.648 0.224
32 50 0.541 0.305
33 34 0.363 0.24
33 35 0.6 0.119
33 36 0.53 0.182
33 37 0.412 0.236
33 38 0.69 0.056
33 39 0.692 0.286
33 40 0.668 0.098
33 41 0.518 0.169
33 42 0.516 0.204
33 43 0.546 0.044
33 44 0.42 0.074
33 45 0.618 0.153
33 46 0.718 0.262
33 47 0.748 0.173
33 48 0.424 0.241
33 49 0.681 0.19
33 50 0.446 0.277
34 35 0.633 0.217
34 36 0.556 0.266
34 37 0.453 0.259
34 38 0.766 0.184
34 39 0.66 0.299
34 40 0.573 0.233
34 41 0.694 0.285
34 42 0.153 0.072
34 43 0.449 0.196
34 44 0.602 0.232
34 45 0.684 0.128
34 46 0.358 0.253
34 47 0.714 0.067
34 48 0.734 0.157
34 49 0.318 0.233
34 50 0.644 0.28
35 36 0.514 0.2
35 37 0.534 0.155
35 38 0.625 0.063
35 39 0.568 0.256
35 40 0.638 0.143
35 41 0.686 0.073
35 42 0.48 0.264
35 43 0.818 0.075
35 44 0.562 0.119
35 45 0.742 0.168
35 46 0.604 0.183
35 47 0.716 0.15
35 48 0.62 0.204
35 49 0.566 0.16
35 50 0.52 0.286
36 37 0.635 0.342
36 38 0.494 0.15
36 39 0.684 0.184
36 40 0.546 0.158
36 41 0.484 0.182
36 42 0.572 0.211
36 43 0.53 0.138
36 44 0.274 0.134
36 45 0.574 0.138
36 46 0.605 0.16
36 47 0.41 0.204
36 48 0.408 0.126
36 49 0.591 0.088
36 50 0.548 0.304
37 38 0.803 0.218
37 39 0.843 0.158
37 40 0.562 0.242
37 41 0.474 0.228
37 42 0.606 0.244
37 43 0.655 0.23
37 44 0.592 0.218
37 45 0.61 0.323
37 46 0.408 0.314
37 47 0.596 0.192
37 48 0.71 0.329
37 49 0.744 0.302
37 50 0.644 0.314
38 39 0.639 0.259
38 40 0.609 0.08
38 41 0.592 0.136
38 42 0.764 0.201
38 43 0.386 0.012
38 44 0.618 0.056
38 45 0.669 0.209
38 46 0.715 0.216
38 47 0.664 0.117
38 48 0.692 0.246
38 49 0.448 0.172
38 50 0.644 0.252
39 40 0.427 0.236
39 41 0.534 0.226
39 42 0.813 0.351
39 43 0.692 0.256
39 44 0.688 0.212
39 45 0.54 0.257
39 46 0.584 0.216
39 47 0.49 0.232
39 48 0.528 0.266
39 49 0.67 0.144
39 50 0.711 0.156
40 41 0.692 0.14
40 42 0.42 0.21
40 43 0.528 0.068
40 44 0.272 0.024
40 45 0.642 0.203
40 46 0.356 0.196
40 47 0.459 0.197
40 48 0.616 0.245
40 49 0.468 0.14
40 50 0.6 0.332
41 42 0.654 0.302
41 43 0.594 0.131
41 44 0.691 0.116
41 45 0.33 0.157
41 46 0.336 0.172
41 47 0.49 0.223
41 48 0.786 0.265
41 49 0.698 0.142
41 50 0.633 0.275
42 43 0.602 0.189
42 44 0.573 0.186
42 45 0.544 0.2
42 46 0.511 0.217
42 47 0.64 0.139
42 48 0.638 0.085
42 49 0.471 0.278
42 50 0.634 0.208
43 44 0.256 0.044
43 45 0.532 0.197
43 46 0.404 0.228
43 47 0.784 0.129
43 48 0.545 0.234
43 49 0.56 0.16
43 50 0.663 0.264
44 45 0.497 0.179
44 46 0.628 0.188
44 47 0.54 0.173
44 48 0.603 0.221
44 49 0.684 0.116
44 50 0.726 0.308
45 46 0.658 0.207
45 47 0.508 0.195
45 48 0.668 0.214
45 49 0.774 0.226
45 50 0.566 0.33
46 47 0.69 0.29
46 48 0.758 0.132
46 49 0.524 0.12
46 50 0.627 0.314
47 48 0.561 0.224
47 49 0.522 0.238
47 50 0.561 0.347
48 49 0.729 0.214
48 50 0.614 0.293
49 50 0.326 0.22
node_demand
0.175
0.025
0.175
0.2
0.175
0.2
0.225
0.175
0.175
0.05
0.075
0.1
0.1
0.075
0.125
0.05
0.175
0.15
0.05
0.125
0.025
0.225
0.05
0.2
0.125
0.2
0.175
0.2
0.075
0.15
0.15
0.1
0.2
0.175
0.2
0.075
0.2
0.05
0.125
0.2
0.075
0.125
0.05
0.05
0.225
0.225
0.15
0.2
0.2
0.125
