50
0 1 0.492 0.108
0 2 0.429 0.216
0 3 0.496 0.247
0 4 0.689 0.292
0 5 0.545 0.206
0 6 0.499 0.198
0 7 0.409 0.274
0 8 0.611 0.176
0 9 0.407 0.246
0 10 0.745 0.237
0 11 0.642 0.095
0 12 0.538 0.183
0 13 0.77 0.179
0 14 0.542 0.263
0 15 0.419 0.049
0 16 0.692 0.208
0 17 0.722 0.156
0 18 0.664 0.226
0 19 0.521 0.278
0 20 0.472 0.091
0 21 0.516 0.252
0 22 0.581 0.25
0 23 0.634 0.117
0 24 0.133 0.044
0 25 0.621 0.258
0 26 0.594 0.117
0 27 0.592 0.195
0 28 0.408 0.271
0 29 0.342 0.214
0 30 0.718 0.214
0 31 0.501 0.14
0 32 0.651 0.272
0 33 0.629 0.267
0 34 0.543 0.137
0 35 0.661 0.294
0 36 0.515 0.161
0 37 0.559 0.225
0 38 0.504 0.137
0 39 0.567 0.195
0 40 0.457 0.126
0 41 0.676 0.233
0 42 0.651 0.275
0 43 0.476 0.028
0 44 0.3 0.276
0 45 0.441 0.276
0 46 0.558 0.223
0 47 0.588 0.186
0 48 0.62 0.211
0 49 0.546 0.186
0 50 0.42 0.2
1 2 0.701 0.323
1 3 0.689 0.195
1 4 0.55 0.225
1 5 0.621 0.253
1 6 0.742 0.147
1 7 0.364 0.166
1 8 0.414 0.068
1 9 0.572 0.138
1 10 0.512 0.129
1 11 0.52 0.203
1 12 0.462 0.075
1 13 0.656 0.239
1 14 0.7 0.247
1 15 0.654 0.157
1 16 0.601 0.254
1 17 0.628 0.246
1 18 0.278 0.118
1 19 0.589 0.281
1 20 0.756 0.179
1 21 0.716 0.248
1 22 0.756 0.17
1 23 0.654 0.225
1 24 0.417 0.152
1 25 0.594 0.232
1 26 0.564 0.136
1 27 0.1 0.087
1 28 0.598 0.34
1 29 0.463 0.238
1 30 0.452 0.131
1 31 0.61 0.218
1 32 0.524 0.262
1 33 0.648 0.319
1 34 0.632 0.237
1 35 0.58 0.221
1 36 0.625 0.213
1 37 0.312 0.209
1 38 0.542 0.219
1 39 0.498 0.215
1 40 0.508 0.155
1 41 0.518 0.169
1 42 0.468 0.181
1 43 0.48 0.11
1 44 0.546 0.337
1 45 0.559 0.301
1 46 0.576 0.254
1 47 0.612 0.189
1 48 0.386 0.258
1 49 0.658 0.078
1 50 0.742 0.282
2 3 0.508 0.294
2 4 0.423 0.098
2 5 0.688 0.397
2 6 0.588 0.227
2 7 0.604 0.262
2 8 0.46 0.319
2 9 0.57 0.264
2 10 0.518 0.241
2 11 0.696 0.133
2 12 0.654 0.248
2 13 0.537 0.288
2 14 0.41 0.304
2 15 0.592 0.225
2 16 0.517 0.14
2 17 0.66 0.194
2 18 0.714 0.276
2 19 0.394 0.138
2 20 0.412 0.219
2 21 0.649 0.25
2 22 0.726 0.291
2 23 0.696 0.293
2 24 0.296 0.172
2 25 0.784 0.136
2 26 0.488 0.293
2 27 0.601 0.268
2 28 0.265 0.158
2 29 0.598 0.256
2 30 0.646 0.243
2 31 0.642 0.268
2 32 0.647 0.198
2 33 0.414 0.208
2 34 0.288 0.137
2 35 0.606 0.229
2 36 0.448 0.161
2 37 0.687 0.291
2 38 0.632 0.284
2 39 0.334 0.233
2 40 0.602 0.254
2 41 0.56 0.186
2 42 0.698 0.279
2 43 0.403 0.219
2 44 0.666 0.376
2 45 0.486 0.234
2 46 0.502 0.315
2 47 0.55 0.23
2 48 0.456 0.269
2 49 0.638 0.301
2 50 0.409 0.232
3 4 0.588 0.196
3 5 0.606 0.11
3 6 0.766 0.168
3 7 0.483 0.3
3 8 0.769 0.163
3 9 0.75 0.233
3 10 0.639 0.324
3 11 0.738 0.172
3 12 0.553 0.225
3 13 0.785 0.316
3 14 0.624 0.292
3 15 0.426 0.295
3 16 0.737 0.332
3 17 0.781 0.233
3 18 0.411 0.278
3 19 0.769 0.246
3 20 0.372 0.27
3 21 0.739 0.329
3 22 0.901 0.224
3 23 0.532 0.249
3 24 0.629 0.223
3 25 0.604 0.335
3 26 0.679 0.227
3 27 0.657 0.108
3 28 0.678 0.358
3 29 0.402 0.259
3 30 0.544 0.152
3 31 0.666 0.304
3 32 0.56 0.345
3 33 0.793 0.172
3 34 0.79 0.258
3 35 0.61 0.355
3 36 0.612 0.234
3 37 0.727 0.27
3 38 0.675 0.33
3 39 0.338 0.236
3 40 0.703 0.274
3 41 0.458 0.232
3 42 0.722 0.341
3 43 0.534 0.275
3 44 0.613 0.274
3 45 0.642 0.342
3 46 0.683 0.354
3 47 0.637 0.338
3 48 0.681 0.233
3 49 0.564 0.21
3 50 0.606 0.284
4 5 0.714 0.306
4 6 0.696 0.202
4 7 0.492 0.164
4 8 0.568 0.293
4 9 0.574 0.239
4 10 0.637 0.143
4 11 0.515 0.231
4 12 0.726 0.15
4 13 0.714 0.312
4 14 0.534 0.304
4 15 0.636 0.248
4 16 0.573 0.136
4 17 0.626 0.292
4 18 0.678 0.205
4 19 0.404 0.236
4 20 0.802 0.254
4 21 0.418 0.246
4 22 0.736 0.257
4 23 0.785 0.199
4 24 0.556 0.27
4 25 0.741 0.234
4 26 0.718 0.316
4 27 0.494 0.17
4 28 0.534 0.256
4 29 0.65 0.293
4 30 0.41 0.214
4 31 0.799 0.366
4 32 0.631 0.296
4 33 0.59 0.301
4 34 0.53 0.16
4 35 0.642 0.219
4 36 0.436 0.136
4 37 0.554 0.266
4 38 0.536 0.208
4 39 0.62 0.27
4 40 0.626 0.336
4 41 0.496 0.257
4 42 0.472 0.268
4 43 0.66 0.264
4 44 0.678 0.388
4 45 0.72 0.315
4 46 0.468 0.268
4 47 0.288 0.188
4 48 0.696 0.346
4 49 0.448 0.272
4 50 0.39 0.189
5 6 0.662 0.21
5 7 0.666 0.371
5 8 0.674 0.273
5 9 0.756 0.341
5 10 0.818 0.228
5 11 0.736 0.272
5 12 0.363 0.19
5 13 0.595 0.288
5 14 0.684 0.311
5 15 0.504 0.185
5 16 0.652 0.344
5 17 0.528 0.299
5 18 0.6 0.182
5 19 0.829 0.356
5 20 0.485 0.294
5 21 0.502 0.342
5 22 0.628 0.114
5 23 0.604 0.253
5 24 0.544 0.25
5 25 0.544 0.362
5 26 0.34 0.117
5 27 0.721 0.218
5 28 0.627 0.275
5 29 0.727 0.223
5 30 0.601 0.226
5 31 0.55 0.199
5 32 0.506 0.29
5 33 0.576 0.282
5 34 0.706 0.273
5 35 0.666 0.316
5 36 0.618 0.276
5 37 0.629 0.273
5 38 0.491 0.287
5 39 0.486 0.2
5 40 0.455 0.268
5 41 0.515 0.244
5 42 0.65 0.245
5 43 0.486 0.178
5 44 0.34 0.164
5 45 0.346 0.308
5 46 0.454 0.304
5 47 0.636 0.288
5 48 0.282 0.264
5 49 0.633 0.284
5 50 0.588 0.349
6 7 0.516 0.274
6 8 0.684 0.201
6 9 0.604 0.131
6 10 0.246 0.166
6 11 0.578 0.168
6 12 0.612 0.222
6 13 0.844 0.18
6 14 0.534 0.124
6 15 0.653 0.149
6 16 0.446 0.215
6 17 0.37 0.16
6 18 0.58 0.186
6 19 0.41 0.184
6 20 0.464 0.239
6 21 0.633 0.232
6 22 0.584 0.224
6 23 0.234 0.081
6 24 0.366 0.206
6 25 0.7 0.262
6 26 0.558 0.217
6 27 0.683 0.06
6 28 0.656 0.256
6 29 0.684 0.091
6 30 0.426 0.016
6 31 0.734 0.256
6 32 0.609 0.196
6 33 0.758 0.246
6 34 0.532 0.09
6 35 0.49 0.222
6 36 0.74 0.066
6 37 0.632 0.134
6 38 0.502 0.194
6 39 0.612 0.068
6 40 0.618 0.138
6 41 0.34 0.096
6 42 0.508 0.241
6 43 0.68 0.221
6 44 0.724 0.262
6 45 0.694 0.206
6 46 0.641 0.188
6 47 0.595 0.186
6 48 0.38 0.185
6 49 0.796 0.074
6 50 0.512 0.22
7 8 0.585 0.234
7 9 0.579 0.304
7 10 0.43 0.224
7 11 0.719 0.239
7 12 0.65 0.241
7 13 0.719 0.172
7 14 0.402 0.19
7 15 0.632 0.264
7 16 0.666 0.185
7 17 0.738 0.178
7 18 0.507 0.255
7 19 0.624 0.241
7 20 0.538 0.301
7 21 0.448 0.082
7 22 0.536 0.331
7 23 0.724 0.294
7 24 0.542 0.254
7 25 0.618 0.28
7 26 0.55 0.302
7 27 0.43 0.253
7 28 0.646 0.318
7 29 0.707 0.232
7 30 0.353 0.258
7 31 0.602 0.253
7 32 0.615 0.134
7 33 0.685 0.305
7 34 0.316 0.188
7 35 0.289 0.055
7 36 0.441 0.212
7 37 0.563 0.218
7 38 0.452 0.212
7 39 0.557 0.209
7 40 0.41 0.172
7 41 0.267 0.178
7 42 0.294 0.215
7 43 0.686 0.276
7 44 0.567 0.26
7 45 0.621 0.156
7 46 0.212 0.166
7 47 0.458 0.164
7 48 0.542 0.267
7 49 0.588 0.244
7 50 0.53 0.318
8 9 0.396 0.07
8 10 0.796 0.197
8 11 0.639 0.271
8 12 0.528 0.143
8 13 0.406 0.173
8 14 0.655 0.194
8 15 0.634 0.225
8 16 0.717 0.186
8 17 0.767 0.299
8 18 0.692 0.186
8 19 0.82 0.349
8 20 0.722 0.247
8 21 0.698 0.263
8 22 0.783 0.238
8 23 0.812 0.282
8 24 0.526 0.22
8 25 0.618 0.3
8 26 0.778 0.204
8 27 0.514 0.155
8 28 0.611 0.272
8 29 0.76 0.283
8 30 0.706 0.185
8 31 0.492 0.263
8 32 0.46 0.261
8 33 0.693 0.253
8 34 0.748 0.182
8 35 0.296 0.199
8 36 0.534 0.158
8 37 0.72 0.214
8 38 0.471 0.287
8 39 0.568 0.269
8 40 0.451 0.223
8 41 0.62 0.213
8 42 0.834 0.18
8 43 0.452 0.178
8 44 0.61 0.342
8 45 0.696 0.368
8 46 0.763 0.31
8 47 0.826 0.257
8 48 0.8 0.192
8 49 0.629 0.146
8 50 0.755 0.252
9 10 0.618 0.235
9 11 0.535 0.278
9 12 0.498 0.213
9 13 0.416 0.208
9 14 0.646 0.124
9 15 0.591 0.215
9 16 0.596 0.256
9 17 0.432 0.229
9 18 0.717 0.173
9 19 0.533 0.315
9 20 0.49 0.284
9 21 0.564 0.232
9 22 0.486 0.283
9 23 0.531 0.212
9 24 0.274 0.237
9 25 0.622 0.331
9 26 0.42 0.274
9 27 0.663 0.159
9 28 0.794 0.256
9 29 0.487 0.222
9 30 0.595 0.115
9 31 0.422 0.248
9 32 0.547 0.191
9 33 0.51 0.293
9 34 0.463 0.127
9 35 0.468 0.269
9 36 0.138 0.103
9 37 0.382 0.162
9 38 0.562 0.241
9 39 0.616 0.199
9 40 0.598 0.237
9 41 0.575 0.143
9 42 0.563 0.11
9 43 0.694 0.248
9 44 0.695 0.29
9 45 0.626 0.298
9 46 0.367 0.3
9 47 0.535 0.223
9 48 0.488 0.232
9 49 0.636 0.173
9 50 0.71 0.182
10 11 0.36 0.251
10 12 0.857 0.204
10 13 0.645 0.199
10 14 0.536 0.191
10 15 0.899 0.246
10 16 0.493 0.279
10 17 0.568 0.19
10 18 0.548 0.062
10 19 0.616 0.152
10 20 0.558 0.227
10 21 0.483 0.142
10 22 0.382 0.114
10 23 0.48 0.247
10 24 0.612 0.208
10 25 0.666 0.292
10 26 0.56 0.265
10 27 0.612 0.216
10 28 0.668 0.296
10 29 0.697 0.186
10 30 0.472 0.182
10 31 0.638 0.256
10 32 0.679 0.194
10 33 0.742 0.302
10 34 0.624 0.204
10 35 0.705 0.262
10 36 0.624 0.18
10 37 0.649 0.153
10 38 0.748 0.208
10 39 0.433 0.209
10 40 0.566 0.207
10 41 0.422 0.152
10 42 0.591 0.125
10 43 0.679 0.218
10 44 0.508 0.281
10 45 0.534 0.172
10 46 0.395 0.125
10 47 0.349 0.06
10 48 0.566 0.241
10 49 0.678 0.13
10 50 0.758 0.332
11 12 0.546 0.202
11 13 0.415 0.218
11 14 0.367 0.186
11 15 0.708 0.144
11 16 0.398 0.198
11 17 0.208 0.061
11 18 0.567 0.189
11 19 0.568 0.213
11 20 0.561 0.098
11 21 0.68 0.157
11 22 0.236 0.158
11 23 0.679 0.212
11 24 0.509 0.051
11 25 0.554 0.163
11 26 0.396 0.212
11 27 0.476 0.228
11 28 0.431 0.275
11 29 0.438 0.123
11 30 0.673 0.184
11 31 0.578 0.147
11 32 0.62 0.209
11 33 0.792 0.274
11 34 0.712 0.151
11 35 0.43 0.254
11 36 0.578 0.175
11 37 0.531 0.224
11 38 0.605 0.232
11 39 0.4 0.1
11 40 0.336 0.133
11 41 0.759 0.264
11 42 0.718 0.252
11 43 0.496 0.123
11 44 0.524 0.335
11 45 0.412 0.238
11 46 0.734 0.182
11 47 0.546 0.199
11 48 0.634 0.218
11 49 0.385 0.21
11 50 0.575 0.281
12 13 0.232 0.164
12 14 0.546 0.2
12 15 0.726 0.23
12 16 0.746 0.282
12 17 0.504 0.263
12 18 0.672 0.193
12 19 0.775 0.294
12 20 0.4 0.104
12 21 0.525 0.254
12 22 0.574 0.245
12 23 0.598 0.298
12 24 0.405 0.151
12 25 0.635 0.307
12 26 0.416 0.211
12 27 0.562 0.162
12 28 0.428 0.29
12 29 0.552 0.186
12 30 0.636 0.206
12 31 0.578 0.247
12 32 0.786 0.306
12 33 0.742 0.28
12 34 0.815 0.31
12 35 0.38 0.296
12 36 0.482 0.286
12 37 0.576 0.21
12 38 0.555 0.251
12 39 0.652 0.163
12 40 0.472 0.23
12 41 0.55 0.244
12 42 0.658 0.256
12 43 0.434 0.185
12 44 0.462 0.324
12 45 0.504 0.3
12 46 0.462 0.329
12 47 0.565 0.264
12 48 0.645 0.318
12 49 0.532 0.153
12 50 0.458 0.339
13 14 0.34 0.084
13 15 0.63 0.13
13 16 0.749 0.289
13 17 0.623 0.186
13 18 0.714 0.137
13 19 0.693 0.249
13 20 0.569 0.134
13 21 0.432 0.09
13 22 0.526 0.174
13 23 0.642 0.198
13 24 0.637 0.181
13 25 0.489 0.242
13 26 0.56 0.198
13 27 0.652 0.208
13 28 0.606 0.22
13 29 0.627 0.151
13 30 0.632 0.164
13 31 0.576 0.145
13 32 0.605 0.142
13 33 0.542 0.277
13 34 0.782 0.2
13 35 0.602 0.227
13 36 0.278 0.176
13 37 0.344 0.046
13 38 0.716 0.274
13 39 0.606 0.174
13 40 0.612 0.222
13 41 0.674 0.227
13 42 0.552 0.2
13 43 0.507 0.202
13 44 0.671 0.174
13 45 0.736 0.281
13 46 0.507 0.301
13 47 0.556 0.172
13 48 0.608 0.216
13 49 0.742 0.222
13 50 0.69 0.18
14 15 0.52 0.214
14 16 0.562 0.298
14 17 0.532 0.204
14 18 0.558 0.129
14 19 0.693 0.267
14 20 0.799 0.218
14 21 0.448 0.108
14 22 0.503 0.239
14 23 0.508 0.205
14 24 0.675 0.237
14 25 0.677 0.306
14 26 0.344 0.215
14 27 0.68 0.184
14 28 0.52 0.212
14 29 0.595 0.215
14 30 0.306 0.14
14 31 0.566 0.229
14 32 0.514 0.16
14 33 0.671 0.281
14 34 0.51 0.192
14 35 0.603 0.245
14 36 0.618 0.168
14 37 0.488 0.038
14 38 0.637 0.19
14 39 0.744 0.192
14 40 0.592 0.262
14 41 0.392 0.17
14 42 0.696 0.192
14 43 0.598 0.286
14 44 0.57 0.166
14 45 0.478 0.304
14 46 0.614 0.276
14 47 0.582 0.19
14 48 0.643 0.259
14 49 0.414 0.198
14 50 0.376 0.169
15 16 0.86 0.159
15 17 0.746 0.205
15 18 0.376 0.184
15 19 0.467 0.322
15 20 0.775 0.126
15 21 0.684 0.22
15 22 0.794 0.251
15 23 0.419 0.068
15 24 0.552 0.093
15 25 0.42 0.307
15 26 0.564 0.068
15 27 0.711 0.209
15 28 0.587 0.292
15 29 0.638 0.2
15 30 0.686 0.165
15 31 0.578 0.132
15 32 0.822 0.272
15 33 0.614 0.264
15 34 0.533 0.088
15 35 0.57 0.28
15 36 0.729 0.112
15 37 0.481 0.176
15 38 0.64 0.181
15 39 0.588 0.208
15 40 0.663 0.092
15 41 0.616 0.184
15 42 0.67 0.247
15 43 0.437 0.072
15 44 0.652 0.304
15 45 0.782 0.248
15 46 0.774 0.258
15 47 0.647 0.23
15 48 0.438 0.203
15 49 0.485 0.169
15 50 0.443 0.218
16 17 0.606 0.259
16 18 0.559 0.256
16 19 0.542 0.278
16 20 0.599 0.285
16 21 0.724 0.267
16 22 0.634 0.252
16 23 0.659 0.227
16 24 0.762 0.249
16 25 0.711 0.276
16 26 0.596 0.227
16 27 0.501 0.236
16 28 0.693 0.298
16 29 0.486 0.277
16 30 0.725 0.231
16 31 0.747 0.291
16 32 0.583 0.289
16 33 0.666 0.342
16 34 0.523 0.247
16 35 0.44 0.13
16 36 0.734 0.23
16 37 0.572 0.32
16 38 0.614 0.154
16 39 0.708 0.254
16 40 0.598 0.203
16 41 0.639 0.252
16 42 0.723 0.319
16 43 0.794 0.231
16 44 0.569 0.378
16 45 0.762 0.326
16 46 0.527 0.24
16 47 0.778 0.324
16 48 0.816 0.341
16 49 0.73 0.28
16 50 0.837 0.288
17 18 0.37 0.128
17 19 0.408 0.152
17 20 0.756 0.159
17 21 0.472 0.096
17 22 0.444 0.219
17 23 0.604 0.241
17 24 0.706 0.112
17 25 0.346 0.102
17 26 0.188 0.182
17 27 0.528 0.22
17 28 0.486 0.304
17 29 0.38 0.184
17 30 0.68 0.176
17 31 0.37 0.122
17 32 0.644 0.148
17 33 0.686 0.254
17 34 0.567 0.212
17 35 0.471 0.233
17 36 0.37 0.226
17 37 0.328 0.219
17 38 0.634 0.274
17 39 0.608 0.161
17 40 0.544 0.194
17 41 0.61 0.218
17 42 0.685 0.191
17 43 0.564 0.184
17 44 0.655 0.274
17 45 0.574 0.248
17 46 0.526 0.243
17 47 0.338 0.178
17 48 0.572 0.193
17 49 0.593 0.172
17 50 0.63 0.254
18 19 0.688 0.214
18 20 0.572 0.271
18 21 0.45 0.196
18 22 0.684 0.11
18 23 0.434 0.206
18 24 0.695 0.24
18 25 0.646 0.23
18 26 0.558 0.252
18 27 0.378 0.205
18 28 0.68 0.234
18 29 0.719 0.248
18 30 0.326 0.17
18 31 0.502 0.201
18 32 0.527 0.144
18 33 0.648 0.24
18 34 0.653 0.245
18 35 0.439 0.2
18 36 0.579 0.221
18 37 0.59 0.091
18 38 0.264 0.146
18 39 0.582 0.254
18 40 0.704 0.269
18 41 0.24 0.09
18 42 0.544 0.063
18 43 0.747 0.228
18 44 0.559 0.219
18 45 0.592 0.234
18 46 0.719 0.187
18 47 0.584 0.122
18 48 0.515 0.179
18 49 0.62 0.192
18 50 0.804 0.298
19 20 0.632 0.259
19 21 0.547 0.159
19 22 0.332 0.245
19 23 0.644 0.265
19 24 0.654 0.24
19 25 0.494 0.254
19 26 0.596 0.314
19 27 0.577 0.244
19 28 0.407 0.296
19 29 0.671 0.218
19 30 0.534 0.2
19 31 0.41 0.232
19 32 0.53 0.211
19 33 0.566 0.346
19 34 0.682 0.236
19 35 0.567 0.296
19 36 0.546 0.212
19 37 0.684 0.236
19 38 0.6 0.296
19 39 0.728 0.234
19 40 0.44 0.322
19 41 0.448 0.251
19 42 0.424 0.277
19 43 0.368 0.25
19 44 0.489 0.277
19 45 0.614 0.096
19 46 0.62 0.277
19 47 0.413 0.092
19 48 0.696 0.303
19 49 0.479 0.258
19 50 0.317 0.284
20 21 0.722 0.224
20 22 0.624 0.256
20 23 0.698 0.194
20 24 0.339 0.047
20 25 0.722 0.261
20 26 0.747 0.194
20 27 0.674 0.266
20 28 0.348 0.304
20 29 0.744 0.221
20 30 0.82 0.223
20 31 0.707 0.143
20 32 0.386 0.276
20 33 0.574 0.176
20 34 0.7 0.214
20 35 0.588 0.341
20 36 0.465 0.238
20 37 0.516 0.18
20 38 0.649 0.228
20 39 0.616 0.198
20 40 0.663 0.129
20 41 0.734 0.303
20 42 0.383 0.281
20 43 0.779 0.119
20 44 0.624 0.308
20 45 0.74 0.279
20 46 0.526 0.234
20 47 0.693 0.167
20 48 0.503 0.214
20 49 0.558 0.165
20 50 0.492 0.288
21 22 0.491 0.256
21 23 0.738 0.288
21 24 0.383 0.208
21 25 0.323 0.198
21 26 0.438 0.278
21 27 0.64 0.292
21 28 0.666 0.236
21 29 0.532 0.201
21 30 0.539 0.248
21 31 0.751 0.218
21 32 0.511 0.052
21 33 0.378 0.223
21 34 0.536 0.226
21 35 0.402 0.137
21 36 0.604 0.202
21 37 0.434 0.136
21 38 0.577 0.187
21 39 0.442 0.178
21 40 0.42 0.254
21 41 0.625 0.225
21 42 0.578 0.133
21 43 0.679 0.24
21 44 0.403 0.178
21 45 0.664 0.238
21 46 0.66 0.248
21 47 0.134 0.082
21 48 0.698 0.284
21 49 0.598 0.242
21 50 0.692 0.27
22 23 0.506 0.305
22 24 0.448 0.209
22 25 0.568 0.321
22 26 0.602 0.231
22 27 0.712 0.252
22 28 0.667 0.344
22 29 0.606 0.267
22 30 0.758 0.208
22 31 0.742 0.305
22 32 0.639 0.254
22 33 0.556 0.35
22 34 0.658 0.25
22 35 0.666 0.31
22 36 0.348 0.226
22 37 0.576 0.201
22 38 0.564 0.256
22 39 0.573 0.258
22 40 0.572 0.159
22 41 0.672 0.2
22 42 0.754 0.173
22 43 0.501 0.222
22 44 0.288 0.278
22 45 0.648 0.286
22 46 0.577 0.239
22 47 0.625 0.174
22 48 0.799 0.289
22 49 0.621 0.191
22 50 0.649 0.354
23 24 0.552 0.161
23 25 0.77 0.343
23 26 0.552 0.136
23 27 0.562 0.141
23 28 0.62 0.337
23 29 0.778 0.163
23 30 0.66 0.097
23 31 0.75 0.2
23 32 0.712 0.277
23 33 0.854 0.266
23 34 0.408 0.156
23 35 0.558 0.294
23 36 0.669 0.147
23 37 0.398 0.215
23 38 0.698 0.214
23 39 0.536 0.14
23 40 0.65 0.16
23 41 0.574 0.116
23 42 0.742 0.269
23 43 0.49 0.14
23 44 0.725 0.343
23 45 0.65 0.271
23 46 0.588 0.269
23 47 0.604 0.267
23 48 0.322 0.205
23 49 0.588 0.155
23 50 0.624 0.286
24 25 0.488 0.214
24 26 0.64 0.161
24 27 0.517 0.239
24 28 0.541 0.315
24 29 0.475 0.174
24 30 0.654 0.196
24 31 0.368 0.096
24 32 0.52 0.26
24 33 0.496 0.223
24 34 0.41 0.18
24 35 0.528 0.294
24 36 0.382 0.204
24 37 0.52 0.227
24 38 0.637 0.181
24 39 0.63 0.151
24 40 0.324 0.082
24 41 0.684 0.256
24 42 0.518 0.234
24 43 0.609 0.072
24 44 0.433 0.32
24 45 0.401 0.232
24 46 0.425 0.233
24 47 0.462 0.148
24 48 0.57 0.167
24 49 0.482 0.159
24 50 0.436 0.244
25 26 0.534 0.284
25 27 0.494 0.319
25 28 0.632 0.202
25 29 0.534 0.286
25 30 0.722 0.278
25 31 0.657 0.224
25 32 0.402 0.191
25 33 0.605 0.264
25 34 0.571 0.26
25 35 0.418 0.335
25 36 0.484 0.284
25 37 0.666 0.288
25 38 0.55 0.326
25 39 0.591 0.263
25 40 0.403 0.296
25 41 0.75 0.32
25 42 0.447 0.272
25 43 0.743 0.286
25 44 0.652 0.376
25 45 0.453 0.35
25 46 0.643 0.345
25 47 0.457 0.28
25 48 0.743 0.295
25 49 0.581 0.274
25 50 0.693 0.152
26 27 0.558 0.223
26 28 0.614 0.322
26 29 0.568 0.268
26 30 0.65 0.233
26 31 0.534 0.082
26 32 0.456 0.301
26 33 0.689 0.214
26 34 0.748 0.156
26 35 0.659 0.28
26 36 0.282 0.18
26 37 0.289 0.244
26 38 0.719 0.249
26 39 0.683 0.276
26 40 0.732 0.16
26 41 0.719 0.216
26 42 0.497 0.22
26 43 0.618 0.14
26 44 0.616 0.281
26 45 0.662 0.218
26 46 0.338 0.238
26 47 0.511 0.278
26 48 0.622 0.153
26 49 0.758 0.214
26 50 0.719 0.286
27 28 0.498 0.316
27 29 0.363 0.151
27 30 0.481 0.044
27 31 0.663 0.284
27 32 0.624 0.256
27 33 0.548 0.274
27 34 0.732 0.15
27 35 0.48 0.282
27 36 0.525 0.126
27 37 0.412 0.162
27 38 0.526 0.222
27 39 0.598 0.128
27 40 0.408 0.166
27 41 0.567 0.124
27 42 0.368 0.268
27 43 0.58 0.197
27 44 0.446 0.29
27 45 0.459 0.238
27 46 0.48 0.248
27 47 0.712 0.246
27 48 0.454 0.213
27 49 0.586 0.102
27 50 0.642 0.28
28 29 0.744 0.321
28 30 0.504 0.272
28 31 0.554 0.24
28 32 0.679 0.252
28 33 0.458 0.186
28 34 0.549 0.204
28 35 0.585 0.373
28 36 0.713 0.228
28 37 0.532 0.174
28 38 0.416 0.236
28 39 0.599 0.298
28 40 0.438 0.294
28 41 0.59 0.324
28 42 0.515 0.171
28 43 0.491 0.246
28 44 0.708 0.302
28 45 0.751 0.376
28 46 0.611 0.322
28 47 0.687 0.318
28 48 0.523 0.247
28 49 0.585 0.33
28 50 0.144 0.074
29 30 0.586 0.107
29 31 0.694 0.27
29 32 0.654 0.253
29 33 0.835 0.337
29 34 0.532 0.181
29 35 0.536 0.177
29 36 0.349 0.157
29 37 0.59 0.197
29 38 0.711 0.237
29 39 0.264 0.023
29 40 0.432 0.108
29 41 0.5 0.187
29 42 0.731 0.21
29 43 0.308 0.196
29 44 0.642 0.3
29 45 0.568 0.161
29 46 0.578 0.279
29 47 0.529 0.126
29 48 0.544 0.276
29 49 0.395 0.165
29 50 0.6 0.274
30 31 0.389 0.24
30 32 0.434 0.212
30 33 0.504 0.23
30 34 0.669 0.106
30 35 0.555 0.238
30 36 0.457 0.082
30 37 0.688 0.118
30 38 0.38 0.178
30 39 0.493 0.084
30 40 0.378 0.122
30 41 0.086 0.08
30 42 0.647 0.225
30 43 0.616 0.237
30 44 0.47 0.246
30 45 0.44 0.222
30 46 0.505 0.204
30 47 0.405 0.202
30 48 0.361 0.169
30 49 0.381 0.058
30 50 0.648 0.236
31 32 0.586 0.219
31 33 0.656 0.132
31 34 0.772 0.22
31 35 0.45 0.198
31 36 0.56 0.244
31 37 0.698 0.191
31 38 0.625 0.242
31 39 0.43 0.247
31 40 0.676 0.178
31 41 0.475 0.16
31 42 0.586 0.138
31 43 0.77 0.168
31 44 0.647 0.317
31 45 0.204 0.136
31 46 0.39 0.156
31 47 0.708 0.196
31 48 0.428 0.071
31 49 0.535 0.255
31 50 0.698 0.244
32 33 0.233 0.173
32 34 0.586 0.278
32 35 0.438 0.189
32 36 0.685 0.254
32 37 0.678 0.188
32 38 0.263 0.135
32 39 0.71 0.23
32 40 0.61 0.264
32 41 0.348 0.21
32 42 0.58 0.081
32 43 0.73 0.244
32 44 0.351 0.208
32 45 0.538 0.29
32 46 0.58 0.221
32 47 0.645 0.134
32 48 0.623 0.234
32 49 0.719 0.212
32 50 0.538 0.285
33 34 0.493 0.182
33 35 0.559 0.33
33 36 0.648 0.206
33 37 0.52 0.319
33 38 0.384 0.188
33 39 0.666 0.314
33 40 0.664 0.281
33 41 0.418 0.15
33 42 0.778 0.254
33 43 0.601 0.247
33 44 0.584 0.357
33 45 0.564 0.268
33 46 0.672 0.234
33 47 0.512 0.305
33 48 0.532 0.061
33 49 0.488 0.288
33 50 0.314 0.112
34 35 0.605 0.192
34 36 0.531 0.024
34 37 0.702 0.154
34 38 0.746 0.269
34 39 0.622 0.158
34 40 0.656 0.18
34 41 0.583 0.186
34 42 0.61 0.237
34 43 0.632 0.16
34 44 0.482 0.282
34 45 0.708 0.296
34 46 0.528 0.248
34 47 0.402 0.144
34 48 0.424 0.243
34 49 0.497 0.164
34 50 0.476 0.13
35 36 0.494 0.168
35 37 0.566 0.273
35 38 0.175 0.157
35 39 0.272 0.154
35 40 0.521 0.227
35 41 0.556 0.233
35 42 0.538 0.263
35 43 0.462 0.266
35 44 0.549 0.315
35 45 0.534 0.211
35 46 0.494 0.221
35 47 0.53 0.219
35 48 0.695 0.269
35 49 0.47 0.296
35 50 0.654 0.322
36 37 0.517 0.13
36 38 0.669 0.26
36 39 0.478 0.134
36 40 0.706 0.204
36 41 0.437 0.162
36 42 0.425 0.213
36 43 0.657 0.184
36 44 0.636 0.258
36 45 0.764 0.272
36 46 0.229 0.224
36 47 0.47 0.12
36 48 0.451 0.251
36 49 0.731 0.14
36 50 0.696 0.154
37 38 0.64 0.228
37 39 0.63 0.202
37 40 0.666 0.24
37 41 0.711 0.181
37 42 0.48 0.154
37 43 0.556 0.248
37 44 0.327 0.128
37 45 0.616 0.309
37 46 0.627 0.278
37 47 0.3 0.213
37 48 0.452 0.262
37 49 0.791 0.176
37 50 0.43 0.207
38 39 0.447 0.26
38 40 0.632 0.129
38 41 0.466 0.098
38 42 0.633 0.209
38 43 0.624 0.109
38 44 0.608 0.224
38 45 0.709 0.2
38 46 0.485 0.086
38 47 0.608 0.267
38 48 0.614 0.187
38 49 0.516 0.206
38 50 0.56 0.281
39 40 0.626 0.131
39 41 0.579 0.164
39 42 0.541 0.233
39 43 0.572 0.173
39 44 0.771 0.277
39 45 0.304 0.138
39 46 0.345 0.256
39 47 0.576 0.149
39 48 0.423 0.253
39 49 0.468 0.142
39 50 0.689 0.288
40 41 0.464 0.202
40 42 0.424 0.244
40 43 0.413 0.154
40 44 0.56 0.353
40 45 0.725 0.244
40 46 0.62 0.215
40 47 0.502 0.23
40 48 0.737 0.22
40 49 0.178 0.077
40 50 0.496 0.31
41 42 0.561 0.153
41 43 0.628 0.207
41 44 0.384 0.266
41 45 0.354 0.155
41 46 0.479 0.184
41 47 0.491 0.212
41 48 0.275 0.089
41 49 0.467 0.138
41 50 0.58 0.262
42 43 0.494 0.247
42 44 0.691 0.282
42 45 0.485 0.274
42 46 0.196 0.19
42 47 0.712 0.185
42 48 0.656 0.209
42 49 0.497 0.255
42 50 0.659 0.245
43 44 0.776 0.304
43 45 0.763 0.304
43 46 0.69 0.195
43 47 0.64 0.158
43 48 0.494 0.239
43 49 0.235 0.188
43 50 0.416 0.172
44 45 0.686 0.181
44 46 0.715 0.178
44 47 0.485 0.252
44 48 0.606 0.296
44 49 0.738 0.304
44 50 0.72 0.335
45 46 0.594 0.286
45 47 0.53 0.188
45 48 0.461 0.207
45 49 0.739 0.28
45 50 0.832 0.38
46 47 0.67 0.185
46 48 0.68 0.227
46 49 0.502 0.181
46 50 0.467 0.346
47 48 0.752 0.267
47 49 0.676 0.19
47 50 0.678 0.274
48 49 0.729 0.227
48 50 0.379 0.173
49 50 0.441 0.294
node_demand
0.15
0.2
0.05
0.225
0.15
0.2
0.15
0.1
0.075
0.2
0.075
0.225
0.025
0.1
0.125
0.1
0.175
0.025
0.075
0.05
0.175
0.125
0.05
0.075
0.05
0.15
0.125
0.075
0.025
0.05
0.075
0.05
0.1
0.225
0.125
0.05
0.075
0.1
0.225
0.15
0.05
0.075
0.075
0.175
0.225
0.225
0.125
0.15
0.2
0.025
