50
0 1 0.604 0.306
0 2 0.506 0.173
0 3 0.746 0.164
0 4 0.623 0.216
0 5 0.632 0.204
0 6 0.434 0.245
0 7 0.722 0.116
0 8 0.358 0.136
0 9 0.526 0.196
0 10 0.39 0.182
0 11 0.646 0.267
0 12 0.601 0.279
0 13 0.505 0.214
0 14 0.695 0.179
0 15 0.514 0.08
0 16 0.534 0.172
0 17 0.445 0.204
0 18 0.771 0.207
0 19 0.528 0.2
0 20 0.577 0.088
0 21 0.62 0.253
0 22 0.574 0.256
0 23 0.664 0.239
0 24 0.658 0.214
0 25 0.524 0.184
0 26 0.482 0.18
0 27 0.674 0.234
0 28 0.766 0.078
0 29 0.513 0.086
0 30 0.442 0.11
0 31 0.42 0.211
0 32 0.536 0.23
0 33 0.758 0.278
0 34 0.576 0.286
0 35 0.358 0.176
0 36 0.648 0.19
0 37 0.574 0.262
0 38 0.406 0.262
0 39 0.692 0.214
0 40 0.428 0.279
0 41 0.38 0.228
0 42 0.538 0.212
0 43 0.526 0.129
0 44 0.388 0.228
0 45 0.424 0.162
0 46 0.6 0.184
0 47 0.714 0.297
0 48 0.494 0.182
0 49 0.162 0.046
0 50 0.389 0.117
1 2 0.551 0.232
1 3 0.48 0.298
1 4 0.562 0.309
1 5 0.481 0.304
1 6 0.579 0.17
1 7 0.741 0.316
1 8 0.64 0.42
1 9 0.688 0.264
1 10 0.214 0.18
1 11 0.329 0.304
1 12 0.656 0.176
1 13 0.496 0.328
1 14 0.557 0.274
1 15 0.506 0.226
1 16 0.374 0.282
1 17 0.38 0.208
1 18 0.502 0.226
1 19 0.352 0.219
1 20 0.652 0.222
1 21 0.256 0.136
1 22 0.617 0.26
1 23 0.233 0.184
1 24 0.594 0.282
1 25 0.37 0.282
1 26 0.74 0.254
1 27 0.598 0.341
1 28 0.632 0.382
1 29 0.646 0.22
1 30 0.631 0.268
1 31 0.508 0.285
1 32 0.373 0.345
1 33 0.536 0.317
1 34 0.49 0.264
1 35 0.568 0.296
1 36 0.511 0.292
1 37 0.732 0.301
1 38 0.444 0.264
1 39 0.606 0.201
1 40 0.686 0.338
1 41 0.582 0.238
1 42 0.622 0.3
1 43 0.391 0.232
1 44 0.521 0.358
1 45 0.744 0.296
1 46 0.618 0.321
1 47 0.482 0.352
1 48 0.718 0.328
1 49 0.442 0.26
1 50 0.563 0.263
2 3 0.505 0.226
2 4 0.597 0.278
2 5 0.664 0.281
2 6 0.594 0.233
2 7 0.734 0.173
2 8 0.688 0.309
2 9 0.646 0.285
2 10 0.463 0.227
2 11 0.418 0.1
2 12 0.553 0.138
2 13 0.44 0.254
2 14 0.489 0.243
2 15 0.688 0.244
2 16 0.185 0.117
2 17 0.698 0.243
2 18 0.799 0.289
2 19 0.463 0.282
2 20 0.524 0.236
2 21 0.464 0.176
2 22 0.714 0.217
2 23 0.561 0.186
2 24 0.496 0.081
2 25 0.419 0.188
2 26 0.304 0.237
2 27 0.626 0.179
2 28 0.502 0.251
2 29 0.684 0.238
2 30 0.566 0.261
2 31 0.59 0.078
2 32 0.612 0.2
2 33 0.808 0.208
2 34 0.536 0.231
2 35 0.394 0.284
2 36 0.719 0.18
2 37 0.453 0.192
2 38 0.385 0.261
2 39 0.422 0.225
2 40 0.33 0.106
2 41 0.529 0.165
2 42 0.576 0.157
2 43 0.305 0.274
2 44 0.608 0.276
2 45 0.759 0.304
2 46 0.223 0.18
2 47 0.638 0.232
2 48 0.619 0.281
2 49 0.58 0.219
2 50 0.44 0.279
3 4 0.706 0.187
3 5 0.564 0.19
3 6 0.573 0.168
3 7 0.51 0.082
3 8 0.6 0.296
3 9 0.481 0.277
3 10 0.356 0.205
3 11 0.649 0.255
3 12 0.181 0.15
3 13 0.446 0.202
3 14 0.29 0.162
3 15 0.502 0.084
3 16 0.32 0.109
3 17 0.532 0.276
3 18 0.617 0.112
3 19 0.462 0.119
3 20 0.619 0.076
3 21 0.591 0.206
3 22 0.511 0.278
3 23 0.67 0.204
3 24 0.615 0.18
3 25 0.222 0.153
3 26 0.595 0.221
3 27 0.638 0.171
3 28 0.569 0.242
3 29 0.592 0.078
3 30 0.543 0.17
3 31 0.612 0.177
3 32 0.616 0.299
3 33 0.724 0.215
3 34 0.637 0.223
3 35 0.562 0.18
3 36 0.336 0.256
3 37 0.411 0.199
3 38 0.412 0.201
3 39 0.649 0.199
3 40 0.614 0.332
3 41 0.537 0.236
3 42 0.364 0.149
3 43 0.383 0.201
3 44 0.518 0.232
3 45 0.72 0.15
3 46 0.511 0.15
3 47 0.698 0.326
3 48 0.648 0.186
3 49 0.584 0.118
3 50 0.762 0.121
4 5 0.602 0.213
4 6 0.63 0.139
4 7 0.458 0.105
4 8 0.456 0.276
4 9 0.608 0.228
4 10 0.502 0.247
4 11 0.473 0.28
4 12 0.723 0.323
4 13 0.54 0.156
4 14 0.579 0.185
4 15 0.73 0.136
4 16 0.412 0.266
4 17 0.566 0.328
4 18 0.702 0.195
4 19 0.364 0.188
4 20 0.527 0.128
4 21 0.52 0.276
4 22 0.544 0.339
4 23 0.33 0.19
4 24 0.686 0.203
4 25 0.646 0.273
4 26 0.664 0.244
4 27 0.739 0.31
4 28 0.559 0.259
4 29 0.767 0.13
4 30 0.65 0.193
4 31 0.634 0.2
4 32 0.488 0.322
4 33 0.492 0.261
4 34 0.51 0.283
4 35 0.265 0.096
4 36 0.37 0.25
4 37 0.494 0.277
4 38 0.547 0.27
4 39 0.599 0.108
4 40 0.697 0.328
4 41 0.441 0.207
4 42 0.404 0.269
4 43 0.706 0.253
4 44 0.636 0.186
4 45 0.552 0.187
4 46 0.393 0.173
4 47 0.52 0.353
4 48 0.596 0.238
4 49 0.548 0.17
4 50 0.328 0.155
5 6 0.594 0.233
5 7 0.375 0.108
5 8 0.486 0.116
5 9 0.585 0.239
5 10 0.606 0.27
5 11 0.559 0.304
5 12 0.668 0.263
5 13 0.748 0.265
5 14 0.6 0.138
5 15 0.435 0.21
5 16 0.517 0.264
5 17 0.778 0.269
5 18 0.69 0.191
5 19 0.468 0.184
5 20 0.6 0.206
5 21 0.737 0.292
5 22 0.338 0.217
5 23 0.702 0.228
5 24 0.528 0.206
5 25 0.472 0.313
5 26 0.702 0.164
5 27 0.656 0.326
5 28 0.796 0.282
5 29 0.586 0.204
5 30 0.347 0.094
5 31 0.507 0.203
5 32 0.772 0.325
5 33 0.512 0.176
5 34 0.614 0.342
5 35 0.48 0.156
5 36 0.498 0.372
5 37 0.581 0.192
5 38 0.617 0.246
5 39 0.7 0.264
5 40 0.784 0.206
5 41 0.57 0.29
5 42 0.368 0.232
5 43 0.584 0.252
5 44 0.686 0.248
5 45 0.466 0.262
5 46 0.462 0.176
5 47 0.601 0.328
5 48 0.652 0.18
5 49 0.47 0.228
5 50 0.488 0.215
6 7 0.578 0.227
6 8 0.702 0.282
6 9 0.52 0.235
6 10 0.64 0.135
6 11 0.489 0.204
6 12 0.742 0.184
6 13 0.661 0.257
6 14 0.686 0.203
6 15 0.382 0.187
6 16 0.607 0.17
6 17 0.484 0.271
6 18 0.551 0.056
6 19 0.642 0.049
6 20 0.506 0.195
6 21 0.718 0.199
6 22 0.64 0.288
6 23 0.346 0.113
6 24 0.676 0.152
6 25 0.416 0.134
6 26 0.766 0.201
6 27 0.556 0.171
6 28 0.481 0.212
6 29 0.402 0.193
6 30 0.664 0.139
6 31 0.652 0.155
6 32 0.668 0.277
6 33 0.523 0.238
6 34 0.514 0.144
6 35 0.608 0.194
6 36 0.756 0.173
6 37 0.512 0.222
6 38 0.604 0.131
6 39 0.326 0.031
6 40 0.65 0.311
6 41 0.631 0.068
6 42 0.226 0.13
6 43 0.455 0.264
6 44 0.52 0.283
6 45 0.504 0.231
6 46 0.612 0.294
6 47 0.594 0.26
6 48 0.51 0.254
6 49 0.547 0.199
6 50 0.32 0.204
7 8 0.456 0.224
7 9 0.643 0.198
7 10 0.6 0.227
7 11 0.412 0.273
7 12 0.554 0.232
7 13 0.631 0.207
7 14 0.574 0.08
7 15 0.446 0.102
7 16 0.828 0.191
7 17 0.676 0.286
7 18 0.664 0.185
7 19 0.542 0.178
7 20 0.764 0.098
7 21 0.624 0.256
7 22 0.599 0.234
7 23 0.555 0.17
7 24 0.766 0.098
7 25 0.594 0.205
7 26 0.618 0.139
7 27 0.281 0.243
7 28 0.618 0.194
7 29 0.514 0.096
7 30 0.604 0.088
7 31 0.588 0.095
7 32 0.464 0.217
7 33 0.601 0.233
7 34 0.631 0.252
7 35 0.659 0.198
7 36 0.668 0.28
7 37 0.324 0.217
7 38 0.523 0.221
7 39 0.325 0.213
7 40 0.527 0.279
7 41 0.393 0.182
7 42 0.592 0.196
7 43 0.582 0.214
7 44 0.57 0.237
7 45 0.633 0.172
7 46 0.511 0.068
7 47 0.758 0.249
7 48 0.5 0.204
7 49 0.634 0.136
7 50 0.407 0.139
8 9 0.697 0.332
8 10 0.591 0.28
8 11 0.594 0.35
8 12 0.604 0.296
8 13 0.629 0.254
8 14 0.598 0.254
8 15 0.531 0.216
8 16 0.797 0.308
8 17 0.712 0.22
8 18 0.66 0.307
8 19 0.496 0.3
8 20 0.434 0.22
8 21 0.882 0.292
8 22 0.816 0.168
8 23 0.451 0.264
8 24 0.674 0.298
8 25 0.624 0.32
8 26 0.484 0.28
8 27 0.722 0.37
8 28 0.588 0.214
8 29 0.684 0.222
8 30 0.388 0.21
8 31 0.751 0.301
8 32 0.622 0.366
8 33 0.69 0.208
8 34 0.564 0.29
8 35 0.623 0.272
8 36 0.775 0.326
8 37 0.442 0.224
8 38 0.674 0.344
8 39 0.672 0.313
8 40 0.381 0.244
8 41 0.472 0.214
8 42 0.516 0.279
8 43 0.606 0.265
8 44 0.72 0.284
8 45 0.198 0.146
8 46 0.609 0.292
8 47 0.595 0.31
8 48 0.514 0.284
8 49 0.512 0.182
8 50 0.739 0.253
9 10 0.521 0.179
9 11 0.534 0.242
9 12 0.3 0.147
9 13 0.579 0.13
9 14 0.598 0.212
9 15 0.73 0.193
9 16 0.746 0.329
9 17 0.694 0.2
9 18 0.469 0.227
9 19 0.659 0.234
9 20 0.618 0.201
9 21 0.46 0.128
9 22 0.488 0.252
9 23 0.677 0.122
9 24 0.706 0.296
9 25 0.54 0.3
9 26 0.538 0.202
9 27 0.675 0.336
9 28 0.522 0.274
9 29 0.648 0.199
9 30 0.722 0.145
9 31 0.644 0.293
9 32 0.772 0.296
9 33 0.57 0.255
9 34 0.574 0.346
9 35 0.343 0.132
9 36 0.454 0.264
9 37 0.519 0.239
9 38 0.562 0.202
9 39 0.318 0.204
9 40 0.316 0.301
9 41 0.584 0.288
9 42 0.741 0.314
9 43 0.375 0.114
9 44 0.624 0.16
9 45 0.712 0.24
9 46 0.63 0.13
9 47 0.609 0.214
9 48 0.76 0.295
9 49 0.476 0.197
9 50 0.631 0.191
10 11 0.543 0.177
10 12 0.509 0.305
10 13 0.632 0.256
10 14 0.646 0.147
10 15 0.58 0.17
10 16 0.582 0.264
10 17 0.448 0.215
10 18 0.678 0.093
10 19 0.138 0.086
10 20 0.438 0.178
10 21 0.47 0.143
10 22 0.413 0.251
10 23 0.447 0.057
10 24 0.631 0.152
10 25 0.549 0.216
10 26 0.526 0.206
10 27 0.384 0.305
10 28 0.566 0.26
10 29 0.563 0.176
10 30 0.574 0.176
10 31 0.294 0.149
10 32 0.587 0.204
10 33 0.368 0.19
10 34 0.528 0.224
10 35 0.391 0.231
10 36 0.403 0.112
10 37 0.542 0.174
10 38 0.504 0.137
10 39 0.62 0.139
10 40 0.609 0.308
10 41 0.368 0.203
10 42 0.72 0.249
10 43 0.605 0.219
10 44 0.58 0.25
10 45 0.53 0.175
10 46 0.578 0.277
10 47 0.45 0.297
10 48 0.604 0.268
10 49 0.228 0.136
10 50 0.455 0.207
11 12 0.676 0.238
11 13 0.591 0.186
11 14 0.682 0.21
11 15 0.552 0.187
11 16 0.603 0.217
11 17 0.503 0.143
11 18 0.49 0.25
11 19 0.681 0.253
11 20 0.863 0.179
11 21 0.317 0.206
11 22 0.536 0.195
11 23 0.143 0.12
11 24 0.653 0.181
11 25 0.56 0.288
11 26 0.686 0.269
11 27 0.611 0.279
11 28 0.57 0.345
11 29 0.626 0.181
11 30 0.429 0.26
11 31 0.57 0.178
11 32 0.364 0.26
11 33 0.537 0.224
11 34 0.654 0.212
11 35 0.586 0.184
11 36 0.572 0.28
11 37 0.626 0.237
11 38 0.401 0.2
11 39 0.535 0.202
11 40 0.576 0.206
11 41 0.461 0.136
11 42 0.715 0.257
11 43 0.69 0.304
11 44 0.342 0.216
11 45 0.781 0.238
11 46 0.641 0.28
11 47 0.756 0.186
11 48 0.498 0.289
11 49 0.484 0.221
11 50 0.473 0.224
12 13 0.279 0.271
12 14 0.471 0.158
12 15 0.563 0.228
12 16 0.501 0.255
12 17 0.582 0.18
12 18 0.436 0.24
12 19 0.371 0.233
12 20 0.551 0.226
12 21 0.64 0.252
12 22 0.33 0.128
12 23 0.533 0.248
12 24 0.434 0.219
12 25 0.403 0.303
12 26 0.414 0.099
12 27 0.648 0.317
12 28 0.75 0.357
12 29 0.688 0.228
12 30 0.72 0.169
12 31 0.568 0.216
12 32 0.68 0.325
12 33 0.714 0.226
12 34 0.456 0.277
12 35 0.61 0.25
12 36 0.517 0.297
12 37 0.23 0.21
12 38 0.345 0.181
12 39 0.618 0.215
12 40 0.433 0.244
12 41 0.594 0.252
12 42 0.516 0.274
12 43 0.564 0.187
12 44 0.532 0.301
12 45 0.539 0.3
12 46 0.33 0.277
12 47 0.678 0.176
12 48 0.686 0.312
12 49 0.621 0.262
12 50 0.636 0.191
13 14 0.36 0.127
13 15 0.446 0.134
13 16 0.625 0.253
13 17 0.595 0.252
13 18 0.707 0.215
13 19 0.534 0.208
13 20 0.272 0.126
13 21 0.361 0.224
13 22 0.609 0.304
13 23 0.634 0.206
13 24 0.568 0.209
13 25 0.668 0.306
13 26 0.484 0.186
13 27 0.733 0.315
13 28 0.49 0.292
13 29 0.417 0.128
13 30 0.613 0.256
13 31 0.576 0.206
13 32 0.482 0.166
13 33 0.764 0.313
13 34 0.512 0.31
13 35 0.594 0.23
13 36 0.591 0.307
13 37 0.509 0.297
13 38 0.543 0.126
13 39 0.554 0.264
13 40 0.551 0.295
13 41 0.364 0.261
13 42 0.795 0.238
13 43 0.617 0.216
13 44 0.334 0.03
13 45 0.508 0.2
13 46 0.458 0.229
13 47 0.758 0.197
13 48 0.668 0.236
13 49 0.513 0.168
13 50 0.486 0.171
14 15 0.535 0.182
14 16 0.304 0.126
14 17 0.752 0.248
14 18 0.65 0.204
14 19 0.689 0.211
14 20 0.508 0.178
14 21 0.567 0.176
14 22 0.424 0.286
14 23 0.79 0.09
14 24 0.539 0.178
14 25 0.512 0.285
14 26 0.681 0.059
14 27 0.408 0.188
14 28 0.486 0.257
14 29 0.526 0.176
14 30 0.253 0.129
14 31 0.516 0.175
14 32 0.574 0.285
14 33 0.55 0.223
14 34 0.655 0.237
14 35 0.718 0.148
14 36 0.574 0.259
14 37 0.635 0.207
14 38 0.631 0.141
14 39 0.515 0.172
14 40 0.452 0.344
14 41 0.456 0.262
14 42 0.482 0.116
14 43 0.665 0.134
14 44 0.538 0.157
14 45 0.737 0.208
14 46 0.368 0.148
14 47 0.516 0.324
14 48 0.764 0.24
14 49 0.765 0.216
14 50 0.538 0.201
15 16 0.526 0.146
15 17 0.671 0.192
15 18 0.261 0.131
15 19 0.683 0.138
15 20 0.508 0.008
15 21 0.697 0.241
15 22 0.71 0.244
15 23 0.409 0.2
15 24 0.568 0.2
15 25 0.556 0.172
15 26 0.384 0.184
15 27 0.392 0.208
15 28 0.731 0.158
15 29 0.258 0.006
15 30 0.282 0.19
15 31 0.755 0.197
15 32 0.537 0.242
15 33 0.524 0.252
15 34 0.704 0.26
15 35 0.69 0.096
15 36 0.632 0.178
15 37 0.634 0.236
15 38 0.618 0.212
15 39 0.517 0.202
15 40 0.662 0.284
15 41 0.609 0.255
15 42 0.465 0.186
15 43 0.59 0.117
15 44 0.582 0.164
15 45 0.333 0.082
15 46 0.572 0.107
15 47 0.549 0.273
15 48 0.649 0.102
15 49 0.352 0.034
15 50 0.402 0.037
16 17 0.754 0.256
16 18 0.662 0.221
16 19 0.645 0.219
16 20 0.363 0.138
16 21 0.63 0.27
16 22 0.568 0.308
16 23 0.607 0.207
16 24 0.503 0.198
16 25 0.234 0.23
16 26 0.489 0.185
16 27 0.554 0.062
16 28 0.556 0.25
16 29 0.613 0.14
16 30 0.557 0.255
16 31 0.426 0.195
16 32 0.682 0.317
16 33 0.773 0.106
16 34 0.351 0.114
16 35 0.579 0.235
16 36 0.54 0.297
16 37 0.633 0.09
16 38 0.536 0.152
16 39 0.574 0.201
16 40 0.43 0.223
16 41 0.714 0.19
16 42 0.674 0.04
16 43 0.462 0.26
16 44 0.534 0.283
16 45 0.599 0.212
16 46 0.408 0.241
16 47 0.666 0.226
16 48 0.51 0.164
16 49 0.669 0.18
16 50 0.442 0.183
17 18 0.41 0.29
17 19 0.31 0.283
17 20 0.61 0.2
17 21 0.234 0.072
17 22 0.458 0.052
17 23 0.613 0.158
17 24 0.572 0.188
17 25 0.56 0.244
17 26 0.748 0.279
17 27 0.572 0.28
17 28 0.61 0.282
17 29 0.446 0.198
17 30 0.585 0.314
17 31 0.475 0.191
17 32 0.552 0.256
17 33 0.809 0.188
17 34 0.664 0.323
17 35 0.58 0.287
17 36 0.489 0.221
17 37 0.352 0.172
17 38 0.48 0.238
17 39 0.696 0.24
17 40 0.555 0.348
17 41 0.703 0.247
17 42 0.489 0.216
17 43 0.613 0.241
17 44 0.486 0.282
17 45 0.514 0.274
17 46 0.54 0.299
17 47 0.68 0.194
17 48 0.694 0.294
17 49 0.607 0.158
17 50 0.786 0.228
18 19 0.72 0.007
18 20 0.548 0.139
18 21 0.436 0.236
18 22 0.701 0.297
18 23 0.633 0.15
18 24 0.562 0.208
18 25 0.627 0.137
18 26 0.645 0.145
18 27 0.383 0.212
18 28 0.683 0.245
18 29 0.519 0.137
18 30 0.397 0.097
18 31 0.512 0.211
18 32 0.434 0.297
18 33 0.647 0.283
18 34 0.584 0.2
18 35 0.812 0.138
18 36 0.586 0.205
18 37 0.579 0.267
18 38 0.498 0.089
18 39 0.546 0.087
18 40 0.782 0.269
18 41 0.72 0.124
18 42 0.677 0.186
18 43 0.706 0.233
18 44 0.582 0.245
18 45 0.577 0.213
18 46 0.634 0.238
18 47 0.5 0.218
18 48 0.886 0.22
18 49 0.609 0.165
18 50 0.663 0.168
19 20 0.3 0.146
19 21 0.542 0.229
19 22 0.551 0.29
19 23 0.574 0.143
19 24 0.698 0.201
19 25 0.411 0.13
19 26 0.534 0.152
19 27 0.522 0.219
19 28 0.704 0.242
19 29 0.425 0.144
19 30 0.436 0.09
19 31 0.432 0.204
19 32 0.534 0.29
19 33 0.506 0.276
19 34 0.406 0.193
19 35 0.529 0.145
19 36 0.541 0.198
19 37 0.601 0.26
19 38 0.446 0.082
19 39 0.548 0.08
19 40 0.594 0.262
19 41 0.506 0.117
19 42 0.675 0.179
19 43 0.55 0.24
19 44 0.442 0.238
19 45 0.536 0.22
19 46 0.481 0.245
19 47 0.42 0.211
19 48 0.466 0.213
19 49 0.366 0.172
19 50 0.593 0.175
20 21 0.633 0.249
20 22 0.642 0.252
20 23 0.77 0.192
20 24 0.689 0.196
20 25 0.597 0.18
20 26 0.312 0.178
20 27 0.822 0.2
20 28 0.596 0.166
20 29 0.25 0.002
20 30 0.577 0.186
20 31 0.338 0.193
20 32 0.529 0.238
20 33 0.561 0.244
20 34 0.624 0.252
20 35 0.73 0.104
20 36 0.812 0.186
20 37 0.545 0.228
20 38 0.512 0.208
20 39 0.504 0.21
20 40 0.579 0.28
20 41 0.537 0.263
20 42 0.732 0.178
20 43 0.428 0.125
20 44 0.606 0.156
20 45 0.236 0.074
20 46 0.575 0.103
20 47 0.694 0.265
20 48 0.552 0.11
20 49 0.415 0.042
20 50 0.642 0.045
21 22 0.482 0.124
21 23 0.431 0.086
21 24 0.338 0.176
21 25 0.626 0.172
21 26 0.694 0.235
21 27 0.372 0.208
21 28 0.376 0.275
21 29 0.655 0.247
21 30 0.519 0.273
21 31 0.411 0.173
21 32 0.629 0.295
21 33 0.792 0.219
21 34 0.43 0.277
21 35 0.675 0.26
21 36 0.255 0.168
21 37 0.586 0.203
21 38 0.574 0.166
21 39 0.493 0.168
21 40 0.604 0.276
21 41 0.469 0.26
21 42 0.694 0.278
21 43 0.432 0.242
21 44 0.548 0.254
21 45 0.748 0.204
21 46 0.687 0.258
21 47 0.45 0.266
21 48 0.496 0.297
21 49 0.698 0.207
21 50 0.552 0.278
22 23 0.679 0.21
22 24 0.218 0.136
22 25 0.704 0.249
22 26 0.701 0.227
22 27 0.318 0.275
22 28 0.458 0.334
22 29 0.64 0.25
22 30 0.478 0.297
22 31 0.588 0.139
22 32 0.434 0.261
22 33 0.408 0.24
22 34 0.537 0.296
22 35 0.645 0.284
22 36 0.44 0.169
22 37 0.56 0.224
22 38 0.47 0.29
22 39 0.62 0.292
22 40 0.747 0.323
22 41 0.764 0.22
22 42 0.519 0.268
22 43 0.802 0.288
22 44 0.472 0.334
22 45 0.726 0.314
22 46 0.66 0.302
22 47 0.536 0.142
22 48 0.66 0.346
22 49 0.584 0.21
22 50 0.357 0.225
23 24 0.51 0.209
23 25 0.472 0.247
23 26 0.566 0.149
23 27 0.468 0.269
23 28 0.427 0.308
23 29 0.667 0.194
23 30 0.572 0.219
23 31 0.713 0.206
23 32 0.507 0.261
23 33 0.68 0.133
23 34 0.516 0.257
23 35 0.595 0.238
23 36 0.686 0.169
23 37 0.606 0.117
23 38 0.258 0.08
23 39 0.672 0.082
23 40 0.574 0.292
23 41 0.41 0.181
23 42 0.572 0.192
23 43 0.624 0.224
23 44 0.485 0.196
23 45 0.638 0.118
23 46 0.579 0.238
23 47 0.715 0.253
23 48 0.633 0.211
23 49 0.534 0.193
23 50 0.33 0.23
24 25 0.486 0.113
24 26 0.692 0.237
24 27 0.536 0.26
24 28 0.676 0.292
24 29 0.534 0.194
24 30 0.286 0.186
24 31 0.428 0.003
24 32 0.652 0.125
24 33 0.626 0.254
24 34 0.432 0.16
24 35 0.647 0.257
24 36 0.448 0.261
24 37 0.58 0.238
24 38 0.252 0.18
24 39 0.668 0.161
24 40 0.719 0.187
24 41 0.663 0.084
24 42 0.45 0.238
24 43 0.62 0.277
24 44 0.69 0.201
24 45 0.508 0.27
24 46 0.701 0.166
24 47 0.688 0.157
24 48 0.643 0.302
24 49 0.528 0.198
24 50 0.359 0.198
25 26 0.723 0.282
25 27 0.676 0.292
25 28 0.736 0.262
25 29 0.814 0.178
25 30 0.541 0.22
25 31 0.39 0.11
25 32 0.57 0.232
25 33 0.702 0.244
25 34 0.585 0.273
25 35 0.476 0.268
25 36 0.558 0.282
25 37 0.633 0.228
25 38 0.586 0.212
25 39 0.613 0.165
25 40 0.566 0.294
25 41 0.573 0.197
25 42 0.44 0.264
25 43 0.605 0.221
25 44 0.422 0.308
25 45 0.51 0.254
25 46 0.538 0.241
25 47 0.508 0.264
25 48 0.498 0.274
25 49 0.616 0.138
25 50 0.676 0.209
26 27 0.512 0.247
26 28 0.566 0.258
26 29 0.492 0.18
26 30 0.444 0.07
26 31 0.445 0.234
26 32 0.464 0.226
26 33 0.652 0.276
26 34 0.469 0.178
26 35 0.698 0.207
26 36 0.582 0.315
26 37 0.644 0.26
26 38 0.44 0.082
26 39 0.726 0.231
26 40 0.634 0.343
26 41 0.225 0.22
26 42 0.639 0.175
26 43 0.609 0.088
26 44 0.502 0.216
26 45 0.548 0.252
26 46 0.527 0.207
26 47 0.702 0.275
26 48 0.651 0.213
26 49 0.644 0.171
26 50 0.668 0.221
27 28 0.451 0.267
27 29 0.65 0.202
27 30 0.533 0.309
27 31 0.678 0.257
27 32 0.701 0.379
27 33 0.464 0.168
27 34 0.52 0.176
27 35 0.576 0.297
27 36 0.627 0.344
27 37 0.605 0.152
27 38 0.606 0.214
27 39 0.606 0.202
27 40 0.45 0.174
27 41 0.674 0.239
27 42 0.516 0.102
27 43 0.484 0.223
27 44 0.58 0.345
27 45 0.666 0.274
27 46 0.412 0.303
27 47 0.822 0.288
27 48 0.717 0.226
27 49 0.512 0.242
27 50 0.675 0.245
28 29 0.763 0.164
28 30 0.728 0.188
28 31 0.346 0.289
28 32 0.484 0.308
28 33 0.546 0.225
28 34 0.632 0.356
28 35 0.53 0.163
28 36 0.63 0.268
28 37 0.723 0.241
28 38 0.685 0.324
28 39 0.438 0.226
28 40 0.52 0.357
28 41 0.549 0.28
28 42 0.612 0.29
28 43 0.546 0.207
28 44 0.592 0.306
28 45 0.644 0.24
28 46 0.724 0.262
28 47 0.499 0.256
28 48 0.328 0.26
28 49 0.731 0.124
28 50 0.504 0.195
29 30 0.537 0.184
29 31 0.5 0.191
29 32 0.279 0.236
29 33 0.485 0.246
29 34 0.781 0.254
29 35 0.536 0.102
29 36 0.664 0.184
29 37 0.458 0.23
29 38 0.544 0.21
29 39 0.336 0.208
29 40 0.436 0.278
29 41 0.717 0.261
29 42 0.628 0.18
29 43 0.602 0.123
29 44 0.427 0.158
29 45 0.486 0.076
29 46 0.665 0.101
29 47 0.444 0.267
29 48 0.63 0.108
29 49 0.61 0.04
29 50 0.66 0.043
30 31 0.652 0.183
30 32 0.55 0.296
30 33 0.656 0.261
30 34 0.634 0.248
30 35 0.648 0.235
30 36 0.586 0.288
30 37 0.512 0.277
30 38 0.378 0.152
30 39 0.768 0.17
30 40 0.636 0.3
30 41 0.669 0.207
30 42 0.715 0.245
30 43 0.528 0.158
30 44 0.498 0.286
30 45 0.586 0.26
30 46 0.621 0.156
30 47 0.402 0.301
30 48 0.528 0.174
30 49 0.604 0.156
30 50 0.566 0.217
31 32 0.552 0.122
31 33 0.662 0.257
31 34 0.286 0.163
31 35 0.531 0.26
31 36 0.474 0.258
31 37 0.798 0.241
31 38 0.614 0.183
31 39 0.326 0.158
31 40 0.75 0.184
31 41 0.662 0.087
31 42 0.83 0.235
31 43 0.592 0.274
31 44 0.404 0.198
31 45 0.574 0.267
31 46 0.813 0.163
31 47 0.597 0.154
31 48 0.561 0.299
31 49 0.522 0.195
31 50 0.514 0.201
32 33 0.504 0.23
32 34 0.54 0.285
32 35 0.681 0.338
32 36 0.701 0.316
32 37 0.468 0.246
32 38 0.69 0.292
32 39 0.605 0.28
32 40 0.671 0.306
32 41 0.689 0.209
32 42 0.754 0.357
32 43 0.546 0.314
32 44 0.148 0.136
32 45 0.424 0.27
32 46 0.572 0.285
32 47 0.484 0.236
32 48 0.532 0.344
32 49 0.53 0.276
32 50 0.742 0.279
33 34 0.422 0.22
33 35 0.667 0.332
33 36 0.702 0.302
33 37 0.484 0.016
33 38 0.66 0.213
33 39 0.557 0.215
33 40 0.687 0.208
33 41 0.427 0.17
33 42 0.749 0.146
33 43 0.632 0.198
33 44 0.652 0.283
33 45 0.793 0.206
33 46 0.688 0.301
33 47 0.536 0.152
33 48 0.853 0.27
33 49 0.596 0.281
33 50 0.748 0.289
34 35 0.245 0.214
34 36 0.58 0.317
34 37 0.552 0.204
34 38 0.328 0.184
34 39 0.579 0.175
34 40 0.464 0.337
34 41 0.642 0.076
34 42 0.678 0.154
34 43 0.746 0.266
34 44 0.688 0.334
34 45 0.627 0.326
34 46 0.757 0.302
34 47 0.624 0.317
34 48 0.614 0.278
34 49 0.414 0.294
34 50 0.533 0.273
35 36 0.574 0.274
35 37 0.421 0.325
35 38 0.535 0.227
35 39 0.334 0.188
35 40 0.536 0.232
35 41 0.706 0.262
35 42 0.658 0.264
35 43 0.6 0.213
35 44 0.578 0.26
35 45 0.494 0.178
35 46 0.512 0.203
35 47 0.53 0.282
35 48 0.591 0.198
35 49 0.45 0.13
35 50 0.288 0.059
36 37 0.742 0.286
36 38 0.566 0.249
36 39 0.748 0.142
36 40 0.698 0.196
36 41 0.502 0.241
36 42 0.657 0.303
36 43 0.632 0.227
36 44 0.774 0.311
36 45 0.746 0.26
36 46 0.596 0.238
36 47 0.705 0.311
36 48 0.739 0.257
36 49 0.486 0.144
36 50 0.436 0.215
37 38 0.575 0.197
37 39 0.649 0.199
37 40 0.203 0.192
37 41 0.717 0.154
37 42 0.286 0.13
37 43 0.432 0.182
37 44 0.616 0.267
37 45 0.309 0.19
37 46 0.56 0.285
37 47 0.654 0.136
37 48 0.456 0.254
37 49 0.671 0.265
37 50 0.509 0.273
38 39 0.509 0.162
38 40 0.715 0.344
38 41 0.6 0.199
38 42 0.48 0.112
38 43 0.69 0.17
38 44 0.622 0.156
38 45 0.689 0.198
38 46 0.55 0.28
38 47 0.567 0.293
38 48 0.538 0.131
38 49 0.276 0.224
38 50 0.498 0.249
39 40 0.597 0.331
39 41 0.643 0.099
39 42 0.546 0.161
39 43 0.266 0.233
39 44 0.537 0.252
39 45 0.719 0.2
39 46 0.645 0.281
39 47 0.709 0.291
39 48 0.766 0.285
39 49 0.732 0.168
39 50 0.622 0.235
40 41 0.728 0.271
40 42 0.489 0.263
40 43 0.331 0.282
40 44 0.62 0.325
40 45 0.512 0.354
40 46 0.553 0.286
40 47 0.598 0.328
40 48 0.659 0.386
40 49 0.584 0.318
40 50 0.564 0.291
41 42 0.71 0.198
41 43 0.43 0.262
41 44 0.594 0.258
41 45 0.58 0.299
41 46 0.752 0.25
41 47 0.633 0.241
41 48 0.426 0.322
41 49 0.542 0.267
41 50 0.443 0.272
42 43 0.651 0.25
42 44 0.74 0.268
42 45 0.595 0.244
42 46 0.392 0.264
42 47 0.368 0.262
42 48 0.284 0.124
42 49 0.642 0.22
42 50 0.546 0.223
43 44 0.398 0.186
43 45 0.473 0.199
43 46 0.528 0.224
43 47 0.565 0.318
43 48 0.642 0.219
43 49 0.469 0.083
43 50 0.696 0.154
44 45 0.572 0.23
44 46 0.72 0.259
44 47 0.632 0.227
44 48 0.456 0.266
44 49 0.4 0.182
44 50 0.594 0.201
45 46 0.712 0.177
45 47 0.538 0.191
45 48 0.316 0.138
45 49 0.586 0.116
45 50 0.574 0.119
46 47 0.415 0.317
46 48 0.396 0.197
46 49 0.517 0.141
46 50 0.663 0.144
47 48 0.652 0.329
47 49 0.552 0.307
47 50 0.674 0.31
48 49 0.53 0.136
48 50 0.303 0.139
49 50 0.227 0.071
node_demand
0.225
0.025
0.05
0.025
0.15
0.175
0.2
0.175
0.075
0.025
0.125
0.175
0.175
0.15
0.175
0.125
0.1
0.075
0.15
0.05
0.025
0.125
0.025
0.1
0.175
0.125
0.15
0.125
0.15
0.175
0.2
0.175
0.05
0.15
0.025
0.175
0.15
0.025
0.075
0.1
0.075
0.05
0.05
0.125
0.075
0.05
0.2
0.025
0.175
0.075
