50
0 1 0.432 0.172
0 2 0.443 0.225
0 3 0.435 0.12
0 4 0.736 0.14
0 5 0.694 0.203
0 6 0.599 0.177
0 7 0.579 0.246
0 8 0.725 0.212
0 9 0.421 0.285
0 10 0.698 0.233
0 11 0.406 0.236
0 12 0.375 0.234
0 13 0.316 0.279
0 14 0.288 0.244
0 15 0.677 0.212
0 16 0.552 0.317
0 17 0.654 0.25
0 18 0.716 0.168
0 19 0.554 0.184
0 20 0.68 0.188
0 21 0.558 0.181
0 22 0.704 0.11
0 23 0.715 0.204
0 24 0.613 0.136
0 25 0.617 0.102
0 26 0.567 0.2
0 27 0.482 0.313
0 28 0.803 0.178
0 29 0.426 0.224
0 30 0.737 0.196
0 31 0.521 0.23
0 32 0.36 0.117
0 33 0.74 0.154
0 34 0.632 0.269
0 35 0.665 0.265
0 36 0.543 0.19
0 37 0.494 0.245
0 38 0.375 0.1
0 39 0.578 0.238
0 40 0.225 0.128
0 41 0.408 0.088
0 42 0.537 0.216
0 43 0.458 0.126
0 44 0.434 0.206
0 45 0.614 0.172
0 46 0.726 0.236
0 47 0.539 0.289
0 48 0.508 0.149
0 49 0.468 0.122
0 50 0.372 0.256
1 2 0.598 0.207
1 3 0.366 0.232
1 4 0.677 0.174
1 5 0.61 0.286
1 6 0.694 0.184
1 7 0.656 0.218
1 8 0.656 0.058
1 9 0.527 0.216
1 10 0.492 0.27
1 11 0.531 0.205
1 12 0.464 0.178
1 13 0.63 0.205
1 14 0.633 0.211
1 15 0.572 0.156
1 16 0.52 0.277
1 17 0.292 0.185
1 18 0.53 0.184
1 19 0.42 0.15
1 20 0.435 0.116
1 21 0.432 0.188
1 22 0.687 0.224
1 23 0.539 0.22
1 24 0.577 0.194
1 25 0.552 0.212
1 26 0.728 0.126
1 27 0.724 0.206
1 28 0.521 0.246
1 29 0.554 0.287
1 30 0.514 0.156
1 31 0.589 0.284
1 32 0.282 0.26
1 33 0.522 0.153
1 34 0.616 0.222
1 35 0.318 0.256
1 36 0.778 0.3
1 37 0.672 0.288
1 38 0.473 0.168
1 39 0.716 0.186
1 40 0.657 0.072
1 41 0.528 0.26
1 42 0.478 0.274
1 43 0.242 0.142
1 44 0.56 0.254
1 45 0.729 0.098
1 46 0.78 0.18
1 47 0.47 0.302
1 48 0.59 0.243
1 49 0.238 0.05
1 50 0.514 0.228
2 3 0.484 0.345
2 4 0.356 0.279
2 5 0.88 0.296
2 6 0.668 0.286
2 7 0.766 0.344
2 8 0.303 0.246
2 9 0.726 0.394
2 10 0.644 0.37
2 11 0.686 0.168
2 12 0.535 0.328
2 13 0.5 0.315
2 14 0.518 0.312
2 15 0.63 0.306
2 16 0.482 0.34
2 17 0.774 0.346
2 18 0.769 0.306
2 19 0.674 0.3
2 20 0.606 0.248
2 21 0.58 0.282
2 22 0.76 0.335
2 23 0.677 0.302
2 24 0.598 0.344
2 25 0.554 0.317
2 26 0.707 0.236
2 27 0.712 0.396
2 28 0.613 0.202
2 29 0.613 0.33
2 30 0.685 0.278
2 31 0.726 0.344
2 32 0.596 0.287
2 33 0.407 0.196
2 34 0.496 0.279
2 35 0.685 0.318
2 36 0.684 0.405
2 37 0.56 0.278
2 38 0.818 0.25
2 39 0.61 0.336
2 40 0.668 0.279
2 41 0.654 0.313
2 42 0.564 0.332
2 43 0.394 0.224
2 44 0.621 0.38
2 45 0.27 0.208
2 46 0.688 0.38
2 47 0.744 0.314
2 48 0.678 0.255
2 49 0.504 0.2
2 50 0.334 0.238
3 4 0.557 0.158
3 5 0.69 0.246
3 6 0.568 0.247
3 7 0.823 0.231
3 8 0.29 0.227
3 9 0.519 0.338
3 10 0.546 0.339
3 11 0.468 0.279
3 12 0.713 0.165
3 13 0.484 0.307
3 14 0.662 0.266
3 15 0.442 0.143
3 16 0.568 0.286
3 17 0.658 0.194
3 18 0.442 0.15
3 19 0.352 0.213
3 20 0.665 0.218
3 21 0.663 0.251
3 22 0.358 0.208
3 23 0.714 0.273
3 24 0.672 0.256
3 25 0.584 0.196
3 26 0.65 0.262
3 27 0.468 0.348
3 28 0.606 0.25
3 29 0.67 0.104
3 30 0.586 0.178
3 31 0.6 0.32
3 32 0.648 0.16
3 33 0.777 0.238
3 34 0.25 0.214
3 35 0.364 0.288
3 36 0.442 0.232
3 37 0.525 0.288
3 38 0.668 0.22
3 39 0.586 0.273
3 40 0.374 0.248
3 41 0.17 0.032
3 42 0.642 0.336
3 43 0.608 0.246
3 44 0.594 0.304
3 45 0.574 0.234
3 46 0.622 0.356
3 47 0.466 0.283
3 48 0.356 0.192
3 49 0.534 0.182
3 50 0.72 0.304
4 5 0.788 0.246
4 6 0.461 0.133
4 7 0.713 0.224
4 8 0.622 0.116
4 9 0.37 0.241
4 10 0.512 0.248
4 11 0.712 0.251
4 12 0.561 0.106
4 13 0.526 0.183
4 14 0.718 0.191
4 15 0.274 0.084
4 16 0.552 0.241
4 17 0.586 0.288
4 18 0.539 0.184
4 19 0.46 0.099
4 20 0.469 0.196
4 21 0.66 0.137
4 22 0.711 0.173
4 23 0.425 0.182
4 24 0.762 0.176
4 25 0.48 0.038
4 26 0.754 0.104
4 27 0.579 0.279
4 28 0.469 0.226
4 29 0.786 0.262
4 30 0.448 0.156
4 31 0.771 0.27
4 32 0.591 0.224
4 33 0.584 0.15
4 34 0.62 0.228
4 35 0.564 0.24
4 36 0.438 0.126
4 37 0.478 0.23
4 38 0.772 0.148
4 39 0.418 0.214
4 40 0.63 0.246
4 41 0.416 0.126
4 42 0.741 0.256
4 43 0.722 0.122
4 44 0.721 0.248
4 45 0.296 0.076
4 46 0.332 0.278
4 47 0.628 0.202
4 48 0.702 0.192
4 49 0.642 0.19
4 50 0.672 0.206
5 6 0.538 0.114
5 7 0.495 0.26
5 8 0.85 0.228
5 9 0.728 0.222
5 10 0.761 0.196
5 11 0.663 0.141
5 12 0.508 0.23
5 13 0.564 0.186
5 14 0.524 0.08
5 15 0.794 0.208
5 16 0.763 0.302
5 17 0.574 0.21
5 18 0.555 0.248
5 19 0.656 0.148
5 20 0.785 0.196
5 21 0.647 0.118
5 22 0.626 0.19
5 23 0.686 0.241
5 24 0.461 0.225
5 25 0.652 0.233
5 26 0.334 0.216
5 27 0.618 0.168
5 28 0.578 0.226
5 29 0.461 0.242
5 30 0.748 0.22
5 31 0.646 0.182
5 32 0.564 0.086
5 33 0.661 0.144
5 34 0.512 0.174
5 35 0.532 0.086
5 36 0.787 0.321
5 37 0.389 0.15
5 38 0.866 0.198
5 39 0.65 0.158
5 40 0.469 0.249
5 41 0.52 0.214
5 42 0.76 0.305
5 43 0.511 0.172
5 44 0.472 0.274
5 45 0.679 0.188
5 46 0.566 0.29
5 47 0.38 0.14
5 48 0.705 0.054
5 49 0.474 0.248
5 50 0.566 0.058
6 7 0.64 0.266
6 8 0.723 0.242
6 9 0.252 0.108
6 10 0.308 0.215
6 11 0.648 0.118
6 12 0.764 0.239
6 13 0.748 0.226
6 14 0.62 0.194
6 15 0.566 0.217
6 16 0.607 0.25
6 17 0.542 0.249
6 18 0.614 0.134
6 19 0.725 0.034
6 20 0.384 0.2
6 21 0.568 0.004
6 22 0.627 0.076
6 23 0.352 0.247
6 24 0.577 0.111
6 25 0.498 0.171
6 26 0.704 0.237
6 27 0.56 0.202
6 28 0.204 0.141
6 29 0.561 0.183
6 30 0.463 0.162
6 31 0.772 0.137
6 32 0.602 0.092
6 33 0.558 0.15
6 34 0.704 0.18
6 35 0.376 0.2
6 36 0.74 0.253
6 37 0.382 0.156
6 38 0.554 0.204
6 39 0.558 0.254
6 40 0.695 0.256
6 41 0.466 0.22
6 42 0.61 0.191
6 43 0.509 0.178
6 44 0.725 0.172
6 45 0.672 0.209
6 46 0.494 0.261
6 47 0.528 0.254
6 48 0.498 0.06
6 49 0.543 0.134
6 50 0.695 0.172
7 8 0.651 0.206
7 9 0.854 0.209
7 10 0.402 0.267
7 11 0.355 0.198
7 12 0.749 0.159
7 13 0.772 0.209
7 14 0.654 0.289
7 15 0.606 0.181
7 16 0.778 0.228
7 17 0.532 0.214
7 18 0.458 0.258
7 19 0.568 0.3
7 20 0.476 0.194
7 21 0.606 0.27
7 22 0.547 0.306
7 23 0.288 0.042
7 24 0.627 0.3
7 25 0.82 0.237
7 26 0.742 0.194
7 27 0.548 0.303
7 28 0.686 0.224
7 29 0.153 0.127
7 30 0.397 0.23
7 31 0.699 0.17
7 32 0.604 0.238
7 33 0.617 0.148
7 34 0.766 0.109
7 35 0.508 0.244
7 36 0.691 0.325
7 37 0.796 0.257
7 38 0.76 0.146
7 39 0.462 0.172
7 40 0.676 0.146
7 41 0.777 0.263
7 42 0.592 0.248
7 43 0.585 0.12
7 44 0.658 0.21
7 45 0.6 0.166
7 46 0.607 0.254
7 47 0.537 0.283
7 48 0.592 0.206
7 49 0.703 0.26
7 50 0.533 0.296
8 9 0.675 0.274
8 10 0.632 0.212
8 11 0.7 0.263
8 12 0.584 0.188
8 13 0.686 0.147
8 14 0.672 0.269
8 15 0.495 0.2
8 16 0.785 0.323
8 17 0.708 0.243
8 18 0.648 0.224
8 19 0.628 0.208
8 20 0.569 0.16
8 21 0.663 0.246
8 22 0.54 0.272
8 23 0.721 0.164
8 24 0.714 0.252
8 25 0.57 0.154
8 26 0.584 0.068
8 27 0.576 0.264
8 28 0.7 0.19
8 29 0.498 0.248
8 30 0.49 0.196
8 31 0.628 0.292
8 32 0.686 0.236
8 33 0.71 0.114
8 34 0.54 0.192
8 35 0.654 0.236
8 36 0.451 0.242
8 37 0.758 0.266
8 38 0.902 0.112
8 39 0.454 0.244
8 40 0.554 0.13
8 41 0.46 0.242
8 42 0.598 0.32
8 43 0.697 0.086
8 44 0.393 0.212
8 45 0.494 0.04
8 46 0.53 0.238
8 47 0.756 0.268
8 48 0.442 0.204
8 49 0.67 0.108
8 50 0.523 0.17
9 10 0.452 0.107
9 11 0.792 0.226
9 12 0.634 0.277
9 13 0.737 0.334
9 14 0.502 0.182
9 15 0.622 0.299
9 16 0.785 0.264
9 17 0.7 0.172
9 18 0.666 0.242
9 19 0.514 0.142
9 20 0.636 0.303
9 21 0.82 0.112
9 22 0.556 0.184
9 23 0.604 0.251
9 24 0.518 0.219
9 25 0.745 0.233
9 26 0.72 0.251
9 27 0.308 0.094
9 28 0.456 0.249
9 29 0.703 0.291
9 30 0.646 0.27
9 31 0.733 0.245
9 32 0.592 0.2
9 33 0.53 0.258
9 34 0.454 0.288
9 35 0.628 0.217
9 36 0.61 0.145
9 37 0.58 0.264
9 38 0.717 0.24
9 39 0.766 0.289
9 40 0.522 0.288
9 41 0.349 0.306
9 42 0.772 0.291
9 43 0.702 0.266
9 44 0.587 0.28
9 45 0.656 0.279
9 46 0.504 0.369
9 47 0.502 0.163
9 48 0.517 0.168
9 49 0.555 0.242
9 50 0.566 0.28
10 11 0.34 0.254
10 12 0.468 0.18
10 13 0.528 0.279
10 14 0.474 0.224
10 15 0.684 0.202
10 16 0.818 0.315
10 17 0.509 0.279
10 18 0.59 0.224
10 19 0.483 0.214
10 20 0.36 0.233
10 21 0.564 0.219
10 22 0.474 0.244
10 23 0.547 0.225
10 24 0.618 0.291
10 25 0.418 0.219
10 26 0.63 0.144
10 27 0.668 0.136
10 28 0.489 0.211
10 29 0.528 0.235
10 30 0.439 0.252
10 31 0.626 0.307
10 32 0.533 0.211
10 33 0.658 0.187
10 34 0.489 0.268
10 35 0.541 0.11
10 36 0.517 0.252
10 37 0.506 0.275
10 38 0.452 0.133
10 39 0.691 0.182
10 40 0.573 0.306
10 41 0.544 0.321
10 42 0.476 0.314
10 43 0.25 0.159
10 44 0.623 0.208
10 45 0.564 0.172
10 46 0.53 0.404
10 47 0.516 0.056
10 48 0.19 0.179
10 49 0.301 0.29
10 50 0.554 0.254
11 12 0.567 0.283
11 13 0.714 0.307
11 14 0.649 0.221
11 15 0.566 0.261
11 16 0.575 0.352
11 17 0.423 0.26
11 18 0.443 0.202
11 19 0.652 0.152
11 20 0.557 0.221
11 21 0.392 0.114
11 22 0.41 0.194
11 23 0.643 0.24
11 24 0.796 0.229
11 25 0.568 0.282
11 26 0.595 0.279
11 27 0.597 0.309
11 28 0.584 0.259
11 29 0.202 0.187
11 30 0.632 0.23
11 31 0.514 0.176
11 32 0.249 0.119
11 33 0.596 0.177
11 34 0.554 0.207
11 35 0.634 0.227
11 36 0.5 0.37
11 37 0.706 0.183
11 38 0.646 0.231
11 39 0.536 0.281
11 40 0.631 0.277
11 41 0.561 0.247
11 42 0.796 0.309
11 43 0.59 0.205
11 44 0.55 0.234
11 45 0.416 0.251
11 46 0.656 0.212
11 47 0.586 0.281
11 48 0.53 0.087
11 49 0.641 0.155
11 50 0.582 0.199
12 13 0.494 0.142
12 14 0.663 0.271
12 15 0.635 0.022
12 16 0.356 0.135
12 17 0.756 0.227
12 18 0.645 0.193
12 19 0.572 0.205
12 20 0.572 0.192
12 21 0.759 0.243
12 22 0.524 0.251
12 23 0.797 0.201
12 24 0.634 0.272
12 25 0.45 0.144
12 26 0.47 0.176
12 27 0.649 0.183
12 28 0.774 0.212
12 29 0.686 0.269
12 30 0.584 0.221
12 31 0.802 0.329
12 32 0.318 0.182
12 33 0.593 0.188
12 34 0.463 0.184
12 35 0.582 0.178
12 36 0.61 0.232
12 37 0.466 0.2
12 38 0.646 0.134
12 39 0.584 0.152
12 40 0.588 0.25
12 41 0.545 0.197
12 42 0.5 0.342
12 43 0.706 0.16
12 44 0.453 0.23
12 45 0.265 0.148
12 46 0.762 0.332
12 47 0.43 0.124
12 48 0.474 0.214
12 49 0.657 0.128
12 50 0.552 0.276
13 14 0.604 0.266
13 15 0.516 0.164
13 16 0.774 0.277
13 17 0.338 0.298
13 18 0.594 0.242
13 19 0.238 0.192
13 20 0.364 0.227
13 21 0.651 0.23
13 22 0.548 0.184
13 23 0.536 0.167
13 24 0.558 0.241
13 25 0.326 0.221
13 26 0.382 0.135
13 27 0.49 0.316
13 28 0.622 0.257
13 29 0.726 0.315
13 30 0.443 0.263
13 31 0.548 0.295
13 32 0.588 0.207
13 33 0.639 0.181
13 34 0.438 0.1
13 35 0.64 0.272
13 36 0.578 0.309
13 37 0.588 0.316
13 38 0.427 0.179
13 39 0.66 0.294
13 40 0.541 0.277
13 41 0.541 0.309
13 42 0.599 0.287
13 43 0.592 0.153
13 44 0.293 0.088
13 45 0.298 0.107
13 46 0.61 0.19
13 47 0.513 0.232
13 48 0.554 0.22
13 49 0.42 0.255
13 50 0.688 0.178
14 15 0.562 0.275
14 16 0.84 0.368
14 17 0.604 0.29
14 18 0.496 0.232
14 19 0.468 0.191
14 20 0.516 0.21
14 21 0.53 0.198
14 22 0.674 0.265
14 23 0.516 0.264
14 24 0.672 0.265
14 25 0.55 0.153
14 26 0.722 0.26
14 27 0.194 0.088
14 28 0.616 0.229
14 29 0.589 0.162
14 30 0.509 0.204
14 31 0.296 0.195
14 32 0.519 0.166
14 33 0.646 0.158
14 34 0.412 0.205
14 35 0.38 0.166
14 36 0.669 0.241
14 37 0.442 0.153
14 38 0.622 0.212
14 39 0.65 0.238
14 40 0.513 0.283
14 41 0.588 0.294
14 42 0.467 0.244
14 43 0.671 0.186
14 44 0.616 0.354
14 45 0.676 0.232
14 46 0.523 0.37
14 47 0.532 0.22
14 48 0.664 0.134
14 49 0.65 0.261
14 50 0.574 0.138
15 16 0.769 0.157
15 17 0.374 0.249
15 18 0.265 0.171
15 19 0.278 0.183
15 20 0.495 0.172
15 21 0.594 0.221
15 22 0.758 0.229
15 23 0.548 0.216
15 24 0.598 0.25
15 25 0.59 0.122
15 26 0.48 0.188
15 27 0.582 0.205
15 28 0.553 0.19
15 29 0.645 0.247
15 30 0.561 0.199
15 31 0.557 0.32
15 32 0.317 0.16
15 33 0.53 0.166
15 34 0.588 0.206
15 35 0.574 0.2
15 36 0.712 0.21
15 37 0.667 0.178
15 38 0.536 0.112
15 39 0.144 0.13
15 40 0.596 0.228
15 41 0.557 0.175
15 42 0.687 0.32
15 43 0.564 0.138
15 44 0.552 0.234
15 45 0.481 0.16
15 46 0.606 0.336
15 47 0.649 0.146
15 48 0.669 0.192
15 49 0.383 0.106
15 50 0.606 0.254
16 17 0.5 0.092
16 18 0.871 0.207
16 19 0.58 0.284
16 20 0.641 0.204
16 21 0.674 0.246
16 22 0.721 0.265
16 23 0.848 0.27
16 24 0.544 0.256
16 25 0.607 0.215
16 26 0.429 0.311
16 27 0.662 0.318
16 28 0.503 0.347
16 29 0.682 0.355
16 30 0.72 0.235
16 31 0.611 0.379
16 32 0.452 0.245
16 33 0.733 0.256
16 34 0.779 0.29
16 35 0.838 0.313
16 36 0.384 0.208
16 37 0.81 0.335
16 38 0.552 0.269
16 39 0.74 0.287
16 40 0.702 0.349
16 41 0.436 0.254
16 42 0.762 0.336
16 43 0.678 0.278
16 44 0.774 0.361
16 45 0.621 0.283
16 46 0.435 0.432
16 47 0.786 0.259
16 48 0.628 0.277
16 49 0.592 0.238
16 50 0.583 0.36
17 18 0.429 0.115
17 19 0.576 0.241
17 20 0.524 0.183
17 21 0.408 0.253
17 22 0.483 0.173
17 23 0.52 0.256
17 24 0.635 0.164
17 25 0.664 0.307
17 26 0.543 0.311
17 27 0.578 0.266
17 28 0.56 0.29
17 29 0.625 0.298
17 30 0.498 0.143
17 31 0.776 0.294
17 32 0.574 0.29
17 33 0.729 0.225
17 34 0.649 0.198
17 35 0.606 0.296
17 36 0.649 0.282
17 37 0.63 0.32
17 38 0.696 0.219
17 39 0.518 0.234
17 40 0.624 0.257
17 41 0.493 0.162
17 42 0.77 0.244
17 43 0.534 0.245
17 44 0.621 0.269
17 45 0.636 0.283
17 46 0.488 0.342
17 47 0.732 0.283
17 48 0.563 0.264
17 49 0.53 0.146
17 50 0.44 0.268
18 19 0.543 0.132
18 20 0.23 0.068
18 21 0.646 0.138
18 22 0.583 0.058
18 23 0.485 0.216
18 24 0.676 0.12
18 25 0.458 0.222
18 26 0.727 0.212
18 27 0.647 0.284
18 28 0.818 0.242
18 29 0.5 0.244
18 30 0.309 0.028
18 31 0.497 0.179
18 32 0.582 0.226
18 33 0.637 0.11
18 34 0.586 0.186
18 35 0.546 0.213
18 36 0.706 0.31
18 37 0.59 0.278
18 38 0.478 0.164
18 39 0.409 0.27
18 40 0.816 0.238
18 41 0.612 0.118
18 42 0.422 0.2
18 43 0.599 0.138
18 44 0.644 0.154
18 45 0.746 0.184
18 46 0.844 0.292
18 47 0.51 0.168
18 48 0.404 0.194
18 49 0.648 0.134
18 50 0.598 0.19
19 20 0.506 0.166
19 21 0.747 0.038
19 22 0.53 0.074
19 23 0.68 0.281
19 24 0.32 0.077
19 25 0.312 0.137
19 26 0.413 0.203
19 27 0.59 0.236
19 28 0.756 0.175
19 29 0.488 0.217
19 30 0.585 0.16
19 31 0.53 0.171
19 32 0.463 0.126
19 33 0.52 0.184
19 34 0.372 0.214
19 35 0.716 0.229
19 36 0.564 0.225
19 37 0.63 0.19
19 38 0.665 0.238
19 39 0.422 0.236
19 40 0.539 0.222
19 41 0.522 0.225
19 42 0.526 0.157
19 43 0.49 0.212
19 44 0.469 0.17
19 45 0.404 0.175
19 46 0.575 0.295
19 47 0.596 0.27
19 48 0.54 0.094
19 49 0.182 0.1
19 50 0.764 0.206
20 21 0.416 0.204
20 22 0.71 0.126
20 23 0.666 0.152
20 24 0.607 0.132
20 25 0.49 0.23
20 26 0.681 0.148
20 27 0.417 0.296
20 28 0.588 0.178
20 29 0.573 0.186
20 30 0.079 0.04
20 31 0.552 0.247
20 32 0.528 0.174
20 33 0.407 0.052
20 34 0.635 0.219
20 35 0.332 0.174
20 36 0.601 0.28
20 37 0.647 0.238
20 38 0.566 0.1
20 39 0.639 0.202
20 40 0.591 0.188
20 41 0.781 0.186
20 42 0.569 0.212
20 43 0.369 0.074
20 44 0.482 0.222
20 45 0.662 0.12
20 46 0.746 0.296
20 47 0.484 0.228
20 48 0.55 0.142
20 49 0.5 0.066
20 50 0.396 0.176
21 22 0.583 0.08
21 23 0.486 0.251
21 24 0.682 0.115
21 25 0.519 0.175
21 26 0.496 0.241
21 27 0.724 0.206
21 28 0.655 0.145
21 29 0.453 0.187
21 30 0.495 0.166
21 31 0.368 0.133
21 32 0.641 0.096
21 33 0.708 0.154
21 34 0.772 0.184
21 35 0.552 0.204
21 36 0.628 0.257
21 37 0.624 0.16
21 38 0.726 0.208
21 39 0.45 0.258
21 40 0.783 0.26
21 41 0.833 0.224
21 42 0.634 0.195
21 43 0.442 0.182
21 44 0.615 0.176
21 45 0.494 0.213
21 46 0.54 0.257
21 47 0.4 0.258
21 48 0.612 0.064
21 49 0.67 0.138
21 50 0.35 0.176
22 23 0.372 0.267
22 24 0.688 0.151
22 25 0.62 0.211
22 26 0.292 0.231
22 27 0.6 0.278
22 28 0.53 0.217
22 29 0.612 0.259
22 30 0.631 0.086
22 31 0.538 0.213
22 32 0.659 0.168
22 33 0.526 0.168
22 34 0.608 0.244
22 35 0.378 0.155
22 36 0.58 0.299
22 37 0.613 0.22
22 38 0.844 0.21
22 39 0.661 0.227
22 40 0.584 0.238
22 41 0.528 0.176
22 42 0.639 0.231
22 43 0.669 0.196
22 44 0.718 0.096
22 45 0.49 0.232
22 46 0.379 0.234
22 47 0.53 0.209
22 48 0.468 0.136
22 49 0.5 0.174
22 50 0.656 0.162
23 24 0.589 0.258
23 25 0.668 0.22
23 26 0.664 0.152
23 27 0.322 0.283
23 28 0.556 0.182
23 29 0.441 0.169
23 30 0.66 0.188
23 31 0.42 0.128
23 32 0.666 0.219
23 33 0.389 0.106
23 34 0.54 0.067
23 35 0.588 0.202
23 36 0.608 0.284
23 37 0.508 0.215
23 38 0.472 0.104
23 39 0.649 0.13
23 40 0.824 0.188
23 41 0.768 0.292
23 42 0.554 0.206
23 43 0.297 0.078
23 44 0.724 0.232
23 45 0.721 0.124
23 46 0.651 0.296
23 47 0.493 0.256
23 48 0.44 0.187
23 49 0.597 0.218
23 50 0.343 0.254
24 25 0.632 0.214
24 26 0.396 0.254
24 27 0.736 0.177
24 28 0.6 0.21
24 29 0.601 0.286
24 30 0.528 0.092
24 31 0.839 0.248
24 32 0.65 0.203
24 33 0.2 0.152
24 34 0.64 0.291
24 35 0.474 0.274
24 36 0.77 0.226
24 37 0.522 0.267
24 38 0.462 0.206
24 39 0.644 0.28
24 40 0.452 0.264
24 41 0.61 0.224
24 42 0.455 0.08
24 43 0.54 0.18
24 44 0.459 0.153
24 45 0.566 0.226
24 46 0.438 0.31
24 47 0.626 0.288
24 48 0.688 0.171
24 49 0.339 0.144
24 50 0.852 0.254
25 26 0.372 0.142
25 27 0.73 0.241
25 28 0.527 0.264
25 29 0.679 0.3
25 30 0.569 0.194
25 31 0.462 0.308
25 32 0.768 0.219
25 33 0.716 0.188
25 34 0.527 0.226
25 35 0.527 0.202
25 36 0.252 0.088
25 37 0.544 0.25
25 38 0.644 0.186
25 39 0.734 0.252
25 40 0.484 0.23
25 41 0.585 0.164
25 42 0.514 0.234
25 43 0.457 0.16
25 44 0.619 0.286
25 45 0.544 0.114
25 46 0.474 0.24
25 47 0.679 0.24
25 48 0.228 0.218
25 49 0.494 0.164
25 50 0.592 0.244
26 27 0.814 0.28
26 28 0.545 0.178
26 29 0.589 0.236
26 30 0.7 0.184
26 31 0.83 0.28
26 32 0.71 0.224
26 33 0.596 0.102
26 34 0.596 0.124
26 35 0.67 0.224
26 36 0.624 0.23
26 37 0.662 0.21
26 38 0.776 0.1
26 39 0.504 0.238
26 40 0.622 0.198
26 41 0.744 0.23
26 42 0.57 0.308
26 43 0.486 0.074
26 44 0.426 0.144
26 45 0.68 0.028
26 46 0.666 0.26
26 47 0.694 0.2
26 48 0.6 0.192
26 49 0.595 0.176
26 50 0.709 0.158
27 28 0.514 0.194
27 29 0.395 0.25
27 30 0.338 0.256
27 31 0.49 0.283
27 32 0.592 0.254
27 33 0.536 0.246
27 34 0.218 0.216
27 35 0.574 0.246
27 36 0.478 0.164
27 37 0.636 0.241
27 38 0.446 0.269
27 39 0.526 0.318
27 40 0.6 0.26
27 41 0.47 0.38
27 42 0.661 0.257
27 43 0.619 0.274
27 44 0.754 0.33
27 45 0.482 0.304
27 46 0.329 0.324
27 47 0.714 0.192
27 48 0.517 0.222
27 49 0.486 0.256
27 50 0.665 0.226
28 29 0.533 0.266
28 30 0.623 0.214
28 31 0.7 0.278
28 32 0.48 0.204
28 33 0.4 0.132
28 34 0.646 0.249
28 35 0.58 0.254
28 36 0.536 0.26
28 37 0.586 0.076
28 38 0.472 0.078
28 39 0.588 0.216
28 40 0.854 0.306
28 41 0.436 0.218
28 42 0.422 0.13
28 43 0.66 0.104
28 44 0.6 0.313
28 45 0.598 0.15
28 46 0.578 0.402
28 47 0.636 0.267
28 48 0.674 0.172
28 49 0.574 0.244
28 50 0.77 0.263
29 30 0.55 0.216
29 31 0.546 0.297
29 32 0.451 0.256
29 33 0.464 0.134
29 34 0.613 0.236
29 35 0.432 0.233
29 36 0.62 0.336
29 37 0.714 0.315
29 38 0.631 0.188
29 39 0.615 0.299
29 40 0.651 0.273
29 41 0.624 0.136
29 42 0.594 0.3
29 43 0.607 0.162
29 44 0.552 0.337
29 45 0.536 0.208
29 46 0.454 0.34
29 47 0.384 0.179
29 48 0.64 0.224
29 49 0.66 0.252
29 50 0.38 0.295
30 31 0.631 0.207
30 32 0.607 0.204
30 33 0.328 0.082
30 34 0.556 0.214
30 35 0.253 0.204
30 36 0.522 0.282
30 37 0.578 0.268
30 38 0.608 0.136
30 39 0.672 0.242
30 40 0.512 0.228
30 41 0.702 0.146
30 42 0.49 0.172
30 43 0.386 0.11
30 44 0.561 0.182
30 45 0.67 0.156
30 46 0.667 0.266
30 47 0.405 0.196
30 48 0.486 0.172
30 49 0.421 0.106
30 50 0.475 0.162
31 32 0.513 0.16
31 33 0.652 0.218
31 34 0.708 0.195
31 35 0.588 0.268
31 36 0.444 0.304
31 37 0.47 0.224
31 38 0.41 0.232
31 39 0.701 0.258
31 40 0.652 0.316
31 41 0.701 0.288
31 42 0.524 0.328
31 43 0.717 0.206
31 44 0.59 0.309
31 45 0.537 0.252
31 46 0.819 0.388
31 47 0.436 0.322
31 48 0.511 0.128
31 49 0.5 0.271
31 50 0.402 0.24
32 33 0.564 0.122
32 34 0.566 0.152
32 35 0.527 0.172
32 36 0.749 0.307
32 37 0.678 0.128
32 38 0.735 0.176
32 39 0.461 0.162
32 40 0.585 0.245
32 41 0.49 0.128
32 42 0.76 0.252
32 43 0.524 0.15
32 44 0.771 0.264
32 45 0.583 0.196
32 46 0.738 0.331
32 47 0.614 0.226
32 48 0.723 0.032
32 49 0.52 0.226
32 50 0.732 0.144
33 34 0.72 0.173
33 35 0.581 0.122
33 36 0.585 0.234
33 37 0.508 0.186
33 38 0.654 0.054
33 39 0.674 0.192
33 40 0.652 0.225
33 41 0.607 0.228
33 42 0.655 0.232
33 43 0.408 0.028
33 44 0.659 0.246
33 45 0.677 0.074
33 46 0.401 0.333
33 47 0.686 0.176
33 48 0.488 0.09
33 49 0.489 0.118
33 50 0.652 0.202
34 35 0.578 0.26
34 36 0.49 0.314
34 37 0.614 0.216
34 38 0.652 0.171
34 39 0.732 0.197
34 40 0.555 0.255
34 41 0.404 0.246
34 42 0.585 0.273
34 43 0.739 0.145
34 44 0.536 0.188
34 45 0.324 0.152
34 46 0.372 0.248
34 47 0.496 0.308
34 48 0.299 0.12
34 49 0.554 0.257
34 50 0.638 0.232
35 36 0.758 0.29
35 37 0.354 0.236
35 38 0.517 0.176
35 39 0.712 0.072
35 40 0.44 0.304
35 41 0.534 0.274
35 42 0.719 0.354
35 43 0.291 0.15
35 44 0.728 0.251
35 45 0.644 0.196
35 46 0.662 0.376
35 47 0.152 0.054
35 48 0.67 0.14
35 49 0.556 0.208
35 50 0.688 0.144
36 37 0.792 0.336
36 38 0.564 0.23
36 39 0.648 0.34
36 40 0.318 0.277
36 41 0.559 0.252
36 42 0.559 0.146
36 43 0.584 0.206
36 44 0.766 0.345
36 45 0.616 0.202
36 46 0.726 0.328
36 47 0.718 0.308
36 48 0.476 0.306
36 49 0.54 0.252
36 50 0.628 0.332
37 38 0.578 0.154
37 39 0.796 0.29
37 40 0.509 0.36
37 41 0.65 0.256
37 42 0.46 0.206
37 43 0.645 0.18
37 44 0.758 0.316
37 45 0.29 0.226
37 46 0.738 0.395
37 47 0.506 0.29
37 48 0.316 0.096
37 49 0.496 0.284
37 50 0.334 0.208
38 39 0.538 0.138
38 40 0.4 0.228
38 41 0.743 0.188
38 42 0.718 0.208
38 43 0.521 0.026
38 44 0.631 0.244
38 45 0.725 0.072
38 46 0.615 0.336
38 47 0.644 0.189
38 48 0.544 0.144
38 49 0.711 0.166
38 50 0.747 0.202
39 40 0.546 0.258
39 41 0.701 0.29
39 42 0.831 0.336
39 43 0.671 0.164
39 44 0.696 0.323
39 45 0.625 0.21
39 46 0.75 0.366
39 47 0.671 0.126
39 48 0.597 0.194
39 49 0.527 0.136
39 50 0.462 0.124
40 41 0.544 0.216
40 42 0.742 0.344
40 43 0.683 0.214
40 44 0.448 0.326
40 45 0.642 0.17
40 46 0.89 0.108
40 47 0.592 0.25
40 48 0.712 0.277
40 49 0.498 0.122
40 50 0.538 0.3
41 42 0.643 0.304
41 43 0.585 0.214
41 44 0.672 0.272
41 45 0.693 0.202
41 46 0.56 0.324
41 47 0.636 0.286
41 48 0.357 0.16
41 49 0.704 0.21
41 50 0.721 0.272
42 43 0.473 0.234
42 44 0.306 0.199
42 45 0.492 0.28
42 46 0.422 0.39
42 47 0.567 0.368
42 48 0.286 0.251
42 49 0.344 0.224
42 50 0.65 0.334
43 44 0.496 0.218
43 45 0.664 0.046
43 46 0.684 0.322
43 47 0.443 0.204
43 48 0.44 0.118
43 49 0.48 0.14
43 50 0.428 0.176
44 45 0.591 0.172
44 46 0.653 0.278
44 47 0.806 0.264
44 48 0.592 0.232
44 49 0.322 0.204
44 50 0.424 0.217
45 46 0.588 0.278
45 47 0.695 0.228
45 48 0.606 0.164
45 49 0.586 0.148
45 50 0.58 0.13
46 47 0.63 0.358
46 48 0.477 0.299
46 49 0.658 0.23
46 50 0.834 0.348
47 48 0.698 0.194
47 49 0.564 0.252
47 50 0.667 0.198
48 49 0.491 0.194
48 50 0.364 0.112
49 50 0.65 0.232
node_demand
0.1
0.225
0.125
0.175
0.175
0.05
0.175
0.15
0.125
0.175
0.2
0.025
0.125
0.15
0.075
0.125
0.025
0.125
0.075
0.175
0.025
0.2
0.15
0.05
0.125
0.1
0.075
0.05
0.15
0.175
0.15
0.15
0.15
0.2
0.1
0.1
0.225
0.05
0.075
0.2
0.225
0.1
0.15
0.125
0.2
0.225
0.1
0.175
0.225
0.15
