50
0 1 0.551 0.272
0 2 0.508 0.2
0 3 0.49 0.224
0 4 0.656 0.222
0 5 0.688 0.274
0 6 0.502 0.202
0 7 0.594 0.23
0 8 0.672 0.142
0 9 0.586 0.316
0 10 0.41 0.086
0 11 0.53 0.294
0 12 0.544 0.214
0 13 0.699 0.257
0 14 0.526 0.184
0 15 0.638 0.18
0 16 0.544 0.157
0 17 0.579 0.28
0 18 0.36 0.206
0 19 0.488 0.13
0 20 0.522 0.128
0 21 0.592 0.224
0 22 0.522 0.181
0 23 0.692 0.099
0 24 0.613 0.158
0 25 0.392 0.092
0 26 0.56 0.222
0 27 0.646 0.085
0 28 0.612 0.22
0 29 0.736 0.264
0 30 0.428 0.269
0 31 0.661 0.17
0 32 0.664 0.291
0 33 0.69 0.225
0 34 0.576 0.257
0 35 0.494 0.245
0 36 0.411 0.343
0 37 0.64 0.159
0 38 0.44 0.181
0 39 0.492 0.202
0 40 0.655 0.232
0 41 0.622 0.206
0 42 0.598 0.237
0 43 0.659 0.261
0 44 0.772 0.181
0 45 0.677 0.265
0 46 0.198 0.16
0 47 0.6 0.259
0 48 0.493 0.218
0 49 0.558 0.282
0 50 0.544 0.142
1 2 0.414 0.193
1 3 0.8 0.235
1 4 0.57 0.155
1 5 0.424 0.225
1 6 0.608 0.243
1 7 0.484 0.153
1 8 0.517 0.241
1 9 0.111 0.051
1 10 0.576 0.291
1 11 0.598 0.276
1 12 0.671 0.228
1 13 0.605 0.19
1 14 0.644 0.1
1 15 0.56 0.203
1 16 0.673 0.251
1 17 0.564 0.256
1 18 0.337 0.187
1 19 0.543 0.266
1 20 0.683 0.249
1 21 0.286 0.172
1 22 0.498 0.264
1 23 0.687 0.303
1 24 0.296 0.126
1 25 0.644 0.192
1 26 0.46 0.209
1 27 0.38 0.192
1 28 0.682 0.265
1 29 0.482 0.103
1 30 0.423 0.143
1 31 0.501 0.262
1 32 0.288 0.094
1 33 0.561 0.202
1 34 0.51 0.156
1 35 0.65 0.224
1 36 0.568 0.323
1 37 0.491 0.296
1 38 0.474 0.261
1 39 0.683 0.168
1 40 0.346 0.198
1 41 0.638 0.078
1 42 0.416 0.205
1 43 0.671 0.342
1 44 0.574 0.197
1 45 0.602 0.326
1 46 0.499 0.112
1 47 0.484 0.244
1 48 0.508 0.302
1 49 0.558 0.291
1 50 0.516 0.188
2 3 0.62 0.204
2 4 0.568 0.188
2 5 0.638 0.283
2 6 0.572 0.137
2 7 0.511 0.139
2 8 0.478 0.25
2 9 0.448 0.241
2 10 0.583 0.243
2 11 0.525 0.26
2 12 0.601 0.243
2 13 0.191 0.14
2 14 0.655 0.201
2 15 0.59 0.189
2 16 0.462 0.14
2 17 0.407 0.259
2 18 0.59 0.245
2 19 0.528 0.267
2 20 0.545 0.201
2 21 0.554 0.238
2 22 0.396 0.165
2 23 0.515 0.21
2 24 0.466 0.227
2 25 0.478 0.22
2 26 0.782 0.196
2 27 0.482 0.2
2 28 0.381 0.172
2 29 0.692 0.189
2 30 0.706 0.333
2 31 0.623 0.298
2 32 0.615 0.099
2 33 0.228 0.16
2 34 0.787 0.283
2 35 0.35 0.229
2 36 0.681 0.327
2 37 0.36 0.255
2 38 0.374 0.23
2 39 0.269 0.132
2 40 0.443 0.157
2 41 0.574 0.223
2 42 0.34 0.174
2 43 0.31 0.244
2 44 0.649 0.104
2 45 0.404 0.204
2 46 0.693 0.246
2 47 0.658 0.308
2 48 0.598 0.203
2 49 0.482 0.26
2 50 0.647 0.17
3 4 0.455 0.178
3 5 0.696 0.243
3 6 0.525 0.184
3 7 0.667 0.181
3 8 0.676 0.194
3 9 0.698 0.184
3 10 0.611 0.138
3 11 0.724 0.25
3 12 0.724 0.102
3 13 0.81 0.148
3 14 0.766 0.187
3 15 0.588 0.149
3 16 0.708 0.082
3 17 0.652 0.275
3 18 0.561 0.143
3 19 0.627 0.167
3 20 0.791 0.171
3 21 0.674 0.236
3 22 0.782 0.156
3 23 0.722 0.256
3 24 0.667 0.213
3 25 0.577 0.184
3 26 0.512 0.206
3 27 0.783 0.154
3 28 0.551 0.094
3 29 0.712 0.132
3 30 0.387 0.276
3 31 0.308 0.238
3 32 0.782 0.267
3 33 0.669 0.15
3 34 0.543 0.092
3 35 0.72 0.248
3 36 0.773 0.276
3 37 0.599 0.065
3 38 0.59 0.086
3 39 0.662 0.256
3 40 0.454 0.163
3 41 0.35 0.19
3 42 0.685 0.03
3 43 0.35 0.226
3 44 0.646 0.25
3 45 0.73 0.171
3 46 0.47 0.243
3 47 0.728 0.164
3 48 0.516 0.194
3 49 0.827 0.116
3 50 0.472 0.221
4 5 0.745 0.278
4 6 0.53 0.226
4 7 0.632 0.195
4 8 0.504 0.192
4 9 0.597 0.104
4 10 0.374 0.136
4 11 0.49 0.263
4 12 0.71 0.264
4 13 0.64 0.326
4 14 0.725 0.236
4 15 0.597 0.245
4 16 0.682 0.096
4 17 0.607 0.246
4 18 0.608 0.24
4 19 0.618 0.272
4 20 0.432 0.094
4 21 0.684 0.225
4 22 0.452 0.25
4 23 0.762 0.259
4 24 0.856 0.262
4 25 0.821 0.198
4 26 0.352 0.22
4 27 0.328 0.168
4 28 0.576 0.27
4 29 0.829 0.156
4 30 0.598 0.164
4 31 0.558 0.259
4 32 0.502 0.089
4 33 0.62 0.164
4 34 0.706 0.209
4 35 0.627 0.219
4 36 0.647 0.33
4 37 0.624 0.2
4 38 0.691 0.126
4 39 0.716 0.285
4 40 0.721 0.251
4 41 0.363 0.214
4 42 0.533 0.182
4 43 0.727 0.329
4 44 0.684 0.173
4 45 0.55 0.306
4 46 0.695 0.267
4 47 0.655 0.204
4 48 0.82 0.288
4 49 0.391 0.262
4 50 0.485 0.248
5 6 0.599 0.366
5 7 0.41 0.144
5 8 0.652 0.251
5 9 0.313 0.174
5 10 0.572 0.307
5 11 0.602 0.356
5 12 0.7 0.248
5 13 0.606 0.391
5 14 0.692 0.262
5 15 0.489 0.094
5 16 0.664 0.243
5 17 0.362 0.202
5 18 0.338 0.171
5 19 0.554 0.352
5 20 0.61 0.305
5 21 0.71 0.295
5 22 0.571 0.367
5 23 0.525 0.234
5 24 0.623 0.236
5 25 0.505 0.216
5 26 0.652 0.337
5 27 0.582 0.315
5 28 0.753 0.337
5 29 0.66 0.194
5 30 0.576 0.266
5 31 0.505 0.294
5 32 0.596 0.319
5 33 0.504 0.281
5 34 0.811 0.222
5 35 0.703 0.38
5 36 0.351 0.24
5 37 0.742 0.308
5 38 0.55 0.322
5 39 0.568 0.274
5 40 0.62 0.289
5 41 0.696 0.252
5 42 0.485 0.266
5 43 0.716 0.307
5 44 0.789 0.33
5 45 0.52 0.246
5 46 0.49 0.242
5 47 0.717 0.338
5 48 0.458 0.336
5 49 0.526 0.227
5 50 0.574 0.166
6 7 0.728 0.258
6 8 0.713 0.164
6 9 0.677 0.192
6 10 0.535 0.22
6 11 0.599 0.214
6 12 0.57 0.286
6 13 0.596 0.186
6 14 0.682 0.192
6 15 0.706 0.308
6 16 0.825 0.182
6 17 0.533 0.289
6 18 0.723 0.224
6 19 0.736 0.161
6 20 0.606 0.262
6 21 0.636 0.25
6 22 0.539 0.028
6 23 0.58 0.301
6 24 0.52 0.166
6 25 0.538 0.232
6 26 0.607 0.17
6 27 0.603 0.124
6 28 0.65 0.278
6 29 0.303 0.232
6 30 0.756 0.284
6 31 0.579 0.182
6 32 0.662 0.236
6 33 0.542 0.114
6 34 0.506 0.275
6 35 0.654 0.214
6 36 0.248 0.19
6 37 0.414 0.208
6 38 0.297 0.1
6 39 0.66 0.241
6 40 0.47 0.195
6 41 0.536 0.214
6 42 0.455 0.154
6 43 0.262 0.228
6 44 0.608 0.205
6 45 0.691 0.314
6 46 0.677 0.314
6 47 0.548 0.178
6 48 0.632 0.066
6 49 0.418 0.218
6 50 0.422 0.238
7 8 0.535 0.188
7 9 0.454 0.102
7 10 0.348 0.194
7 11 0.436 0.243
7 12 0.29 0.104
7 13 0.702 0.279
7 14 0.403 0.13
7 15 0.079 0.05
7 16 0.254 0.099
7 17 0.245 0.204
7 18 0.47 0.238
7 19 0.55 0.287
7 20 0.2 0.161
7 21 0.573 0.223
7 22 0.546 0.23
7 23 0.57 0.19
7 24 0.581 0.156
7 25 0.642 0.172
7 26 0.568 0.223
7 27 0.584 0.171
7 28 0.55 0.258
7 29 0.518 0.05
7 30 0.563 0.194
7 31 0.672 0.166
7 32 0.76 0.238
7 33 0.588 0.167
7 34 0.474 0.207
7 35 0.506 0.275
7 36 0.538 0.317
7 37 0.392 0.243
7 38 0.592 0.208
7 39 0.402 0.23
7 40 0.537 0.145
7 41 0.388 0.108
7 42 0.505 0.152
7 43 0.586 0.257
7 44 0.586 0.186
7 45 0.379 0.282
7 46 0.632 0.198
7 47 0.48 0.286
7 48 0.38 0.192
7 49 0.497 0.183
7 50 0.51 0.122
8 9 0.582 0.19
8 10 0.263 0.056
8 11 0.674 0.224
8 12 0.618 0.184
8 13 0.669 0.218
8 14 0.608 0.152
8 15 0.614 0.157
8 16 0.584 0.237
8 17 0.29 0.25
8 18 0.356 0.217
8 19 0.55 0.164
8 20 0.541 0.098
8 21 0.318 0.22
8 22 0.418 0.136
8 23 0.48 0.241
8 24 0.48 0.178
8 25 0.726 0.135
8 26 0.534 0.238
8 27 0.542 0.227
8 28 0.465 0.19
8 29 0.41 0.138
8 30 0.487 0.246
8 31 0.368 0.067
8 32 0.793 0.184
8 33 0.25 0.182
8 34 0.353 0.268
8 35 0.655 0.263
8 36 0.537 0.223
8 37 0.566 0.129
8 38 0.65 0.237
8 39 0.32 0.193
8 40 0.465 0.212
8 41 0.472 0.174
8 42 0.531 0.224
8 43 0.633 0.158
8 44 0.648 0.146
8 45 0.448 0.235
8 46 0.518 0.161
8 47 0.442 0.228
8 48 0.492 0.098
8 49 0.645 0.25
8 50 0.35 0.085
9 10 0.536 0.24
9 11 0.592 0.327
9 12 0.614 0.206
9 13 0.582 0.241
9 14 0.62 0.132
9 15 0.533 0.152
9 16 0.564 0.2
9 17 0.593 0.288
9 18 0.226 0.136
9 19 0.585 0.215
9 20 0.612 0.198
9 21 0.397 0.121
9 22 0.393 0.22
9 23 0.798 0.292
9 24 0.407 0.158
9 25 0.533 0.224
9 26 0.571 0.241
9 27 0.269 0.243
9 28 0.641 0.26
9 29 0.593 0.052
9 30 0.312 0.092
9 31 0.39 0.257
9 32 0.399 0.145
9 33 0.561 0.234
9 34 0.498 0.105
9 35 0.539 0.275
9 36 0.512 0.319
9 37 0.468 0.245
9 38 0.38 0.21
9 39 0.62 0.219
9 40 0.457 0.147
9 41 0.542 0.11
9 42 0.305 0.154
9 43 0.675 0.348
9 44 0.592 0.229
9 45 0.664 0.351
9 46 0.388 0.163
9 47 0.595 0.193
9 48 0.619 0.258
9 49 0.447 0.24
9 50 0.627 0.178
10 11 0.644 0.28
10 12 0.624 0.128
10 13 0.683 0.227
10 14 0.574 0.208
10 15 0.427 0.213
10 16 0.412 0.22
10 17 0.445 0.194
10 18 0.483 0.273
10 19 0.324 0.202
10 20 0.548 0.042
10 21 0.581 0.273
10 22 0.577 0.192
10 23 0.656 0.185
10 24 0.742 0.23
10 25 0.721 0.178
10 26 0.59 0.236
10 27 0.592 0.171
10 28 0.202 0.134
10 29 0.673 0.194
10 30 0.224 0.19
10 31 0.631 0.123
10 32 0.563 0.215
10 33 0.513 0.238
10 34 0.552 0.23
10 35 0.58 0.263
10 36 0.482 0.279
10 37 0.677 0.073
10 38 0.604 0.181
10 39 0.583 0.249
10 40 0.698 0.156
10 41 0.58 0.23
10 42 0.446 0.168
10 43 0.37 0.214
10 44 0.488 0.139
10 45 0.603 0.179
10 46 0.321 0.217
10 47 0.588 0.259
10 48 0.536 0.154
10 49 0.588 0.247
10 50 0.613 0.141
11 12 0.496 0.31
11 13 0.334 0.212
11 14 0.398 0.246
11 15 0.515 0.279
11 16 0.69 0.168
11 17 0.681 0.222
11 18 0.52 0.21
11 19 0.632 0.278
11 20 0.614 0.322
11 21 0.397 0.216
11 22 0.425 0.186
11 23 0.747 0.346
11 24 0.366 0.268
11 25 0.51 0.202
11 26 0.482 0.156
11 27 0.549 0.24
11 28 0.49 0.344
11 29 0.481 0.282
11 30 0.724 0.32
11 31 0.416 0.157
11 32 0.628 0.342
11 33 0.532 0.1
11 34 0.34 0.261
11 35 0.672 0.288
11 36 0.6 0.202
11 37 0.502 0.216
11 38 0.302 0.278
11 39 0.56 0.305
11 40 0.579 0.297
11 41 0.548 0.224
11 42 0.294 0.222
11 43 0.796 0.066
11 44 0.635 0.24
11 45 0.563 0.11
11 46 0.682 0.21
11 47 0.595 0.282
11 48 0.681 0.224
11 49 0.436 0.254
11 50 0.426 0.252
12 13 0.526 0.25
12 14 0.583 0.172
12 15 0.369 0.154
12 16 0.544 0.184
12 17 0.442 0.308
12 18 0.388 0.207
12 19 0.624 0.269
12 20 0.49 0.17
12 21 0.546 0.284
12 22 0.573 0.258
12 23 0.545 0.294
12 24 0.375 0.198
12 25 0.494 0.264
12 26 0.358 0.281
12 27 0.688 0.212
12 28 0.622 0.196
12 29 0.533 0.154
12 30 0.446 0.298
12 31 0.802 0.251
12 32 0.548 0.322
12 33 0.72 0.252
12 34 0.61 0.194
12 35 0.741 0.35
12 36 0.61 0.378
12 37 0.682 0.167
12 38 0.6 0.188
12 39 0.614 0.298
12 40 0.588 0.249
12 41 0.374 0.15
12 42 0.442 0.132
12 43 0.778 0.328
12 44 0.493 0.267
12 45 0.284 0.273
12 46 0.55 0.302
12 47 0.542 0.266
12 48 0.586 0.282
12 49 0.574 0.218
12 50 0.486 0.226
13 14 0.732 0.222
13 15 0.781 0.297
13 16 0.653 0.23
13 17 0.598 0.326
13 18 0.664 0.291
13 19 0.62 0.127
13 20 0.534 0.26
13 21 0.511 0.221
13 22 0.577 0.158
13 23 0.632 0.16
13 24 0.357 0.196
13 25 0.476 0.262
13 26 0.764 0.3
13 27 0.673 0.254
13 28 0.572 0.2
13 29 0.551 0.271
13 30 0.748 0.333
13 31 0.75 0.216
13 32 0.591 0.239
13 33 0.419 0.244
13 34 0.636 0.24
13 35 0.426 0.236
13 36 0.629 0.245
13 37 0.342 0.154
13 38 0.542 0.234
13 39 0.396 0.272
13 40 0.487 0.249
13 41 0.598 0.244
13 42 0.531 0.178
13 43 0.501 0.176
13 44 0.58 0.172
13 45 0.595 0.26
13 46 0.502 0.302
13 47 0.475 0.293
13 48 0.649 0.12
13 49 0.662 0.264
13 50 0.72 0.303
14 15 0.482 0.168
14 16 0.657 0.194
14 17 0.648 0.156
14 18 0.49 0.228
14 19 0.506 0.228
14 20 0.488 0.194
14 21 0.598 0.231
14 22 0.446 0.164
14 23 0.708 0.203
14 24 0.48 0.026
14 25 0.488 0.092
14 26 0.373 0.109
14 27 0.57 0.193
14 28 0.372 0.19
14 29 0.664 0.08
14 30 0.742 0.224
14 31 0.504 0.17
14 32 0.375 0.194
14 33 0.562 0.146
14 34 0.48 0.226
14 35 0.692 0.224
14 36 0.434 0.223
14 37 0.6 0.198
14 38 0.473 0.238
14 39 0.462 0.126
14 40 0.693 0.1
14 41 0.416 0.022
14 42 0.315 0.182
14 43 0.554 0.261
14 44 0.448 0.097
14 45 0.756 0.268
14 46 0.328 0.212
14 47 0.758 0.292
14 48 0.681 0.202
14 49 0.457 0.268
14 50 0.294 0.136
15 16 0.333 0.149
15 17 0.324 0.254
15 18 0.446 0.204
15 19 0.629 0.258
15 20 0.279 0.211
15 21 0.494 0.273
15 22 0.478 0.28
15 23 0.649 0.14
15 24 0.502 0.142
15 25 0.681 0.122
15 26 0.489 0.252
15 27 0.602 0.221
15 28 0.629 0.243
15 29 0.597 0.1
15 30 0.484 0.244
15 31 0.751 0.2
15 32 0.702 0.284
15 33 0.646 0.217
15 34 0.553 0.241
15 35 0.486 0.286
15 36 0.459 0.331
15 37 0.471 0.214
15 38 0.671 0.228
15 39 0.481 0.18
15 40 0.616 0.195
15 41 0.467 0.158
15 42 0.56 0.172
15 43 0.507 0.213
15 44 0.665 0.236
15 45 0.458 0.277
15 46 0.608 0.148
15 47 0.559 0.306
15 48 0.459 0.242
15 49 0.418 0.133
15 50 0.584 0.072
16 17 0.499 0.272
16 18 0.662 0.178
16 19 0.532 0.238
16 20 0.359 0.19
16 21 0.728 0.302
16 22 0.502 0.154
16 23 0.502 0.212
16 24 0.377 0.168
16 25 0.554 0.102
16 26 0.363 0.124
16 27 0.508 0.072
16 28 0.614 0.176
16 29 0.545 0.149
16 30 0.636 0.25
16 31 0.472 0.18
16 32 0.66 0.185
16 33 0.334 0.068
16 34 0.39 0.174
16 35 0.578 0.256
16 36 0.577 0.316
16 37 0.512 0.147
16 38 0.712 0.168
16 39 0.624 0.189
16 40 0.526 0.183
16 41 0.539 0.192
16 42 0.633 0.112
16 43 0.597 0.234
16 44 0.442 0.168
16 45 0.633 0.253
16 46 0.612 0.228
16 47 0.598 0.246
16 48 0.444 0.192
16 49 0.751 0.198
16 50 0.661 0.152
17 18 0.646 0.301
17 19 0.522 0.28
17 20 0.445 0.152
17 21 0.579 0.208
17 22 0.45 0.268
17 23 0.398 0.285
17 24 0.66 0.13
17 25 0.538 0.196
17 26 0.557 0.26
17 27 0.574 0.285
17 28 0.614 0.328
17 29 0.54 0.236
17 30 0.518 0.304
17 31 0.56 0.274
17 32 0.568 0.214
17 33 0.54 0.204
17 34 0.579 0.298
17 35 0.596 0.281
17 36 0.618 0.262
17 37 0.398 0.218
17 38 0.598 0.189
17 39 0.206 0.188
17 40 0.472 0.204
17 41 0.488 0.178
17 42 0.502 0.245
17 43 0.428 0.288
17 44 0.662 0.249
17 45 0.158 0.112
17 46 0.575 0.272
17 47 0.403 0.136
17 48 0.625 0.306
17 49 0.36 0.256
17 50 0.366 0.246
18 19 0.648 0.228
18 20 0.594 0.314
18 21 0.556 0.257
18 22 0.548 0.196
18 23 0.656 0.247
18 24 0.588 0.248
18 25 0.752 0.182
18 26 0.746 0.166
18 27 0.495 0.23
18 28 0.415 0.181
18 29 0.468 0.188
18 30 0.538 0.21
18 31 0.616 0.25
18 32 0.625 0.281
18 33 0.5 0.11
18 34 0.709 0.051
18 35 0.561 0.298
18 36 0.689 0.186
18 37 0.677 0.208
18 38 0.542 0.229
18 39 0.674 0.113
18 40 0.532 0.177
18 41 0.542 0.234
18 42 0.531 0.173
18 43 0.522 0.276
18 44 0.784 0.25
18 45 0.672 0.308
18 46 0.162 0.1
18 47 0.672 0.292
18 48 0.436 0.234
18 49 0.668 0.259
18 50 0.42 0.132
19 20 0.35 0.238
19 21 0.496 0.094
19 22 0.468 0.133
19 23 0.636 0.229
19 24 0.587 0.202
19 25 0.714 0.136
19 26 0.266 0.174
19 27 0.592 0.215
19 28 0.516 0.261
19 29 0.743 0.267
19 30 0.548 0.307
19 31 0.449 0.173
19 32 0.368 0.25
19 33 0.3 0.219
19 34 0.508 0.259
19 35 0.657 0.306
19 36 0.624 0.22
19 37 0.436 0.132
19 38 0.636 0.24
19 39 0.504 0.294
19 40 0.374 0.224
19 41 0.646 0.25
19 42 0.599 0.197
19 43 0.642 0.264
19 44 0.668 0.228
19 45 0.364 0.168
19 46 0.645 0.262
19 47 0.648 0.166
19 48 0.212 0.095
19 49 0.62 0.247
19 50 0.612 0.186
20 21 0.451 0.231
20 22 0.51 0.234
20 23 0.37 0.165
20 24 0.5 0.22
20 25 0.664 0.22
20 26 0.614 0.194
20 27 0.634 0.193
20 28 0.521 0.176
20 29 0.494 0.211
20 30 0.46 0.152
20 31 0.522 0.165
20 32 0.705 0.183
20 33 0.552 0.237
20 34 0.274 0.263
20 35 0.582 0.229
20 36 0.359 0.321
20 37 0.192 0.106
20 38 0.392 0.214
20 39 0.602 0.226
20 40 0.337 0.198
20 41 0.588 0.216
20 42 0.55 0.201
20 43 0.582 0.256
20 44 0.386 0.097
20 45 0.579 0.212
20 46 0.716 0.259
20 47 0.49 0.288
20 48 0.499 0.196
20 49 0.527 0.28
20 50 0.635 0.183
21 22 0.667 0.227
21 23 0.401 0.228
21 24 0.484 0.207
21 25 0.69 0.23
21 26 0.619 0.268
21 27 0.666 0.23
21 28 0.428 0.33
21 29 0.728 0.173
21 30 0.434 0.213
21 31 0.646 0.233
21 32 0.496 0.266
21 33 0.5 0.254
21 34 0.671 0.226
21 35 0.436 0.279
21 36 0.614 0.198
21 37 0.259 0.218
21 38 0.378 0.15
21 39 0.638 0.34
21 40 0.404 0.268
21 41 0.561 0.231
21 42 0.536 0.206
21 43 0.464 0.233
21 44 0.534 0.134
21 45 0.684 0.262
21 46 0.394 0.284
21 47 0.198 0.072
21 48 0.284 0.189
21 49 0.546 0.292
21 50 0.439 0.28
22 23 0.664 0.28
22 24 0.472 0.138
22 25 0.644 0.204
22 26 0.536 0.142
22 27 0.124 0.096
22 28 0.476 0.25
22 29 0.47 0.228
22 30 0.566 0.279
22 31 0.571 0.203
22 32 0.478 0.264
22 33 0.168 0.086
22 34 0.622 0.247
22 35 0.48 0.242
22 36 0.438 0.162
22 37 0.489 0.221
22 38 0.289 0.128
22 39 0.598 0.213
22 40 0.383 0.167
22 41 0.514 0.186
22 42 0.131 0.126
22 43 0.659 0.236
22 44 0.4 0.192
22 45 0.608 0.294
22 46 0.386 0.296
22 47 0.642 0.206
22 48 0.416 0.038
22 49 0.273 0.19
22 50 0.636 0.221
23 24 0.4 0.229
23 25 0.591 0.191
23 26 0.623 0.278
23 27 0.62 0.184
23 28 0.735 0.3
23 29 0.57 0.24
23 30 0.783 0.317
23 31 0.414 0.269
23 32 0.733 0.276
23 33 0.73 0.246
23 34 0.559 0.196
23 35 0.563 0.146
23 36 0.485 0.284
23 37 0.562 0.258
23 38 0.632 0.28
23 39 0.246 0.14
23 40 0.586 0.288
23 41 0.52 0.225
23 42 0.713 0.226
23 43 0.66 0.336
23 44 0.264 0.106
23 45 0.512 0.327
23 46 0.494 0.239
23 47 0.599 0.3
23 48 0.424 0.28
23 49 0.571 0.183
23 50 0.61 0.212
24 25 0.42 0.066
24 26 0.733 0.135
24 27 0.596 0.219
24 28 0.708 0.216
24 29 0.623 0.106
24 30 0.688 0.23
24 31 0.566 0.144
24 32 0.584 0.22
24 33 0.428 0.172
24 34 0.706 0.2
24 35 0.501 0.216
24 36 0.272 0.197
24 37 0.358 0.172
24 38 0.558 0.264
24 39 0.646 0.152
24 40 0.213 0.074
24 41 0.553 0.048
24 42 0.497 0.208
24 43 0.727 0.235
24 44 0.653 0.123
24 45 0.659 0.242
24 46 0.426 0.192
24 47 0.487 0.266
24 48 0.375 0.176
24 49 0.639 0.275
24 50 0.586 0.116
25 26 0.748 0.13
25 27 0.768 0.174
25 28 0.848 0.278
25 29 0.572 0.172
25 30 0.497 0.177
25 31 0.6 0.078
25 32 0.526 0.262
25 33 0.476 0.17
25 34 0.85 0.233
25 35 0.706 0.194
25 36 0.692 0.263
25 37 0.472 0.238
25 38 0.672 0.268
25 39 0.706 0.158
25 40 0.47 0.14
25 41 0.458 0.114
25 42 0.617 0.214
25 43 0.518 0.169
25 44 0.696 0.189
25 45 0.38 0.304
25 46 0.59 0.126
25 47 0.492 0.239
25 48 0.502 0.231
25 49 0.656 0.255
25 50 0.518 0.05
26 27 0.566 0.169
26 28 0.568 0.286
26 29 0.477 0.189
26 30 0.55 0.307
26 31 0.444 0.208
26 32 0.534 0.262
26 33 0.566 0.056
26 34 0.744 0.217
26 35 0.455 0.132
26 36 0.548 0.304
26 37 0.422 0.271
26 38 0.51 0.265
26 39 0.524 0.235
26 40 0.567 0.209
26 41 0.414 0.131
26 42 0.458 0.236
26 43 0.676 0.222
26 44 0.536 0.196
26 45 0.399 0.266
26 46 0.701 0.256
26 47 0.564 0.238
26 48 0.478 0.18
26 49 0.497 0.24
26 50 0.446 0.18
27 28 0.448 0.244
27 29 0.594 0.221
27 30 0.57 0.184
27 31 0.659 0.252
27 32 0.354 0.206
27 33 0.292 0.14
27 34 0.498 0.246
27 35 0.467 0.241
27 36 0.48 0.258
27 37 0.516 0.204
27 38 0.413 0.096
27 39 0.678 0.117
27 40 0.507 0.255
27 41 0.483 0.215
27 42 0.255 0.152
27 43 0.783 0.306
27 44 0.356 0.096
27 45 0.606 0.26
27 46 0.51 0.245
27 47 0.628 0.174
27 48 0.54 0.134
27 49 0.397 0.238
27 50 0.605 0.224
28 29 0.747 0.208
28 30 0.426 0.324
28 31 0.754 0.257
28 32 0.747 0.271
28 33 0.609 0.244
28 34 0.559 0.186
28 35 0.731 0.154
28 36 0.684 0.202
28 37 0.475 0.159
28 38 0.472 0.18
28 39 0.65 0.293
28 40 0.521 0.257
28 41 0.713 0.212
28 42 0.607 0.124
28 43 0.572 0.32
28 44 0.471 0.273
28 45 0.522 0.265
28 46 0.523 0.281
28 47 0.386 0.258
28 48 0.683 0.288
28 49 0.749 0.21
28 50 0.666 0.275
29 30 0.82 0.144
29 31 0.718 0.205
29 32 0.686 0.197
29 33 0.559 0.182
29 34 0.541 0.157
29 35 0.601 0.225
29 36 0.551 0.303
29 37 0.482 0.193
29 38 0.51 0.158
29 39 0.56 0.206
29 40 0.41 0.095
29 41 0.699 0.058
29 42 0.352 0.102
29 43 0.565 0.296
29 44 0.817 0.177
29 45 0.656 0.299
29 46 0.621 0.196
29 47 0.676 0.236
29 48 0.572 0.224
29 49 0.494 0.188
29 50 0.577 0.172
30 31 0.486 0.255
30 32 0.69 0.237
30 33 0.588 0.318
30 34 0.734 0.197
30 35 0.356 0.284
30 36 0.608 0.366
30 37 0.652 0.258
30 38 0.656 0.28
30 39 0.614 0.294
30 40 0.516 0.192
30 41 0.384 0.202
30 42 0.617 0.246
30 43 0.594 0.346
30 44 0.566 0.249
30 45 0.606 0.328
30 46 0.545 0.11
30 47 0.553 0.285
30 48 0.666 0.241
30 49 0.592 0.332
30 50 0.506 0.186
31 32 0.474 0.251
31 33 0.521 0.248
31 34 0.721 0.301
31 35 0.597 0.196
31 36 0.639 0.227
31 37 0.482 0.196
31 38 0.282 0.19
31 39 0.354 0.236
31 40 0.627 0.218
31 41 0.602 0.192
31 42 0.44 0.246
31 43 0.572 0.091
31 44 0.678 0.213
31 45 0.684 0.267
31 46 0.662 0.15
31 47 0.448 0.161
31 48 0.661 0.165
31 49 0.582 0.21
31 50 0.718 0.128
32 33 0.646 0.253
32 34 0.464 0.25
32 35 0.821 0.13
32 36 0.579 0.379
32 37 0.513 0.288
32 38 0.713 0.215
32 39 0.487 0.231
32 40 0.634 0.256
32 41 0.665 0.172
32 42 0.609 0.271
32 43 0.706 0.342
32 44 0.71 0.203
32 45 0.671 0.232
32 46 0.703 0.206
32 47 0.694 0.253
32 48 0.58 0.282
32 49 0.612 0.334
32 50 0.666 0.212
33 34 0.559 0.161
33 35 0.578 0.188
33 36 0.588 0.248
33 37 0.36 0.215
33 38 0.457 0.214
33 39 0.497 0.223
33 40 0.215 0.197
33 41 0.346 0.124
33 42 0.299 0.18
33 43 0.491 0.166
33 44 0.568 0.14
33 45 0.632 0.21
33 46 0.554 0.21
33 47 0.474 0.182
33 48 0.377 0.124
33 49 0.441 0.266
33 50 0.468 0.22
34 35 0.551 0.268
34 36 0.633 0.237
34 37 0.466 0.157
34 38 0.642 0.178
34 39 0.673 0.164
34 40 0.61 0.126
34 41 0.629 0.215
34 42 0.634 0.122
34 43 0.621 0.318
34 44 0.295 0.236
34 45 0.737 0.263
34 46 0.672 0.151
34 47 0.764 0.256
34 48 0.574 0.255
34 49 0.609 0.208
34 50 0.507 0.183
35 36 0.696 0.316
35 37 0.553 0.19
35 38 0.534 0.232
35 39 0.561 0.254
35 40 0.408 0.142
35 41 0.464 0.202
35 42 0.378 0.278
35 43 0.49 0.287
35 44 0.299 0.145
35 45 0.576 0.296
35 46 0.594 0.298
35 47 0.634 0.31
35 48 0.445 0.271
35 49 0.236 0.204
35 50 0.586 0.222
36 37 0.551 0.297
36 38 0.545 0.204
36 39 0.412 0.272
36 40 0.485 0.254
36 41 0.602 0.245
36 42 0.526 0.26
36 43 0.51 0.136
36 44 0.668 0.32
36 45 0.54 0.312
36 46 0.609 0.286
36 47 0.416 0.126
36 48 0.454 0.125
36 49 0.516 0.198
36 50 0.514 0.308
37 38 0.2 0.108
37 39 0.604 0.301
37 40 0.145 0.098
37 41 0.503 0.22
37 42 0.358 0.095
37 43 0.67 0.161
37 44 0.578 0.203
37 45 0.556 0.106
37 46 0.58 0.29
37 47 0.298 0.186
37 48 0.307 0.227
37 49 0.5 0.174
37 50 0.578 0.214
38 39 0.54 0.213
38 40 0.345 0.206
38 41 0.489 0.216
38 42 0.158 0.056
38 43 0.494 0.269
38 44 0.689 0.192
38 45 0.536 0.214
38 46 0.38 0.304
38 47 0.498 0.078
38 48 0.433 0.166
38 49 0.3 0.142
38 50 0.49 0.3
39 40 0.612 0.226
39 41 0.454 0.148
39 42 0.467 0.269
39 43 0.414 0.26
39 44 0.51 0.213
39 45 0.33 0.195
39 46 0.69 0.184
39 47 0.609 0.291
39 48 0.662 0.251
39 49 0.325 0.184
39 50 0.378 0.108
40 41 0.358 0.122
40 42 0.503 0.193
40 43 0.625 0.242
40 44 0.44 0.197
40 45 0.516 0.204
40 46 0.605 0.266
40 47 0.274 0.268
40 48 0.162 0.129
40 49 0.485 0.272
40 50 0.48 0.19
41 42 0.645 0.16
41 43 0.7 0.283
41 44 0.63 0.119
41 45 0.55 0.29
41 46 0.539 0.19
41 47 0.564 0.294
41 48 0.52 0.224
41 49 0.7 0.246
41 50 0.122 0.114
42 43 0.65 0.256
42 44 0.531 0.248
42 45 0.482 0.201
42 46 0.517 0.273
42 47 0.598 0.134
42 48 0.547 0.164
42 49 0.142 0.086
42 50 0.609 0.244
43 44 0.68 0.304
43 45 0.578 0.176
43 46 0.622 0.241
43 47 0.576 0.252
43 48 0.595 0.198
43 49 0.68 0.301
43 50 0.684 0.219
44 45 0.776 0.308
44 46 0.758 0.307
44 47 0.678 0.206
44 48 0.456 0.23
44 49 0.512 0.289
44 50 0.508 0.231
45 46 0.733 0.32
45 47 0.561 0.248
45 48 0.576 0.256
45 49 0.34 0.144
45 50 0.524 0.303
46 47 0.54 0.311
46 48 0.598 0.259
46 49 0.506 0.281
46 50 0.417 0.076
47 48 0.436 0.244
47 49 0.74 0.22
47 50 0.637 0.289
48 49 0.647 0.152
48 50 0.458 0.183
49 50 0.703 0.205
node_demand
0.1
0.2
0.175
0.225
0.1
0.05
0.225
0.2
0.05
0.025
0.225
0.025
0.1
0.125
0.175
0.2
0.225
0.175
0.1
0.2
0.1
0.2
0.225
0.125
0.125
0.1
0.1
0.075
0.2
0.05
0.025
0.125
0.1
0.05
0.05
0.225
0.125
0.125
0.15
0.225
0.125
0.075
0.025
0.075
0.1
0.1
0.125
0.125
0.175
0.05
