50
0 1 0.592 0.273
0 2 0.662 0.168
0 3 0.634 0.147
0 4 0.467 0.226
0 5 0.517 0.295
0 6 0.724 0.274
0 7 0.472 0.254
0 8 0.49 0.244
0 9 0.527 0.229
0 10 0.335 0.216
0 11 0.638 0.108
0 12 0.646 0.265
0 13 0.684 0.279
0 14 0.677 0.25
0 15 0.766 0.262
0 16 0.52 0.19
0 17 0.384 0.231
0 18 0.538 0.258
0 19 0.789 0.203
0 20 0.591 0.234
0 21 0.595 0.271
0 22 0.315 0.202
0 23 0.51 0.22
0 24 0.717 0.134
0 25 0.598 0.163
0 26 0.286 0.054
0 27 0.75 0.25
0 28 0.812 0.295
0 29 0.706 0.286
0 30 0.336 0.243
0 31 0.674 0.265
0 32 0.614 0.316
0 33 0.825 0.159
0 34 0.66 0.276
0 35 0.497 0.297
0 36 0.604 0.199
0 37 0.658 0.243
0 38 0.642 0.009
0 39 0.703 0.178
0 40 0.702 0.276
0 41 0.214 0.166
0 42 0.474 0.291
0 43 0.702 0.134
0 44 0.619 0.279
0 45 0.726 0.295
0 46 0.812 0.251
0 47 0.635 0.236
0 48 0.642 0.184
0 49 0.551 0.284
0 50 0.492 0.274
1 2 0.632 0.195
1 3 0.668 0.199
1 4 0.659 0.262
1 5 0.75 0.187
1 6 0.386 0.145
1 7 0.487 0.217
1 8 0.582 0.287
1 9 0.576 0.108
1 10 0.53 0.134
1 11 0.537 0.212
1 12 0.324 0.047
1 13 0.495 0.286
1 14 0.781 0.268
1 15 0.671 0.292
1 16 0.565 0.16
1 17 0.676 0.266
1 18 0.674 0.212
1 19 0.769 0.255
1 20 0.755 0.188
1 21 0.465 0.211
1 22 0.668 0.227
1 23 0.758 0.217
1 24 0.696 0.245
1 25 0.564 0.157
1 26 0.626 0.266
1 27 0.672 0.311
1 28 0.5 0.19
1 29 0.792 0.255
1 30 0.669 0.15
1 31 0.564 0.239
1 32 0.305 0.198
1 33 0.673 0.27
1 34 0.672 0.193
1 35 0.556 0.198
1 36 0.62 0.251
1 37 0.564 0.094
1 38 0.478 0.264
1 39 0.762 0.095
1 40 0.851 0.255
1 41 0.756 0.287
1 42 0.5 0.238
1 43 0.576 0.203
1 44 0.469 0.133
1 45 0.45 0.174
1 46 0.784 0.168
1 47 0.348 0.151
1 48 0.454 0.295
1 49 0.514 0.21
1 50 0.612 0.256
2 3 0.704 0.274
2 4 0.618 0.268
2 5 0.528 0.178
2 6 0.518 0.106
2 7 0.715 0.28
2 8 0.566 0.304
2 9 0.59 0.174
2 10 0.506 0.187
2 11 0.502 0.168
2 12 0.404 0.21
2 13 0.776 0.35
2 14 0.652 0.182
2 15 0.621 0.306
2 16 0.616 0.213
2 17 0.638 0.332
2 18 0.61 0.242
2 19 0.708 0.234
2 20 0.63 0.256
2 21 0.482 0.202
2 22 0.73 0.362
2 23 0.684 0.28
2 24 0.487 0.286
2 25 0.39 0.21
2 26 0.418 0.114
2 27 0.756 0.272
2 28 0.498 0.199
2 29 0.222 0.146
2 30 0.486 0.244
2 31 0.7 0.29
2 32 0.62 0.319
2 33 0.581 0.314
2 34 0.647 0.208
2 35 0.476 0.292
2 36 0.822 0.238
2 37 0.458 0.188
2 38 0.512 0.164
2 39 0.486 0.148
2 40 0.758 0.294
2 41 0.836 0.284
2 42 0.51 0.291
2 43 0.668 0.194
2 44 0.649 0.124
2 45 0.686 0.24
2 46 0.619 0.221
2 47 0.706 0.296
2 48 0.718 0.248
2 49 0.381 0.201
2 50 0.489 0.265
3 4 0.667 0.168
3 5 0.564 0.223
3 6 0.282 0.173
3 7 0.613 0.231
3 8 0.549 0.235
3 9 0.501 0.119
3 10 0.708 0.226
3 11 0.244 0.106
3 12 0.378 0.246
3 13 0.648 0.31
3 14 0.485 0.108
3 15 0.63 0.266
3 16 0.743 0.2
3 17 0.584 0.186
3 18 0.554 0.212
3 19 0.213 0.056
3 20 0.553 0.188
3 21 0.742 0.247
3 22 0.612 0.32
3 23 0.347 0.232
3 24 0.712 0.105
3 25 0.684 0.161
3 26 0.468 0.16
3 27 0.601 0.303
3 28 0.69 0.178
3 29 0.626 0.144
3 30 0.298 0.161
3 31 0.428 0.234
3 32 0.476 0.22
3 33 0.659 0.235
3 34 0.639 0.206
3 35 0.526 0.209
3 36 0.232 0.052
3 37 0.528 0.105
3 38 0.34 0.138
3 39 0.384 0.223
3 40 0.466 0.22
3 41 0.788 0.088
3 42 0.681 0.324
3 43 0.64 0.132
3 44 0.638 0.169
3 45 0.402 0.185
3 46 0.519 0.236
3 47 0.688 0.166
3 48 0.682 0.125
3 49 0.427 0.142
3 50 0.38 0.243
4 5 0.49 0.171
4 6 0.442 0.18
4 7 0.766 0.183
4 8 0.51 0.258
4 9 0.701 0.154
4 10 0.39 0.274
4 11 0.716 0.132
4 12 0.476 0.23
4 13 0.591 0.28
4 14 0.667 0.217
4 15 0.538 0.292
4 16 0.579 0.297
4 17 0.737 0.178
4 18 0.566 0.242
4 19 0.454 0.224
4 20 0.614 0.253
4 21 0.616 0.195
4 22 0.682 0.312
4 23 0.822 0.116
4 24 0.491 0.192
4 25 0.44 0.187
4 26 0.588 0.186
4 27 0.488 0.198
4 28 0.626 0.219
4 29 0.716 0.181
4 30 0.684 0.224
4 31 0.531 0.237
4 32 0.74 0.185
4 33 0.372 0.067
4 34 0.398 0.221
4 35 0.791 0.272
4 36 0.456 0.22
4 37 0.73 0.168
4 38 0.57 0.217
4 39 0.698 0.249
4 40 0.566 0.283
4 41 0.526 0.08
4 42 0.529 0.3
4 43 0.32 0.106
4 44 0.543 0.144
4 45 0.501 0.22
4 46 0.476 0.251
4 47 0.362 0.177
4 48 0.657 0.242
4 49 0.742 0.067
4 50 0.749 0.285
5 6 0.618 0.09
5 7 0.694 0.211
5 8 0.482 0.292
5 9 0.688 0.104
5 10 0.495 0.187
5 11 0.767 0.237
5 12 0.732 0.14
5 13 0.634 0.172
5 14 0.535 0.148
5 15 0.68 0.128
5 16 0.528 0.168
5 17 0.718 0.262
5 18 0.46 0.172
5 19 0.452 0.2
5 20 0.292 0.167
5 21 0.452 0.024
5 22 0.202 0.199
5 23 0.777 0.28
5 24 0.704 0.22
5 25 0.486 0.21
5 26 0.77 0.291
5 27 0.407 0.228
5 28 0.589 0.129
5 29 0.7 0.112
5 30 0.547 0.174
5 31 0.454 0.148
5 32 0.666 0.222
5 33 0.651 0.238
5 34 0.472 0.05
5 35 0.451 0.22
5 36 0.687 0.204
5 37 0.626 0.118
5 38 0.569 0.304
5 39 0.644 0.148
5 40 0.485 0.26
5 41 0.612 0.25
5 42 0.356 0.291
5 43 0.596 0.263
5 44 0.588 0.054
5 45 0.517 0.17
5 46 0.694 0.08
5 47 0.402 0.214
5 48 0.593 0.214
5 49 0.42 0.104
5 50 0.612 0.195
6 7 0.529 0.193
6 8 0.706 0.293
6 9 0.586 0.086
6 10 0.438 0.22
6 11 0.518 0.274
6 12 0.62 0.122
6 13 0.67 0.262
6 14 0.612 0.23
6 15 0.674 0.218
6 16 0.666 0.194
6 17 0.362 0.244
6 18 0.736 0.154
6 19 0.495 0.229
6 20 0.604 0.15
6 21 0.635 0.114
6 22 0.662 0.289
6 23 0.572 0.273
6 24 0.662 0.267
6 25 0.701 0.234
6 26 0.736 0.22
6 27 0.646 0.166
6 28 0.722 0.111
6 29 0.626 0.202
6 30 0.58 0.156
6 31 0.538 0.219
6 32 0.594 0.231
6 33 0.72 0.247
6 34 0.428 0.14
6 35 0.349 0.204
6 36 0.514 0.225
6 37 0.592 0.1
6 38 0.618 0.27
6 39 0.487 0.238
6 40 0.74 0.261
6 41 0.656 0.26
6 42 0.56 0.324
6 43 0.504 0.278
6 44 0.451 0.036
6 45 0.602 0.152
6 46 0.56 0.17
6 47 0.642 0.223
6 48 0.481 0.217
6 49 0.518 0.113
6 50 0.606 0.177
7 8 0.432 0.183
7 9 0.6 0.14
7 10 0.603 0.16
7 11 0.612 0.146
7 12 0.43 0.243
7 13 0.482 0.349
7 14 0.59 0.17
7 15 0.81 0.306
7 16 0.298 0.134
7 17 0.684 0.298
7 18 0.635 0.202
7 19 0.4 0.222
7 20 0.565 0.178
7 21 0.705 0.235
7 22 0.787 0.32
7 23 0.77 0.196
7 24 0.508 0.22
7 25 0.696 0.201
7 26 0.528 0.2
7 27 0.724 0.303
7 28 0.779 0.232
7 29 0.5 0.134
7 30 0.716 0.182
7 31 0.72 0.251
7 32 0.64 0.313
7 33 0.588 0.116
7 34 0.694 0.196
7 35 0.82 0.23
7 36 0.598 0.226
7 37 0.53 0.126
7 38 0.765 0.263
7 39 0.614 0.199
7 40 0.536 0.162
7 41 0.686 0.263
7 42 0.464 0.264
7 43 0.643 0.12
7 44 0.564 0.157
7 45 0.428 0.094
7 46 0.352 0.226
7 47 0.515 0.212
7 48 0.642 0.22
7 49 0.334 0.234
7 50 0.483 0.264
8 9 0.452 0.207
8 10 0.581 0.161
8 11 0.78 0.136
8 12 0.568 0.318
8 13 0.346 0.219
8 14 0.918 0.144
8 15 0.775 0.263
8 16 0.62 0.135
8 17 0.718 0.233
8 18 0.562 0.203
8 19 0.614 0.187
8 20 0.774 0.179
8 21 0.776 0.274
8 22 0.494 0.31
8 23 0.748 0.204
8 24 0.495 0.16
8 25 0.738 0.191
8 26 0.6 0.19
8 27 0.504 0.303
8 28 0.43 0.294
8 29 0.472 0.18
8 30 0.625 0.249
8 31 0.362 0.293
8 32 0.742 0.299
8 33 0.374 0.299
8 34 0.588 0.242
8 35 0.552 0.297
8 36 0.781 0.183
8 37 0.679 0.193
8 38 0.654 0.253
8 39 0.438 0.2
8 40 0.668 0.032
8 41 0.704 0.318
8 42 0.442 0.184
8 43 0.536 0.162
8 44 0.44 0.257
8 45 0.696 0.236
8 46 0.65 0.272
8 47 0.536 0.138
8 48 0.508 0.11
8 49 0.462 0.248
8 50 0.808 0.228
9 10 0.311 0.176
9 11 0.648 0.207
9 12 0.562 0.136
9 13 0.783 0.267
9 14 0.614 0.227
9 15 0.586 0.232
9 16 0.302 0.202
9 17 0.622 0.158
9 18 0.639 0.168
9 19 0.714 0.175
9 20 0.5 0.176
9 21 0.703 0.128
9 22 0.637 0.27
9 23 0.596 0.27
9 24 0.544 0.224
9 25 0.574 0.248
9 26 0.438 0.259
9 27 0.387 0.252
9 28 0.438 0.125
9 29 0.427 0.216
9 30 0.489 0.07
9 31 0.664 0.233
9 32 0.766 0.245
9 33 0.428 0.221
9 34 0.743 0.154
9 35 0.237 0.118
9 36 0.416 0.171
9 37 0.687 0.014
9 38 0.796 0.22
9 39 0.443 0.203
9 40 0.628 0.175
9 41 0.414 0.192
9 42 0.45 0.28
9 43 0.656 0.2
9 44 0.398 0.05
9 45 0.348 0.066
9 46 0.674 0.184
9 47 0.508 0.237
9 48 0.664 0.192
9 49 0.744 0.127
9 50 0.596 0.191
10 11 0.735 0.156
10 12 0.574 0.181
10 13 0.672 0.202
10 14 0.617 0.15
10 15 0.494 0.158
10 16 0.462 0.026
10 17 0.501 0.208
10 18 0.538 0.094
10 19 0.607 0.17
10 20 0.677 0.07
10 21 0.404 0.211
10 22 0.51 0.23
10 23 0.432 0.268
10 24 0.662 0.189
10 25 0.263 0.101
10 26 0.462 0.21
10 27 0.536 0.258
10 28 0.749 0.261
10 29 0.728 0.186
10 30 0.422 0.166
10 31 0.635 0.305
10 32 0.58 0.205
10 33 0.659 0.214
10 34 0.657 0.137
10 35 0.548 0.213
10 36 0.625 0.174
10 37 0.667 0.19
10 38 0.487 0.208
10 39 0.563 0.039
10 40 0.367 0.193
10 41 0.541 0.256
10 42 0.139 0.104
10 43 0.45 0.174
10 44 0.587 0.212
10 45 0.455 0.11
10 46 0.794 0.112
10 47 0.335 0.202
10 48 0.502 0.177
10 49 0.532 0.222
10 50 0.518 0.28
11 12 0.529 0.182
11 13 0.514 0.204
11 14 0.366 0.197
11 15 0.55 0.16
11 16 0.655 0.182
11 17 0.626 0.253
11 18 0.68 0.242
11 19 0.457 0.162
11 20 0.488 0.218
11 21 0.544 0.261
11 22 0.81 0.302
11 23 0.387 0.194
11 24 0.721 0.143
11 25 0.754 0.055
11 26 0.56 0.054
11 27 0.36 0.217
11 28 0.526 0.187
11 29 0.392 0.182
11 30 0.542 0.156
11 31 0.67 0.157
11 32 0.232 0.21
11 33 0.449 0.199
11 34 0.395 0.215
11 35 0.77 0.291
11 36 0.32 0.158
11 37 0.284 0.211
11 38 0.368 0.117
11 39 0.628 0.117
11 40 0.444 0.168
11 41 0.618 0.194
11 42 0.72 0.26
11 43 0.396 0.026
11 44 0.68 0.253
11 45 0.49 0.24
11 46 0.75 0.19
11 47 0.555 0.128
11 48 0.483 0.193
11 49 0.614 0.176
11 50 0.462 0.166
12 13 0.572 0.239
12 14 0.744 0.288
12 15 0.542 0.268
12 16 0.636 0.207
12 17 0.593 0.294
12 18 0.644 0.204
12 19 0.591 0.302
12 20 0.44 0.228
12 21 0.524 0.164
12 22 0.604 0.18
12 23 0.694 0.264
12 24 0.584 0.292
12 25 0.311 0.204
12 26 0.739 0.236
12 27 0.705 0.288
12 28 0.524 0.161
12 29 0.468 0.252
12 30 0.558 0.197
12 31 0.531 0.192
12 32 0.629 0.245
12 33 0.697 0.297
12 34 0.519 0.19
12 35 0.646 0.245
12 36 0.596 0.298
12 37 0.424 0.141
12 38 0.335 0.256
12 39 0.611 0.142
12 40 0.527 0.302
12 41 0.432 0.31
12 42 0.713 0.285
12 43 0.264 0.156
12 44 0.63 0.086
12 45 0.615 0.182
12 46 0.478 0.215
12 47 0.526 0.198
12 48 0.5 0.267
12 49 0.604 0.163
12 50 0.758 0.227
13 14 0.717 0.216
13 15 0.491 0.044
13 16 0.78 0.222
13 17 0.566 0.345
13 18 0.612 0.202
13 19 0.516 0.268
13 20 0.577 0.178
13 21 0.618 0.148
13 22 0.456 0.214
13 23 0.544 0.251
13 24 0.742 0.288
13 25 0.564 0.259
13 26 0.616 0.252
13 27 0.528 0.144
13 28 0.776 0.301
13 29 0.595 0.252
13 30 0.832 0.309
13 31 0.708 0.32
13 32 0.628 0.294
13 33 0.674 0.347
13 34 0.242 0.191
13 35 0.546 0.149
13 36 0.79 0.272
13 37 0.762 0.253
13 38 0.308 0.27
13 39 0.542 0.241
13 40 0.735 0.187
13 41 0.692 0.36
13 42 0.533 0.306
13 43 0.809 0.23
13 44 0.759 0.226
13 45 0.784 0.312
13 46 0.542 0.221
13 47 0.581 0.293
13 48 0.61 0.238
13 49 0.733 0.276
13 50 0.692 0.323
14 15 0.675 0.172
14 16 0.479 0.124
14 17 0.293 0.189
14 18 0.734 0.104
14 19 0.354 0.052
14 20 0.338 0.08
14 21 0.624 0.172
14 22 0.444 0.332
14 23 0.242 0.194
14 24 0.742 0.116
14 25 0.527 0.204
14 26 0.504 0.251
14 27 0.726 0.195
14 28 0.522 0.215
14 29 0.626 0.036
14 30 0.593 0.224
14 31 0.681 0.23
14 32 0.476 0.215
14 33 0.696 0.284
14 34 0.641 0.098
14 35 0.456 0.279
14 36 0.544 0.056
14 37 0.65 0.213
14 38 0.409 0.241
14 39 0.658 0.189
14 40 0.25 0.112
14 41 0.679 0.174
14 42 0.655 0.254
14 43 0.71 0.223
14 44 0.571 0.202
14 45 0.374 0.192
14 46 0.718 0.128
14 47 0.632 0.218
14 48 0.551 0.066
14 49 0.702 0.15
14 50 0.506 0.184
15 16 0.533 0.178
15 17 0.382 0.301
15 18 0.641 0.158
15 19 0.737 0.224
15 20 0.718 0.134
15 21 0.386 0.104
15 22 0.478 0.17
15 23 0.614 0.207
15 24 0.638 0.288
15 25 0.231 0.215
15 26 0.678 0.208
15 27 0.504 0.1
15 28 0.67 0.257
15 29 0.728 0.208
15 30 0.557 0.278
15 31 0.538 0.276
15 32 0.589 0.25
15 33 0.55 0.359
15 34 0.733 0.178
15 35 0.737 0.193
15 36 0.666 0.228
15 37 0.518 0.246
15 38 0.633 0.271
15 39 0.531 0.197
15 40 0.633 0.231
15 41 0.828 0.32
15 42 0.617 0.262
15 43 0.692 0.186
15 44 0.454 0.182
15 45 0.667 0.268
15 46 0.487 0.208
15 47 0.706 0.265
15 48 0.577 0.238
15 49 0.476 0.232
15 50 0.626 0.279
16 17 0.713 0.234
16 18 0.337 0.068
16 19 0.698 0.144
16 20 0.267 0.044
16 21 0.592 0.192
16 22 0.5 0.256
16 23 0.662 0.279
16 24 0.522 0.201
16 25 0.624 0.127
16 26 0.452 0.236
16 27 0.597 0.236
16 28 0.711 0.261
16 29 0.645 0.16
16 30 0.445 0.188
16 31 0.765 0.316
16 32 0.682 0.179
16 33 0.566 0.24
16 34 0.628 0.163
16 35 0.539 0.239
16 36 0.581 0.148
16 37 0.462 0.216
16 38 0.787 0.199
16 39 0.38 0.065
16 40 0.326 0.167
16 41 0.661 0.23
16 42 0.413 0.13
16 43 0.769 0.2
16 44 0.469 0.186
16 45 0.508 0.136
16 46 0.65 0.138
16 47 0.217 0.213
16 48 0.568 0.151
16 49 0.592 0.23
16 50 0.608 0.269
17 18 0.522 0.254
17 19 0.543 0.2
17 20 0.559 0.23
17 21 0.688 0.286
17 22 0.664 0.308
17 23 0.512 0.294
17 24 0.691 0.173
17 25 0.613 0.261
17 26 0.544 0.285
17 27 0.698 0.201
17 28 0.622 0.218
17 29 0.758 0.225
17 30 0.562 0.228
17 31 0.674 0.311
17 32 0.676 0.297
17 33 0.645 0.245
17 34 0.524 0.249
17 35 0.428 0.276
17 36 0.352 0.196
17 37 0.65 0.172
17 38 0.258 0.222
17 39 0.634 0.247
17 40 0.543 0.265
17 41 0.446 0.098
17 42 0.362 0.182
17 43 0.417 0.279
17 44 0.278 0.208
17 45 0.478 0.224
17 46 0.564 0.279
17 47 0.496 0.34
17 48 0.258 0.123
17 49 0.6 0.245
17 50 0.244 0.152
18 19 0.767 0.156
18 20 0.604 0.024
18 21 0.255 0.16
18 22 0.439 0.228
18 23 0.492 0.275
18 24 0.559 0.181
18 25 0.488 0.195
18 26 0.662 0.296
18 27 0.732 0.168
18 28 0.656 0.193
18 29 0.806 0.14
18 30 0.699 0.168
18 31 0.808 0.301
18 32 0.567 0.111
18 33 0.628 0.204
18 34 0.631 0.202
18 35 0.446 0.26
18 36 0.696 0.16
18 37 0.548 0.182
18 38 0.575 0.267
18 39 0.652 0.133
18 40 0.624 0.212
18 41 0.324 0.162
18 42 0.677 0.198
18 43 0.746 0.228
18 44 0.458 0.118
18 45 0.526 0.204
18 46 0.566 0.206
18 47 0.554 0.281
18 48 0.608 0.131
18 49 0.626 0.195
18 50 0.278 0.249
19 20 0.692 0.132
19 21 0.766 0.207
19 22 0.494 0.358
19 23 0.472 0.244
19 24 0.734 0.127
19 25 0.506 0.215
19 26 0.681 0.216
19 27 0.742 0.247
19 28 0.585 0.234
19 29 0.634 0.088
19 30 0.511 0.217
19 31 0.327 0.178
19 32 0.464 0.164
19 33 0.446 0.291
19 34 0.581 0.15
19 35 0.739 0.265
19 36 0.445 0.004
19 37 0.604 0.161
19 38 0.553 0.194
19 39 0.597 0.209
19 40 0.604 0.164
19 41 0.575 0.144
19 42 0.468 0.274
19 43 0.766 0.188
19 44 0.55 0.225
19 45 0.615 0.154
19 46 0.539 0.18
19 47 0.664 0.178
19 48 0.603 0.077
19 49 0.64 0.198
19 50 0.593 0.195
20 21 0.484 0.184
20 22 0.378 0.252
20 23 0.58 0.274
20 24 0.661 0.157
20 25 0.699 0.171
20 26 0.627 0.272
20 27 0.699 0.192
20 28 0.474 0.217
20 29 0.408 0.116
20 30 0.255 0.144
20 31 0.498 0.295
20 32 0.72 0.135
20 33 0.724 0.228
20 34 0.633 0.178
20 35 0.536 0.283
20 36 0.572 0.136
20 37 0.596 0.19
20 38 0.747 0.243
20 39 0.546 0.109
20 40 0.399 0.192
20 41 0.732 0.186
20 42 0.578 0.174
20 43 0.502 0.204
20 44 0.462 0.142
20 45 0.402 0.18
20 46 0.41 0.182
20 47 0.484 0.257
20 48 0.301 0.107
20 49 0.496 0.186
20 50 0.631 0.225
21 22 0.427 0.223
21 23 0.696 0.304
21 24 0.512 0.196
21 25 0.617 0.234
21 26 0.512 0.312
21 27 0.512 0.204
21 28 0.61 0.153
21 29 0.551 0.136
21 30 0.444 0.198
21 31 0.688 0.172
21 32 0.312 0.244
21 33 0.78 0.262
21 34 0.376 0.074
21 35 0.466 0.244
21 36 0.672 0.211
21 37 0.544 0.142
21 38 0.563 0.28
21 39 0.672 0.172
21 40 0.413 0.242
21 41 0.579 0.274
21 42 0.543 0.315
21 43 0.788 0.287
21 44 0.612 0.078
21 45 0.692 0.194
21 46 0.39 0.104
21 47 0.739 0.238
21 48 0.59 0.238
21 49 0.371 0.128
21 50 0.444 0.175
22 23 0.577 0.345
22 24 0.502 0.278
22 25 0.688 0.331
22 26 0.601 0.248
22 27 0.472 0.27
22 28 0.56 0.328
22 29 0.746 0.311
22 30 0.432 0.25
22 31 0.59 0.347
22 32 0.694 0.21
22 33 0.798 0.361
22 34 0.674 0.249
22 35 0.4 0.152
22 36 0.698 0.362
22 37 0.556 0.256
22 38 0.576 0.211
22 39 0.606 0.269
22 40 0.687 0.342
22 41 0.41 0.232
22 42 0.371 0.126
22 43 0.507 0.328
22 44 0.386 0.253
22 45 0.57 0.336
22 46 0.692 0.279
22 47 0.32 0.284
22 48 0.642 0.328
22 49 0.622 0.303
22 50 0.439 0.334
23 24 0.702 0.162
23 25 0.383 0.249
23 26 0.396 0.166
23 27 0.497 0.107
23 28 0.486 0.302
23 29 0.613 0.23
23 30 0.645 0.266
23 31 0.51 0.351
23 32 0.619 0.294
23 33 0.664 0.183
23 34 0.505 0.292
23 35 0.698 0.325
23 36 0.512 0.24
23 37 0.594 0.284
23 38 0.496 0.229
23 39 0.683 0.229
23 40 0.492 0.172
23 41 0.724 0.196
23 42 0.571 0.224
23 43 0.783 0.22
23 44 0.582 0.253
23 45 0.342 0.263
23 46 0.476 0.302
23 47 0.523 0.066
23 48 0.708 0.212
23 49 0.692 0.176
23 50 0.568 0.33
24 25 0.659 0.088
24 26 0.704 0.183
24 27 0.49 0.25
24 28 0.759 0.234
24 29 0.653 0.152
24 30 0.574 0.266
24 31 0.758 0.212
24 32 0.76 0.291
24 33 0.762 0.259
24 34 0.5 0.214
24 35 0.565 0.163
24 36 0.736 0.123
24 37 0.51 0.21
24 38 0.645 0.125
24 39 0.359 0.15
24 40 0.8 0.192
24 41 0.503 0.193
24 42 0.624 0.293
24 43 0.45 0.169
24 44 0.724 0.231
24 45 0.713 0.176
24 46 0.508 0.223
24 47 0.739 0.228
24 48 0.433 0.05
24 49 0.476 0.209
24 50 0.579 0.168
25 26 0.725 0.109
25 27 0.394 0.162
25 28 0.616 0.242
25 29 0.554 0.222
25 30 0.685 0.211
25 31 0.491 0.212
25 32 0.677 0.239
25 33 0.653 0.254
25 34 0.6 0.16
25 35 0.506 0.236
25 36 0.494 0.211
25 37 0.701 0.251
25 38 0.646 0.172
25 39 0.3 0.062
25 40 0.63 0.223
25 41 0.708 0.249
25 42 0.402 0.205
25 43 0.575 0.081
25 44 0.574 0.198
25 45 0.664 0.211
25 46 0.645 0.135
25 47 0.598 0.183
25 48 0.745 0.138
25 49 0.665 0.121
25 50 0.738 0.221
26 27 0.634 0.196
26 28 0.602 0.241
26 29 0.42 0.236
26 30 0.372 0.189
26 31 0.548 0.211
26 32 0.328 0.262
26 33 0.714 0.213
26 34 0.374 0.251
26 35 0.675 0.345
26 36 0.642 0.212
26 37 0.604 0.245
26 38 0.478 0.063
26 39 0.616 0.171
26 40 0.518 0.222
26 41 0.5 0.22
26 42 0.601 0.314
26 43 0.541 0.08
26 44 0.458 0.238
26 45 0.562 0.254
26 46 0.704 0.244
26 47 0.669 0.182
26 48 0.714 0.233
26 49 0.572 0.23
26 50 0.384 0.22
27 28 0.414 0.277
27 29 0.71 0.231
27 30 0.838 0.252
27 31 0.671 0.313
27 32 0.59 0.279
27 33 0.779 0.265
27 34 0.518 0.244
27 35 0.54 0.293
27 36 0.641 0.251
27 37 0.644 0.266
27 38 0.728 0.259
27 39 0.694 0.224
27 40 0.804 0.271
27 41 0.698 0.278
27 42 0.526 0.204
27 43 0.58 0.243
27 44 0.606 0.202
27 45 0.471 0.234
27 46 0.59 0.274
27 47 0.64 0.165
27 48 0.636 0.224
27 49 0.59 0.265
27 50 0.454 0.326
28 29 0.306 0.186
28 30 0.602 0.195
28 31 0.635 0.258
28 32 0.528 0.27
28 33 0.365 0.286
28 34 0.671 0.124
28 35 0.424 0.243
28 36 0.458 0.23
28 37 0.249 0.139
28 38 0.634 0.296
28 39 0.53 0.222
28 40 0.724 0.3
28 41 0.63 0.266
28 42 0.733 0.365
28 43 0.614 0.213
28 44 0.818 0.075
28 45 0.626 0.191
28 46 0.698 0.154
28 47 0.673 0.262
28 48 0.512 0.184
28 49 0.713 0.152
28 50 0.378 0.066
29 30 0.663 0.26
29 31 0.498 0.244
29 32 0.624 0.232
29 33 0.359 0.248
29 34 0.568 0.062
29 35 0.55 0.315
29 36 0.7 0.092
29 37 0.555 0.23
29 38 0.734 0.277
29 39 0.498 0.16
29 40 0.536 0.148
29 41 0.736 0.138
29 42 0.732 0.29
29 43 0.578 0.208
29 44 0.812 0.166
29 45 0.53 0.228
29 46 0.656 0.092
29 47 0.607 0.224
29 48 0.564 0.102
29 49 0.407 0.114
29 50 0.684 0.17
30 31 0.726 0.261
30 32 0.7 0.279
30 33 0.696 0.279
30 34 0.746 0.224
30 35 0.707 0.16
30 36 0.53 0.213
30 37 0.372 0.056
30 38 0.638 0.252
30 39 0.67 0.205
30 40 0.654 0.217
30 41 0.55 0.249
30 42 0.561 0.27
30 43 0.544 0.13
30 44 0.578 0.12
30 45 0.657 0.136
30 46 0.665 0.254
30 47 0.502 0.2
30 48 0.556 0.251
30 49 0.725 0.197
30 50 0.474 0.18
31 32 0.608 0.324
31 33 0.652 0.304
31 34 0.749 0.198
31 35 0.712 0.351
31 36 0.66 0.182
31 37 0.386 0.247
31 38 0.546 0.274
31 39 0.691 0.274
31 40 0.883 0.325
31 41 0.775 0.317
31 42 0.592 0.306
31 43 0.722 0.131
31 44 0.408 0.183
31 45 0.67 0.299
31 46 0.401 0.227
31 47 0.66 0.285
31 48 0.573 0.188
31 49 0.55 0.252
31 50 0.721 0.306
32 33 0.488 0.252
32 34 0.573 0.272
32 35 0.61 0.362
32 36 0.552 0.168
32 37 0.516 0.259
32 38 0.6 0.325
32 39 0.596 0.244
32 40 0.676 0.323
32 41 0.482 0.265
32 42 0.504 0.115
32 43 0.628 0.236
32 44 0.448 0.195
32 45 0.722 0.311
32 46 0.702 0.302
32 47 0.61 0.228
32 48 0.715 0.241
32 49 0.683 0.118
32 50 0.694 0.336
33 34 0.47 0.288
33 35 0.469 0.339
33 36 0.492 0.287
33 37 0.614 0.235
33 38 0.462 0.15
33 39 0.403 0.253
33 40 0.803 0.278
33 41 0.636 0.147
33 42 0.52 0.318
33 43 0.54 0.173
33 44 0.585 0.211
33 45 0.322 0.21
33 46 0.706 0.318
33 47 0.716 0.244
33 48 0.628 0.309
33 49 0.606 0.134
33 50 0.57 0.352
34 35 0.506 0.27
34 36 0.688 0.154
34 37 0.52 0.168
34 38 0.55 0.267
34 39 0.3 0.098
34 40 0.614 0.21
34 41 0.45 0.2
34 42 0.518 0.241
34 43 0.624 0.222
34 44 0.517 0.104
34 45 0.698 0.22
34 46 0.734 0.03
34 47 0.714 0.261
34 48 0.641 0.164
34 49 0.674 0.154
34 50 0.45 0.19
35 36 0.653 0.261
35 37 0.547 0.104
35 38 0.61 0.288
35 39 0.206 0.174
35 40 0.508 0.265
35 41 0.638 0.297
35 42 0.586 0.278
35 43 0.624 0.29
35 44 0.635 0.168
35 45 0.585 0.184
35 46 0.562 0.247
35 47 0.498 0.276
35 48 0.591 0.213
35 49 0.7 0.245
35 50 0.6 0.287
36 37 0.592 0.157
36 38 0.514 0.19
36 39 0.54 0.213
36 40 0.698 0.168
36 41 0.78 0.14
36 42 0.714 0.278
36 43 0.664 0.184
36 44 0.526 0.221
36 45 0.17 0.15
36 46 0.71 0.184
36 47 0.576 0.174
36 48 0.45 0.073
36 49 0.659 0.194
36 50 0.418 0.191
37 38 0.652 0.234
37 39 0.401 0.189
37 40 0.682 0.161
37 41 0.444 0.193
37 42 0.528 0.294
37 43 0.68 0.186
37 44 0.644 0.064
37 45 0.422 0.08
37 46 0.491 0.198
37 47 0.679 0.245
37 48 0.758 0.206
37 49 0.574 0.141
37 50 0.627 0.183
38 39 0.407 0.169
38 40 0.488 0.285
38 41 0.616 0.175
38 42 0.62 0.282
38 43 0.534 0.143
38 44 0.536 0.27
38 45 0.684 0.286
38 46 0.667 0.242
38 47 0.618 0.245
38 48 0.516 0.175
38 49 0.712 0.28
38 50 0.502 0.283
39 40 0.616 0.232
39 41 0.599 0.295
39 42 0.702 0.143
39 43 0.522 0.143
39 44 0.817 0.202
39 45 0.71 0.149
39 46 0.434 0.073
39 47 0.597 0.163
39 48 0.792 0.2
39 49 0.778 0.183
39 50 0.616 0.283
40 41 0.6 0.286
40 42 0.506 0.216
40 43 0.645 0.194
40 44 0.71 0.225
40 45 0.612 0.241
40 46 0.482 0.24
40 47 0.543 0.106
40 48 0.7 0.142
40 49 0.784 0.216
40 50 0.454 0.26
41 42 0.439 0.28
41 43 0.636 0.186
41 44 0.405 0.224
41 45 0.713 0.258
41 46 0.714 0.23
41 47 0.53 0.254
41 48 0.704 0.213
41 49 0.58 0.147
41 50 0.602 0.25
42 43 0.56 0.242
42 44 0.448 0.31
42 45 0.55 0.214
42 46 0.726 0.216
42 47 0.196 0.158
42 48 0.363 0.256
42 49 0.559 0.233
42 50 0.54 0.334
43 44 0.582 0.242
43 45 0.549 0.214
43 46 0.434 0.192
43 47 0.616 0.154
43 48 0.45 0.219
43 49 0.734 0.173
43 50 0.661 0.192
44 45 0.592 0.116
44 46 0.39 0.134
44 47 0.252 0.187
44 48 0.536 0.181
44 49 0.632 0.077
44 50 0.453 0.141
45 46 0.568 0.222
45 47 0.702 0.276
45 48 0.578 0.126
45 49 0.69 0.193
45 50 0.248 0.17
46 47 0.642 0.236
46 48 0.363 0.194
46 49 0.344 0.184
46 50 0.32 0.22
47 48 0.559 0.247
47 49 0.38 0.11
47 50 0.705 0.294
48 49 0.557 0.216
48 50 0.33 0.118
49 50 0.664 0.218
node_demand
0.025
0.025
0.125
0.1
0.025
0.025
0.225
0.025
0.15
0.075
0.125
0.2
0.225
0.1
0.1
0.175
0.225
0.125
0.125
0.175
0.075
0.05
0.225
0.025
0.15
0.075
0.1
0.2
0.225
0.025
0.1
0.2
0.2
0.075
0.125
0.175
0.125
0.075
0.225
0.225
0.1
0.125
0.225
0.025
0.125
0.175
0.175
0.125
0.025
0.175
