50
0 1 0.666 0.202
0 2 0.512 0.078
0 3 0.284 0.242
0 4 0.556 0.19
0 5 0.529 0.232
0 6 0.69 0.258
0 7 0.562 0.262
0 8 0.595 0.264
0 9 0.544 0.241
0 10 0.668 0.269
0 11 0.574 0.234
0 12 0.526 0.206
0 13 0.504 0.248
0 14 0.17 0.084
0 15 0.593 0.208
0 16 0.568 0.116
0 17 0.705 0.167
0 18 0.6 0.206
0 19 0.69 0.317
0 20 0.734 0.204
0 21 0.736 0.205
0 22 0.622 0.249
0 23 0.375 0.186
0 24 0.702 0.216
0 25 0.643 0.264
0 26 0.688 0.294
0 27 0.498 0.234
0 28 0.584 0.234
0 29 0.515 0.296
0 30 0.52 0.256
0 31 0.543 0.316
0 32 0.803 0.176
0 33 0.502 0.236
0 34 0.454 0.317
0 35 0.38 0.249
0 36 0.458 0.1
0 37 0.524 0.282
0 38 0.704 0.289
0 39 0.57 0.256
0 40 0.64 0.241
0 41 0.568 0.304
0 42 0.552 0.298
0 43 0.722 0.226
0 44 0.276 0.257
0 45 0.58 0.192
0 46 0.478 0.128
0 47 0.508 0.356
0 48 0.477 0.343
0 49 0.546 0.166
0 50 0.45 0.204
1 2 0.488 0.124
1 3 0.824 0.254
1 4 0.67 0.258
1 5 0.506 0.19
1 6 0.542 0.194
1 7 0.667 0.06
1 8 0.778 0.195
1 9 0.658 0.232
1 10 0.544 0.14
1 11 0.486 0.148
1 12 0.706 0.246
1 13 0.463 0.18
1 14 0.531 0.205
1 15 0.616 0.154
1 16 0.748 0.23
1 17 0.75 0.161
1 18 0.448 0.302
1 19 0.564 0.288
1 20 0.528 0.257
1 21 0.774 0.151
1 22 0.605 0.218
1 23 0.648 0.256
1 24 0.768 0.194
1 25 0.37 0.235
1 26 0.279 0.092
1 27 0.616 0.269
1 28 0.789 0.032
1 29 0.796 0.098
1 30 0.714 0.275
1 31 0.471 0.114
1 32 0.387 0.193
1 33 0.36 0.266
1 34 0.732 0.212
1 35 0.692 0.255
1 36 0.638 0.221
1 37 0.53 0.196
1 38 0.65 0.235
1 39 0.581 0.173
1 40 0.598 0.31
1 41 0.723 0.102
1 42 0.534 0.14
1 43 0.47 0.172
1 44 0.39 0.188
1 45 0.608 0.261
1 46 0.726 0.074
1 47 0.598 0.204
1 48 0.624 0.149
1 49 0.352 0.036
1 50 0.716 0.273
2 3 0.422 0.23
2 4 0.62 0.254
2 5 0.704 0.154
2 6 0.832 0.267
2 7 0.526 0.184
2 8 0.666 0.275
2 9 0.448 0.163
2 10 0.682 0.264
2 11 0.27 0.2
2 12 0.668 0.215
2 13 0.646 0.304
2 14 0.596 0.162
2 15 0.637 0.13
2 16 0.572 0.18
2 17 0.619 0.224
2 18 0.591 0.178
2 19 0.756 0.34
2 20 0.806 0.263
2 21 0.806 0.127
2 22 0.685 0.282
2 23 0.446 0.232
2 24 0.7 0.138
2 25 0.718 0.211
2 26 0.661 0.216
2 27 0.564 0.27
2 28 0.754 0.156
2 29 0.464 0.222
2 30 0.514 0.251
2 31 0.469 0.238
2 32 0.466 0.098
2 33 0.543 0.276
2 34 0.584 0.239
2 35 0.645 0.308
2 36 0.495 0.164
2 37 0.546 0.248
2 38 0.68 0.211
2 39 0.425 0.24
2 40 0.588 0.305
2 41 0.638 0.226
2 42 0.632 0.22
2 43 0.784 0.148
2 44 0.406 0.24
2 45 0.62 0.256
2 46 0.672 0.05
2 47 0.652 0.328
2 48 0.436 0.273
2 49 0.136 0.088
2 50 0.718 0.268
3 4 0.438 0.21
3 5 0.318 0.106
3 6 0.66 0.331
3 7 0.645 0.249
3 8 0.734 0.286
3 9 0.597 0.227
3 10 0.626 0.302
3 11 0.368 0.223
3 12 0.773 0.279
3 13 0.5 0.271
3 14 0.454 0.258
3 15 0.384 0.146
3 16 0.421 0.226
3 17 0.617 0.3
3 18 0.534 0.334
3 19 0.473 0.338
3 20 0.668 0.194
3 21 0.458 0.257
3 22 0.57 0.255
3 23 0.602 0.248
3 24 0.775 0.202
3 25 0.652 0.145
3 26 0.64 0.285
3 27 0.665 0.204
3 28 0.613 0.264
3 29 0.744 0.211
3 30 0.236 0.21
3 31 0.648 0.269
3 32 0.579 0.162
3 33 0.556 0.282
3 34 0.575 0.191
3 35 0.427 0.239
3 36 0.311 0.242
3 37 0.671 0.271
3 38 0.584 0.308
3 39 0.554 0.366
3 40 0.687 0.247
3 41 0.533 0.291
3 42 0.75 0.284
3 43 0.438 0.082
3 44 0.56 0.252
3 45 0.338 0.182
3 46 0.624 0.18
3 47 0.524 0.381
3 48 0.296 0.228
3 49 0.502 0.218
3 50 0.449 0.194
4 5 0.578 0.251
4 6 0.565 0.28
4 7 0.506 0.254
4 8 0.584 0.208
4 9 0.548 0.298
4 10 0.606 0.265
4 11 0.426 0.256
4 12 0.401 0.228
4 13 0.675 0.234
4 14 0.726 0.106
4 15 0.546 0.274
4 16 0.699 0.074
4 17 0.47 0.17
4 18 0.542 0.228
4 19 0.522 0.284
4 20 0.484 0.162
4 21 0.464 0.288
4 22 0.679 0.059
4 23 0.435 0.208
4 24 0.744 0.28
4 25 0.322 0.096
4 26 0.578 0.185
4 27 0.52 0.11
4 28 0.735 0.226
4 29 0.424 0.258
4 30 0.202 0.163
4 31 0.648 0.276
4 32 0.705 0.24
4 33 0.514 0.258
4 34 0.684 0.166
4 35 0.595 0.148
4 36 0.602 0.09
4 37 0.66 0.304
4 38 0.338 0.204
4 39 0.546 0.246
4 40 0.788 0.184
4 41 0.503 0.271
4 42 0.578 0.118
4 43 0.534 0.128
4 44 0.28 0.228
4 45 0.308 0.15
4 46 0.63 0.226
4 47 0.49 0.29
4 48 0.683 0.242
4 49 0.484 0.264
4 50 0.45 0.162
5 6 0.697 0.225
5 7 0.498 0.186
5 8 0.676 0.289
5 9 0.566 0.121
5 10 0.61 0.266
5 11 0.686 0.268
5 12 0.718 0.173
5 13 0.473 0.261
5 14 0.65 0.21
5 15 0.664 0.14
5 16 0.562 0.178
5 17 0.464 0.242
5 18 0.434 0.266
5 19 0.574 0.246
5 20 0.49 0.184
5 21 0.309 0.203
5 22 0.648 0.24
5 23 0.513 0.222
5 24 0.514 0.096
5 25 0.654 0.155
5 26 0.322 0.205
5 27 0.472 0.191
5 28 0.729 0.158
5 29 0.82 0.224
5 30 0.554 0.212
5 31 0.514 0.24
5 32 0.646 0.056
5 33 0.727 0.272
5 34 0.501 0.085
5 35 0.745 0.229
5 36 0.629 0.194
5 37 0.77 0.22
5 38 0.305 0.246
5 39 0.653 0.286
5 40 0.488 0.261
5 41 0.61 0.228
5 42 0.545 0.178
5 43 0.637 0.188
5 44 0.298 0.146
5 45 0.656 0.172
5 46 0.63 0.126
5 47 0.524 0.312
5 48 0.614 0.262
5 49 0.568 0.164
5 50 0.643 0.16
6 7 0.526 0.254
6 8 0.655 0.268
6 9 0.755 0.234
6 10 0.57 0.316
6 11 0.628 0.31
6 12 0.164 0.052
6 13 0.494 0.263
6 14 0.626 0.174
6 15 0.636 0.204
6 16 0.688 0.206
6 17 0.6 0.33
6 18 0.44 0.19
6 19 0.532 0.178
6 20 0.458 0.186
6 21 0.388 0.163
6 22 0.442 0.27
6 23 0.435 0.276
6 24 0.692 0.209
6 25 0.582 0.318
6 26 0.678 0.286
6 27 0.37 0.246
6 28 0.544 0.226
6 29 0.722 0.292
6 30 0.424 0.238
6 31 0.486 0.308
6 32 0.489 0.169
6 33 0.777 0.312
6 34 0.477 0.31
6 35 0.684 0.208
6 36 0.716 0.19
6 37 0.52 0.327
6 38 0.514 0.247
6 39 0.551 0.25
6 40 0.658 0.264
6 41 0.414 0.278
6 42 0.618 0.291
6 43 0.625 0.338
6 44 0.58 0.278
6 45 0.432 0.174
6 46 0.721 0.24
6 47 0.26 0.242
6 48 0.584 0.343
6 49 0.696 0.23
6 50 0.804 0.186
7 8 0.646 0.154
7 9 0.474 0.212
7 10 0.666 0.08
7 11 0.658 0.208
7 12 0.508 0.306
7 13 0.466 0.233
7 14 0.521 0.265
7 15 0.404 0.19
7 16 0.488 0.277
7 17 0.642 0.157
7 18 0.638 0.274
7 19 0.618 0.327
7 20 0.761 0.213
7 21 0.624 0.211
7 22 0.549 0.267
7 23 0.426 0.27
7 24 0.398 0.19
7 25 0.374 0.202
7 26 0.598 0.145
7 27 0.539 0.216
7 28 0.706 0.028
7 29 0.622 0.038
7 30 0.413 0.265
7 31 0.626 0.054
7 32 0.704 0.23
7 33 0.379 0.26
7 34 0.736 0.265
7 35 0.546 0.214
7 36 0.598 0.274
7 37 0.612 0.256
7 38 0.525 0.28
7 39 0.358 0.118
7 40 0.473 0.27
7 41 0.112 0.042
7 42 0.532 0.136
7 43 0.616 0.168
7 44 0.742 0.248
7 45 0.307 0.201
7 46 0.752 0.134
7 47 0.701 0.144
7 48 0.702 0.154
7 49 0.524 0.096
7 50 0.722 0.213
8 9 0.533 0.359
8 10 0.676 0.234
8 11 0.548 0.276
8 12 0.57 0.216
8 13 0.46 0.206
8 14 0.651 0.218
8 15 0.438 0.218
8 16 0.349 0.193
8 17 0.676 0.292
8 18 0.848 0.278
8 19 0.601 0.272
8 20 0.579 0.129
8 21 0.504 0.298
8 22 0.472 0.149
8 23 0.22 0.116
8 24 0.448 0.267
8 25 0.506 0.222
8 26 0.524 0.275
8 27 0.715 0.098
8 28 0.595 0.163
8 29 0.31 0.116
8 30 0.688 0.181
8 31 0.455 0.208
8 32 0.658 0.294
8 33 0.771 0.149
8 34 0.533 0.204
8 35 0.45 0.06
8 36 0.459 0.209
8 37 0.821 0.228
8 38 0.378 0.214
8 39 0.624 0.27
8 40 0.71 0.116
8 41 0.725 0.196
8 42 0.462 0.271
8 43 0.447 0.204
8 44 0.724 0.24
8 45 0.734 0.117
8 46 0.364 0.225
8 47 0.76 0.202
8 48 0.65 0.261
8 49 0.682 0.231
8 50 0.529 0.129
9 10 0.682 0.208
9 11 0.229 0.176
9 12 0.693 0.182
9 13 0.31 0.253
9 14 0.562 0.226
9 15 0.472 0.261
9 16 0.536 0.258
9 17 0.4 0.251
9 18 0.46 0.275
9 19 0.592 0.291
9 20 0.726 0.23
9 21 0.442 0.29
9 22 0.73 0.249
9 23 0.55 0.283
9 24 0.432 0.105
9 25 0.74 0.269
9 26 0.494 0.293
9 27 0.461 0.3
9 28 0.665 0.24
9 29 0.634 0.25
9 30 0.652 0.221
9 31 0.644 0.266
9 32 0.428 0.065
9 33 0.554 0.268
9 34 0.572 0.206
9 35 0.578 0.299
9 36 0.454 0.242
9 37 0.722 0.224
9 38 0.568 0.333
9 39 0.592 0.303
9 40 0.713 0.319
9 41 0.362 0.17
9 42 0.696 0.187
9 43 0.646 0.309
9 44 0.268 0.191
9 45 0.557 0.242
9 46 0.654 0.213
9 47 0.495 0.321
9 48 0.401 0.236
9 49 0.312 0.196
9 50 0.27 0.25
10 11 0.578 0.288
10 12 0.623 0.324
10 13 0.608 0.219
10 14 0.622 0.227
10 15 0.448 0.256
10 16 0.463 0.227
10 17 0.676 0.102
10 18 0.357 0.282
10 19 0.432 0.297
10 20 0.775 0.209
10 21 0.574 0.291
10 22 0.345 0.206
10 23 0.506 0.256
10 24 0.648 0.27
10 25 0.716 0.282
10 26 0.671 0.131
10 27 0.24 0.19
10 28 0.742 0.108
10 29 0.386 0.118
10 30 0.596 0.261
10 31 0.744 0.134
10 32 0.629 0.273
10 33 0.696 0.302
10 34 0.554 0.251
10 35 0.587 0.228
10 36 0.353 0.211
10 37 0.354 0.25
10 38 0.602 0.346
10 39 0.41 0.126
10 40 0.847 0.273
10 41 0.74 0.038
10 42 0.703 0.216
10 43 0.651 0.248
10 44 0.48 0.29
10 45 0.586 0.197
10 46 0.564 0.214
10 47 0.53 0.224
10 48 0.62 0.074
10 49 0.546 0.176
10 50 0.583 0.209
11 12 0.464 0.258
11 13 0.539 0.255
11 14 0.66 0.182
11 15 0.546 0.23
11 16 0.335 0.182
11 17 0.629 0.309
11 18 0.594 0.304
11 19 0.716 0.364
11 20 0.629 0.22
11 21 0.671 0.227
11 22 0.642 0.293
11 23 0.328 0.171
11 24 0.661 0.252
11 25 0.594 0.311
11 26 0.65 0.167
11 27 0.644 0.257
11 28 0.61 0.18
11 29 0.422 0.246
11 30 0.604 0.296
11 31 0.458 0.252
11 32 0.657 0.212
11 33 0.708 0.221
11 34 0.582 0.287
11 35 0.528 0.219
11 36 0.225 0.166
11 37 0.544 0.048
11 38 0.627 0.286
11 39 0.671 0.248
11 40 0.586 0.275
11 41 0.591 0.25
11 42 0.64 0.288
11 43 0.601 0.248
11 44 0.404 0.264
11 45 0.706 0.232
11 46 0.701 0.15
11 47 0.6 0.352
11 48 0.434 0.224
11 49 0.134 0.112
11 50 0.499 0.244
12 13 0.658 0.235
12 14 0.574 0.122
12 15 0.651 0.152
12 16 0.686 0.154
12 17 0.643 0.303
12 18 0.332 0.138
12 19 0.696 0.126
12 20 0.294 0.158
12 21 0.552 0.215
12 22 0.278 0.218
12 23 0.51 0.224
12 24 0.578 0.157
12 25 0.664 0.29
12 26 0.604 0.276
12 27 0.534 0.194
12 28 0.703 0.278
12 29 0.71 0.31
12 30 0.588 0.234
12 31 0.65 0.35
12 32 0.325 0.117
12 33 0.684 0.274
12 34 0.641 0.258
12 35 0.52 0.156
12 36 0.576 0.138
12 37 0.684 0.275
12 38 0.508 0.299
12 39 0.534 0.198
12 40 0.494 0.212
12 41 0.406 0.329
12 42 0.712 0.239
12 43 0.662 0.298
12 44 0.681 0.226
12 45 0.519 0.17
12 46 0.601 0.232
12 47 0.338 0.288
12 48 0.662 0.333
12 49 0.532 0.27
12 50 0.64 0.182
13 14 0.628 0.192
13 15 0.458 0.314
13 16 0.666 0.16
13 17 0.655 0.321
13 18 0.627 0.314
13 19 0.8 0.358
13 20 0.736 0.077
13 21 0.616 0.331
13 22 0.51 0.214
13 23 0.24 0.212
13 24 0.636 0.282
13 25 0.726 0.209
13 26 0.184 0.088
13 27 0.686 0.184
13 28 0.615 0.212
13 29 0.661 0.259
13 30 0.494 0.153
13 31 0.376 0.179
13 32 0.619 0.242
13 33 0.432 0.262
13 34 0.553 0.208
13 35 0.674 0.146
13 36 0.556 0.176
13 37 0.676 0.207
13 38 0.6 0.316
13 39 0.824 0.169
13 40 0.432 0.202
13 41 0.578 0.248
13 42 0.679 0.32
13 43 0.686 0.272
13 44 0.578 0.326
13 45 0.481 0.089
13 46 0.519 0.254
13 47 0.754 0.288
13 48 0.7 0.145
13 49 0.51 0.216
13 50 0.45 0.101
14 15 0.495 0.2
14 16 0.545 0.032
14 17 0.679 0.251
14 18 0.43 0.122
14 19 0.67 0.248
14 20 0.739 0.12
14 21 0.755 0.208
14 22 0.722 0.165
14 23 0.545 0.102
14 24 0.532 0.279
14 25 0.473 0.18
14 26 0.593 0.253
14 27 0.478 0.15
14 28 0.414 0.237
14 29 0.662 0.302
14 30 0.566 0.172
14 31 0.401 0.244
14 32 0.633 0.239
14 33 0.458 0.152
14 34 0.548 0.25
14 35 0.48 0.165
14 36 0.435 0.016
14 37 0.418 0.225
14 38 0.76 0.212
14 39 0.544 0.172
14 40 0.732 0.157
14 41 0.409 0.265
14 42 0.722 0.224
14 43 0.64 0.176
14 44 0.446 0.292
14 45 0.46 0.108
14 46 0.435 0.131
14 47 0.678 0.272
14 48 0.647 0.301
14 49 0.588 0.169
14 50 0.552 0.12
15 16 0.544 0.2
15 17 0.238 0.154
15 18 0.506 0.29
15 19 0.53 0.278
15 20 0.38 0.27
15 21 0.55 0.157
15 22 0.603 0.333
15 23 0.218 0.102
15 24 0.634 0.236
15 25 0.268 0.24
15 26 0.342 0.246
15 27 0.438 0.3
15 28 0.503 0.162
15 29 0.36 0.158
15 30 0.593 0.194
15 31 0.464 0.244
15 32 0.376 0.196
15 33 0.462 0.152
15 34 0.531 0.225
15 35 0.678 0.278
15 36 0.534 0.184
15 37 0.46 0.225
15 38 0.424 0.217
15 39 0.619 0.27
15 40 0.684 0.325
15 41 0.292 0.232
15 42 0.531 0.27
15 43 0.764 0.178
15 44 0.667 0.27
15 45 0.487 0.258
15 46 0.66 0.08
15 47 0.594 0.334
15 48 0.559 0.303
15 49 0.662 0.118
15 50 0.697 0.27
16 17 0.641 0.244
16 18 0.506 0.154
16 19 0.764 0.28
16 20 0.464 0.088
16 21 0.598 0.24
16 22 0.541 0.133
16 23 0.426 0.134
16 24 0.574 0.274
16 25 0.479 0.17
16 26 0.644 0.248
16 27 0.686 0.171
16 28 0.376 0.262
16 29 0.646 0.27
16 30 0.57 0.14
16 31 0.452 0.276
16 32 0.578 0.234
16 33 0.65 0.184
16 34 0.439 0.23
16 35 0.399 0.133
16 36 0.11 0.016
16 37 0.574 0.23
16 38 0.512 0.244
16 39 0.556 0.172
16 40 0.659 0.157
16 41 0.376 0.235
16 42 0.752 0.192
16 43 0.282 0.144
16 44 0.536 0.302
16 45 0.464 0.076
16 46 0.586 0.163
16 47 0.676 0.275
16 48 0.502 0.301
16 49 0.436 0.194
16 50 0.697 0.088
17 18 0.736 0.344
17 19 0.719 0.218
17 20 0.602 0.302
17 21 0.671 0.251
17 22 0.365 0.229
17 23 0.456 0.204
17 24 0.736 0.226
17 25 0.506 0.266
17 26 0.471 0.233
17 27 0.527 0.28
17 28 0.265 0.129
17 29 0.598 0.195
17 30 0.644 0.274
17 31 0.583 0.211
17 32 0.614 0.186
17 33 0.65 0.254
17 34 0.65 0.327
17 35 0.607 0.302
17 36 0.751 0.26
17 37 0.698 0.327
17 38 0.662 0.319
17 39 0.708 0.228
17 40 0.709 0.354
17 41 0.53 0.14
17 42 0.714 0.237
17 43 0.712 0.272
17 44 0.429 0.252
17 45 0.725 0.299
17 46 0.422 0.174
17 47 0.356 0.24
17 48 0.321 0.176
17 49 0.621 0.197
17 50 0.67 0.311
18 19 0.719 0.264
18 20 0.565 0.242
18 21 0.62 0.305
18 22 0.4 0.287
18 23 0.724 0.224
18 24 0.472 0.25
18 25 0.764 0.302
18 26 0.67 0.237
18 27 0.527 0.272
18 28 0.53 0.302
18 29 0.743 0.312
18 30 0.37 0.216
18 31 0.73 0.273
18 32 0.656 0.21
18 33 0.696 0.27
18 34 0.866 0.351
18 35 0.642 0.287
18 36 0.592 0.138
18 37 0.57 0.306
18 38 0.722 0.334
18 39 0.346 0.156
18 40 0.542 0.279
18 41 0.642 0.316
18 42 0.482 0.332
18 43 0.77 0.29
18 44 0.728 0.364
18 45 0.476 0.23
18 46 0.792 0.228
18 47 0.594 0.15
18 48 0.666 0.294
18 49 0.572 0.266
18 50 0.674 0.242
19 20 0.638 0.281
19 21 0.595 0.341
19 22 0.554 0.225
19 23 0.56 0.35
19 24 0.766 0.283
19 25 0.798 0.193
19 26 0.624 0.34
19 27 0.192 0.174
19 28 0.656 0.32
19 29 0.294 0.289
19 30 0.58 0.333
19 31 0.432 0.373
19 32 0.58 0.243
19 33 0.498 0.395
19 34 0.55 0.22
19 35 0.718 0.212
19 36 0.784 0.264
19 37 0.687 0.342
19 38 0.672 0.33
19 39 0.373 0.324
19 40 0.508 0.186
19 41 0.506 0.335
19 42 0.726 0.288
19 43 0.698 0.256
19 44 0.432 0.1
19 45 0.474 0.269
19 46 0.7 0.29
19 47 0.521 0.352
19 48 0.604 0.316
19 49 0.644 0.252
19 50 0.692 0.281
20 21 0.389 0.265
20 22 0.539 0.158
20 23 0.598 0.222
20 24 0.43 0.205
20 25 0.387 0.132
20 26 0.642 0.165
20 27 0.698 0.107
20 28 0.591 0.241
20 29 0.426 0.182
20 30 0.567 0.076
20 31 0.693 0.256
20 32 0.619 0.165
20 33 0.625 0.272
20 34 0.428 0.142
20 35 0.486 0.069
20 36 0.574 0.104
20 37 0.766 0.172
20 38 0.515 0.263
20 39 0.828 0.246
20 40 0.304 0.125
20 41 0.656 0.171
20 42 0.507 0.28
20 43 0.404 0.195
20 44 0.458 0.249
20 45 0.461 0.012
20 46 0.524 0.232
20 47 0.632 0.211
20 48 0.472 0.222
20 49 0.728 0.27
20 50 0.558 0.024
21 22 0.588 0.277
21 23 0.538 0.199
21 24 0.691 0.265
21 25 0.565 0.238
21 26 0.528 0.243
21 27 0.403 0.226
21 28 0.65 0.183
21 29 0.69 0.249
21 30 0.569 0.262
21 31 0.59 0.265
21 32 0.438 0.225
21 33 0.696 0.149
21 34 0.616 0.288
21 35 0.706 0.264
21 36 0.496 0.224
21 37 0.488 0.185
21 38 0.126 0.084
21 39 0.56 0.267
21 40 0.64 0.32
21 41 0.701 0.253
21 42 0.366 0.291
21 43 0.328 0.175
21 44 0.607 0.267
21 45 0.506 0.277
21 46 0.451 0.077
21 47 0.315 0.223
21 48 0.549 0.3
21 49 0.754 0.115
21 50 0.712 0.289
22 23 0.692 0.265
22 24 0.826 0.224
22 25 0.865 0.155
22 26 0.326 0.126
22 27 0.362 0.051
22 28 0.63 0.25
22 29 0.65 0.265
22 30 0.717 0.21
22 31 0.518 0.217
22 32 0.503 0.184
22 33 0.602 0.272
22 34 0.503 0.157
22 35 0.242 0.089
22 36 0.651 0.149
22 37 0.699 0.245
22 38 0.7 0.207
22 39 0.543 0.207
22 40 0.502 0.125
22 41 0.437 0.225
22 42 0.61 0.177
22 43 0.442 0.173
22 44 0.602 0.193
22 45 0.632 0.146
22 46 0.472 0.268
22 47 0.492 0.231
22 48 0.686 0.183
22 49 0.597 0.254
22 50 0.864 0.158
23 24 0.416 0.258
23 25 0.486 0.229
23 26 0.424 0.242
23 27 0.656 0.214
23 28 0.375 0.264
23 29 0.53 0.232
23 30 0.62 0.274
23 31 0.616 0.324
23 32 0.594 0.218
23 33 0.672 0.05
23 34 0.313 0.159
23 35 0.532 0.176
23 36 0.316 0.118
23 37 0.678 0.123
23 38 0.598 0.115
23 39 0.762 0.274
23 40 0.672 0.232
23 41 0.51 0.294
23 42 0.682 0.326
23 43 0.667 0.25
23 44 0.651 0.356
23 45 0.686 0.21
23 46 0.49 0.182
23 47 0.695 0.318
23 48 0.46 0.299
23 49 0.462 0.22
23 50 0.479 0.222
24 25 0.57 0.244
24 26 0.526 0.26
24 27 0.618 0.275
24 28 0.652 0.162
24 29 0.622 0.228
24 30 0.542 0.196
24 31 0.334 0.193
24 32 0.64 0.04
24 33 0.768 0.308
24 34 0.619 0.181
24 35 0.721 0.274
24 36 0.464 0.264
24 37 0.441 0.204
24 38 0.64 0.322
24 39 0.756 0.278
24 40 0.516 0.294
24 41 0.51 0.232
24 42 0.684 0.162
24 43 0.652 0.284
24 44 0.7 0.242
24 45 0.648 0.217
24 46 0.354 0.188
24 47 0.601 0.216
24 48 0.554 0.203
24 49 0.739 0.226
24 50 0.636 0.229
25 26 0.61 0.19
25 27 0.706 0.176
25 28 0.744 0.23
25 29 0.628 0.164
25 30 0.524 0.208
25 31 0.732 0.256
25 32 0.386 0.204
25 33 0.617 0.228
25 34 0.362 0.07
25 35 0.83 0.162
25 36 0.369 0.164
25 37 0.711 0.304
25 38 0.439 0.163
25 39 0.566 0.271
25 40 0.6 0.106
25 41 0.486 0.244
25 42 0.626 0.214
25 43 0.568 0.063
25 44 0.602 0.293
25 45 0.63 0.144
25 46 0.674 0.161
25 47 0.69 0.304
25 48 0.717 0.247
25 49 0.722 0.199
25 50 0.772 0.156
26 27 0.502 0.177
26 28 0.51 0.124
26 29 0.55 0.183
26 30 0.564 0.241
26 31 0.192 0.091
26 32 0.61 0.261
26 33 0.466 0.292
26 34 0.586 0.12
26 35 0.566 0.215
26 36 0.616 0.237
26 37 0.718 0.119
26 38 0.464 0.228
26 39 0.683 0.081
26 40 0.427 0.251
26 41 0.486 0.169
26 42 0.672 0.232
26 43 0.749 0.253
26 44 0.62 0.273
26 45 0.458 0.177
26 46 0.703 0.166
26 47 0.589 0.274
26 48 0.544 0.057
26 49 0.631 0.128
26 50 0.634 0.189
27 28 0.502 0.244
27 29 0.486 0.214
27 30 0.434 0.159
27 31 0.624 0.268
27 32 0.432 0.235
27 33 0.69 0.221
27 34 0.358 0.106
27 35 0.526 0.038
27 36 0.593 0.166
27 37 0.594 0.209
27 38 0.48 0.156
27 39 0.181 0.172
27 40 0.7 0.094
27 41 0.527 0.174
27 42 0.72 0.228
27 43 0.56 0.122
27 44 0.24 0.142
27 45 0.538 0.095
27 46 0.508 0.22
27 47 0.63 0.18
27 48 0.643 0.234
27 49 0.51 0.258
27 50 0.696 0.107
28 29 0.639 0.066
28 30 0.645 0.244
28 31 0.318 0.082
28 32 0.852 0.202
28 33 0.872 0.288
28 34 0.678 0.243
28 35 0.556 0.223
28 36 0.486 0.253
28 37 0.832 0.228
28 38 0.524 0.267
28 39 0.679 0.146
28 40 0.707 0.279
28 41 0.682 0.07
28 42 0.64 0.108
28 43 0.51 0.196
28 44 0.694 0.22
28 45 0.751 0.229
28 46 0.574 0.106
28 47 0.621 0.172
28 48 0.586 0.181
28 49 0.691 0.068
28 50 0.854 0.241
29 30 0.626 0.258
29 31 0.358 0.092
29 32 0.539 0.268
29 33 0.772 0.222
29 34 0.843 0.234
29 35 0.596 0.176
29 36 0.536 0.286
29 37 0.74 0.262
29 38 0.564 0.287
29 39 0.667 0.156
29 40 0.696 0.232
29 41 0.51 0.08
29 42 0.432 0.174
29 43 0.404 0.13
29 44 0.522 0.286
29 45 0.705 0.194
29 46 0.621 0.172
29 47 0.462 0.182
29 48 0.463 0.145
29 49 0.556 0.134
29 50 0.7 0.206
30 31 0.446 0.319
30 32 0.503 0.156
30 33 0.529 0.324
30 34 0.591 0.218
30 35 0.663 0.121
30 36 0.493 0.156
30 37 0.536 0.248
30 38 0.54 0.31
30 39 0.344 0.312
30 40 0.612 0.177
30 41 0.301 0.223
30 42 0.56 0.278
30 43 0.4 0.247
30 44 0.478 0.301
30 45 0.106 0.064
30 46 0.428 0.201
30 47 0.288 0.256
30 48 0.532 0.298
30 49 0.65 0.239
30 50 0.416 0.076
31 32 0.802 0.233
31 33 0.599 0.314
31 34 0.588 0.211
31 35 0.649 0.268
31 36 0.562 0.26
31 37 0.526 0.21
31 38 0.656 0.319
31 39 0.79 0.172
31 40 0.389 0.276
31 41 0.514 0.096
31 42 0.743 0.19
31 43 0.734 0.222
31 44 0.534 0.302
31 45 0.492 0.255
31 46 0.688 0.188
31 47 0.397 0.183
31 48 0.352 0.148
31 49 0.592 0.15
31 50 0.619 0.267
32 33 0.734 0.268
32 34 0.574 0.141
32 35 0.626 0.234
32 36 0.688 0.25
32 37 0.54 0.164
32 38 0.564 0.302
32 39 0.582 0.238
32 40 0.764 0.254
32 41 0.592 0.235
32 42 0.452 0.122
32 43 0.766 0.244
32 44 0.672 0.202
32 45 0.397 0.177
32 46 0.628 0.148
32 47 0.552 0.256
32 48 0.568 0.243
32 49 0.602 0.186
32 50 0.536 0.189
33 34 0.514 0.209
33 35 0.625 0.209
33 36 0.623 0.168
33 37 0.576 0.173
33 38 0.674 0.065
33 39 0.709 0.324
33 40 0.545 0.265
33 41 0.363 0.264
33 42 0.884 0.285
33 43 0.368 0.2
33 44 0.53 0.363
33 45 0.423 0.26
33 46 0.67 0.226
33 47 0.817 0.351
33 48 0.598 0.349
33 49 0.611 0.23
33 50 0.813 0.272
34 35 0.555 0.144
34 36 0.461 0.234
34 37 0.853 0.239
34 38 0.49 0.233
34 39 0.52 0.201
34 40 0.522 0.176
34 41 0.736 0.28
34 42 0.73 0.263
34 43 0.637 0.133
34 44 0.546 0.231
34 45 0.697 0.154
34 46 0.62 0.211
34 47 0.737 0.286
34 48 0.632 0.177
34 49 0.448 0.236
34 50 0.665 0.166
35 36 0.461 0.149
35 37 0.85 0.171
35 38 0.769 0.194
35 39 0.707 0.21
35 40 0.26 0.056
35 41 0.658 0.212
35 42 0.852 0.266
35 43 0.681 0.16
35 44 0.466 0.18
35 45 0.63 0.057
35 46 0.628 0.258
35 47 0.616 0.142
35 48 0.723 0.272
35 49 0.662 0.291
35 50 0.622 0.069
36 37 0.464 0.214
36 38 0.402 0.228
36 39 0.446 0.156
36 40 0.556 0.141
36 41 0.486 0.249
36 42 0.642 0.208
36 43 0.376 0.16
36 44 0.629 0.308
36 45 0.533 0.092
36 46 0.476 0.147
36 47 0.566 0.288
36 48 0.556 0.285
36 49 0.359 0.185
36 50 0.724 0.104
37 38 0.614 0.238
37 39 0.764 0.2
37 40 0.636 0.227
37 41 0.5 0.288
37 42 0.821 0.286
37 43 0.68 0.296
37 44 0.68 0.242
37 45 0.642 0.184
37 46 0.732 0.198
37 47 0.77 0.313
37 48 0.708 0.176
37 49 0.41 0.16
37 50 0.72 0.196
38 39 0.661 0.309
38 40 0.514 0.25
38 41 0.637 0.322
38 42 0.24 0.22
38 43 0.454 0.226
38 44 0.603 0.298
38 45 0.569 0.251
38 46 0.325 0.161
38 47 0.441 0.307
38 48 0.423 0.285
38 49 0.723 0.199
38 50 0.712 0.263
39 40 0.778 0.22
39 41 0.346 0.16
39 42 0.67 0.254
39 43 0.532 0.286
39 44 0.421 0.304
39 45 0.45 0.248
39 46 0.689 0.19
39 47 0.632 0.262
39 48 0.794 0.138
39 49 0.55 0.152
39 50 0.515 0.26
40 41 0.585 0.268
40 42 0.618 0.302
40 43 0.599 0.169
40 44 0.722 0.236
40 45 0.718 0.113
40 46 0.543 0.267
40 47 0.571 0.198
40 48 0.65 0.216
40 49 0.452 0.274
40 50 0.812 0.125
41 42 0.644 0.178
41 43 0.658 0.21
41 44 0.63 0.29
41 45 0.195 0.159
41 46 0.729 0.176
41 47 0.589 0.186
41 48 0.763 0.112
41 49 0.636 0.138
41 50 0.632 0.171
42 43 0.694 0.246
42 44 0.598 0.31
42 45 0.666 0.268
42 46 0.565 0.214
42 47 0.454 0.28
42 48 0.51 0.289
42 49 0.739 0.176
42 50 0.907 0.28
43 44 0.485 0.264
43 45 0.506 0.183
43 46 0.471 0.098
43 47 0.643 0.302
43 48 0.474 0.275
43 49 0.648 0.136
43 50 0.569 0.195
44 45 0.584 0.237
44 46 0.386 0.19
44 47 0.727 0.254
44 48 0.403 0.216
44 49 0.27 0.152
44 50 0.538 0.249
45 46 0.534 0.239
45 47 0.394 0.199
45 48 0.6 0.234
45 49 0.756 0.27
45 50 0.522 0.012
46 47 0.686 0.278
46 48 0.743 0.223
46 49 0.656 0.038
46 50 0.686 0.251
47 48 0.324 0.266
47 49 0.624 0.24
47 50 0.704 0.211
48 49 0.3 0.185
48 50 0.671 0.246
49 50 0.582 0.282
node_demand
0.225
0.2
0.025
0.075
0.025
0.125
0.075
0.15
0.15
0.025
0.05
0.075
0.05
0.075
0.05
0.225
0.125
0.05
0.125
0.075
0.175
0.075
0.075
0.175
0.15
0.15
0.125
0.1
0.025
0.15
0.175
0.1
0.175
0.175
0.05
0.1
0.225
0.15
0.1
0.15
0.05
0.15
0.025
0.025
0.075
0.2
0.175
0.1
0.05
0.15
