50
0 1 0.78 0.25
0 2 0.51 0.1
0 3 0.74 0.12
0 4 0.48 0.31
0 5 0.52 0.28
0 6 0.55 0.3
0 7 0.61 0.23
0 8 0.47 0.33
0 9 0.67 0.32
0 10 0.36 0.26
0 11 0.52 0.2
0 12 0.6 0.08
0 13 0.53 0.25
0 14 0.51 0.28
0 15 0.64 0.25
0 16 0.63 0.24
0 17 0.39 0.33
0 18 0.58 0.29
0 19 0.52 0.21
0 20 0.61 0.18
0 21 0.63 0.28
0 22 0.66 0.29
0 23 0.49 0.35
0 24 0.58 0.2
0 25 0.42 0.28
0 26 0.76 0.19
0 27 0.64 0.14
0 28 0.45 0.23
0 29 0.74 0.3
0 30 0.48 0.24
0 31 0.52 0.25
0 32 0.52 0.17
0 33 0.54 0.23
0 34 0.54 0.3
0 35 0.77 0.21
0 36 0.7 0.32
0 37 0.52 0.1
0 38 0.62 0.26
0 39 0.38 0.23
0 40 0.66 0.32
0 41 0.52 0.25
0 42 0.53 0.23
0 43 0.56 0.25
0 44 0.62 0.17
0 45 0.73 0.21
0 46 0.6 0.24
0 47 0.45 0.36
0 48 0.54 0.18
0 49 0.8 0.22
0 50 0.56 0.28
1 2 0.5 0.17
1 3 0.46 0.13
1 4 0.4 0.19
1 5 0.4 0.12
1 6 0.62 0.16
1 7 0.7 0.29
1 8 0.4 0.16
1 9 0.64 0.24
1 10 0.62 0.28
1 11 0.47 0.12
1 12 0.73 0.2
1 13 0.77 0.18
1 14 0.54 0.13
1 15 0.44 0.2
1 16 0.67 0.14
1 17 0.48 0.17
1 18 0.57 0.06
1 19 0.26 0.04
1 20 0.65 0.2
1 21 0.56 0.17
1 22 0.58 0.23
1 23 0.67 0.24
1 24 0.63 0.19
1 25 0.62 0.15
1 26 0.33 0.15
1 27 0.47 0.22
1 28 0.42 0.2
1 29 0.79 0.22
1 30 0.6 0.21
1 31 0.46 0.26
1 32 0.59 0.1
1 33 0.42 0.21
1 34 0.65 0.28
1 35 0.7 0.23
1 36 0.83 0.24
1 37 0.78 0.19
1 38 0.51 0.14
1 39 0.54 0.18
1 40 0.68 0.2
1 41 0.48 0.21
1 42 0.4 0.16
1 43 0.42 0.08
1 44 0.69 0.23
1 45 0.82 0.13
1 46 0.61 0.12
1 47 0.42 0.22
1 48 0.47 0.14
1 49 0.7 0.07
1 50 0.53 0.06
2 3 0.63 0.22
2 4 0.42 0.28
2 5 0.68 0.23
2 6 0.36 0.33
2 7 0.35 0.22
2 8 0.49 0.25
2 9 0.31 0.22
2 10 0.58 0.26
2 11 0.52 0.2
2 12 0.47 0.11
2 13 0.77 0.15
2 14 0.55 0.27
2 15 0.45 0.17
2 16 0.34 0.24
2 17 0.51 0.26
2 18 0.42 0.22
2 19 0.24 0.13
2 20 0.76 0.18
2 21 0.46 0.18
2 22 0.5 0.19
2 23 0.6 0.28
2 24 0.61 0.3
2 25 0.6 0.24
2 26 0.6 0.19
2 27 0.53 0.24
2 28 0.54 0.19
2 29 0.56 0.29
2 30 0.56 0.27
2 31 0.39 0.25
2 32 0.38 0.07
2 33 0.6 0.13
2 34 0.56 0.3
2 35 0.72 0.24
2 36 0.44 0.27
2 37 0.54 0.13
2 38 0.62 0.3
2 39 0.52 0.15
2 40 0.44 0.29
2 41 0.5 0.25
2 42 0.74 0.21
2 43 0.43 0.17
2 44 0.28 0.16
2 45 0.51 0.11
2 46 0.26 0.16
2 47 0.56 0.28
2 48 0.46 0.18
2 49 0.64 0.17
2 50 0.36 0.18
3 4 0.67 0.22
3 5 0.38 0.25
3 6 0.71 0.29
3 7 0.45 0.22
3 8 0.51 0.25
3 9 0.6 0.34
3 10 0.38 0.24
3 11 0.46 0.17
3 12 0.7 0.2
3 13 0.84 0.23
3 14 0.64 0.23
3 15 0.65 0.25
3 16 0.61 0.23
3 17 0.59 0.24
3 18 0.53 0.19
3 19 0.39 0.09
3 20 0.69 0.26
3 21 0.67 0.3
3 22 0.58 0.31
3 23 0.68 0.27
3 24 0.57 0.32
3 25 0.5 0.2
3 26 0.72 0.2
3 27 0.63 0.26
3 28 0.78 0.22
3 29 0.68 0.31
3 30 0.46 0.29
3 31 0.86 0.33
3 32 0.72 0.15
3 33 0.49 0.25
3 34 0.57 0.27
3 35 0.5 0.11
3 36 0.62 0.28
3 37 0.61 0.22
3 38 0.71 0.25
3 39 0.86 0.23
3 40 0.67 0.28
3 41 0.65 0.26
3 42 0.7 0.26
3 43 0.52 0.13
3 44 0.38 0.16
3 45 0.58 0.25
3 46 0.69 0.25
3 47 0.58 0.24
3 48 0.48 0.19
3 49 0.25 0.2
3 50 0.64 0.19
4 5 0.45 0.1
4 6 0.54 0.23
4 7 0.36 0.16
4 8 0.44 0.03
4 9 0.31 0.2
4 10 0.65 0.2
4 11 0.46 0.15
4 12 0.6 0.27
4 13 0.48 0.28
4 14 0.52 0.25
4 15 0.58 0.18
4 16 0.45 0.25
4 17 0.52 0.04
4 18 0.39 0.18
4 19 0.47 0.23
4 20 0.56 0.19
4 21 0.54 0.15
4 22 0.52 0.16
4 23 0.72 0.24
4 24 0.72 0.18
4 25 0.58 0.23
4 26 0.65 0.12
4 27 0.81 0.22
4 28 0.6 0.18
4 29 0.65 0.17
4 30 0.67 0.27
4 31 0.72 0.11
4 32 0.47 0.23
4 33 0.56 0.22
4 34 0.72 0.35
4 35 0.47 0.21
4 36 0.52 0.16
4 37 0.58 0.25
4 38 0.49 0.23
4 39 0.59 0.2
4 40 0.67 0.07
4 41 0.41 0.06
4 42 0.72 0.14
4 43 0.4 0.2
4 44 0.29 0.18
4 45 0.67 0.24
4 46 0.55 0.12
4 47 0.69 0.14
4 48 0.23 0.13
4 49 0.49 0.25
4 50 0.52 0.13
5 6 0.52 0.14
5 7 0.37 0.17
5 8 0.5 0.13
5 9 0.51 0.28
5 10 0.5 0.3
5 11 0.33 0.19
5 12 0.78 0.2
5 13 0.68 0.18
5 14 0.58 0.15
5 15 0.72 0.25
5 16 0.37 0.25
5 17 0.43 0.14
5 18 0.42 0.18
5 19 0.65 0.16
5 20 0.51 0.24
5 21 0.34 0.05
5 22 0.57 0.13
5 23 0.5 0.2
5 24 0.6 0.28
5 25 0.49 0.23
5 26 0.51 0.16
5 27 0.64 0.26
5 28 0.44 0.15
5 29 0.6 0.27
5 30 0.28 0.18
5 31 0.52 0.21
5 32 0.46 0.22
5 33 0.7 0.19
5 34 0.62 0.28
5 35 0.67 0.26
5 36 0.5 0.26
5 37 0.46 0.18
5 38 0.58 0.25
5 39 0.6 0.23
5 40 0.54 0.17
5 41 0.5 0.1
5 42 0.6 0.19
5 43 0.7 0.2
5 44 0.44 0.11
5 45 0.48 0.22
5 46 0.5 0.15
5 47 0.7 0.18
5 48 0.57 0.17
5 49 0.63 0.19
5 50 0.46 0.06
6 7 0.71 0.26
6 8 0.54 0.2
6 9 0.46 0.18
6 10 0.5 0.25
6 11 0.28 0.16
6 12 0.48 0.22
6 13 0.66 0.32
6 14 0.64 0.27
6 15 0.46 0.26
6 16 0.6 0.22
6 17 0.62 0.21
6 18 0.59 0.2
6 19 0.6 0.2
6 20 0.57 0.28
6 21 0.6 0.19
6 22 0.48 0.2
6 23 0.46 0.27
6 24 0.7 0.23
6 25 0.48 0.2
6 26 0.56 0.14
6 27 0.66 0.26
6 28 0.6 0.26
6 29 0.67 0.3
6 30 0.45 0.23
6 31 0.48 0.24
6 32 0.52 0.26
6 33 0.58 0.26
6 34 0.76 0.4
6 35 0.62 0.24
6 36 0.59 0.28
6 37 0.27 0.2
6 38 0.34 0.14
6 39 0.66 0.28
6 40 0.49 0.18
6 41 0.75 0.2
6 42 0.54 0.23
6 43 0.52 0.2
6 44 0.64 0.25
6 45 0.79 0.29
6 46 0.43 0.23
6 47 0.3 0.11
6 48 0.52 0.15
6 49 0.46 0.23
6 50 0.64 0.2
7 8 0.43 0.18
7 9 0.29 0.25
7 10 0.39 0.21
7 11 0.58 0.2
7 12 0.49 0.15
7 13 0.5 0.27
7 14 0.56 0.2
7 15 0.37 0.3
7 16 0.42 0.27
7 17 0.51 0.19
7 18 0.62 0.25
7 19 0.59 0.28
7 20 0.48 0.21
7 21 0.28 0.14
7 22 0.69 0.22
7 23 0.36 0.28
7 24 0.68 0.33
7 25 0.38 0.24
7 26 0.43 0.17
7 27 0.54 0.23
7 28 0.68 0.12
7 29 0.44 0.24
7 30 0.58 0.24
7 31 0.57 0.27
7 32 0.71 0.29
7 33 0.44 0.21
7 34 0.7 0.3
7 35 0.4 0.14
7 36 0.59 0.24
7 37 0.46 0.13
7 38 0.56 0.28
7 39 0.57 0.32
7 40 0.7 0.14
7 41 0.58 0.11
7 42 0.58 0.16
7 43 0.44 0.25
7 44 0.07 0.06
7 45 0.44 0.26
7 46 0.61 0.19
7 47 0.47 0.15
7 48 0.59 0.18
7 49 0.54 0.25
7 50 0.52 0.23
8 9 0.24 0.22
8 10 0.52 0.23
8 11 0.5 0.18
8 12 0.44 0.26
8 13 0.5 0.25
8 14 0.53 0.22
8 15 0.66 0.15
8 16 0.38 0.22
8 17 0.08 0.01
8 18 0.62 0.15
8 19 0.66 0.2
8 20 0.69 0.16
8 21 0.16 0.12
8 22 0.49 0.13
8 23 0.52 0.21
8 24 0.52 0.15
8 25 0.55 0.2
8 26 0.62 0.15
8 27 0.37 0.21
8 28 0.62 0.15
8 29 0.56 0.14
8 30 0.43 0.28
8 31 0.49 0.14
8 32 0.58 0.25
8 33 0.37 0.19
8 34 0.43 0.32
8 35 0.46 0.18
8 36 0.54 0.13
8 37 0.61 0.24
8 38 0.45 0.23
8 39 0.6 0.17
8 40 0.57 0.04
8 41 0.52 0.09
8 42 0.7 0.11
8 43 0.41 0.19
8 44 0.36 0.21
8 45 0.44 0.21
8 46 0.59 0.09
8 47 0.38 0.11
8 48 0.67 0.16
8 49 0.55 0.22
8 50 0.13 0.1
9 10 0.54 0.22
9 11 0.74 0.24
9 12 0.55 0.25
9 13 0.67 0.34
9 14 0.59 0.33
9 15 0.46 0.31
9 16 0.14 0.13
9 17 0.32 0.23
9 18 0.66 0.21
9 19 0.46 0.27
9 20 0.54 0.15
9 21 0.4 0.23
9 22 0.54 0.15
9 23 0.48 0.36
9 24 0.58 0.34
9 25 0.62 0.32
9 26 0.56 0.25
9 27 0.59 0.22
9 28 0.46 0.2
9 29 0.34 0.21
9 30 0.36 0.2
9 31 0.58 0.31
9 32 0.69 0.26
9 33 0.5 0.09
9 34 0.64 0.39
9 35 0.58 0.23
9 36 0.3 0.26
9 37 0.54 0.23
9 38 0.58 0.29
9 39 0.62 0.31
9 40 0.68 0.26
9 41 0.29 0.2
9 42 0.52 0.2
9 43 0.47 0.23
9 44 0.22 0.19
9 45 0.56 0.21
9 46 0.5 0.26
9 47 0.56 0.29
9 48 0.52 0.24
9 49 0.46 0.17
9 50 0.34 0.24
10 11 0.68 0.23
10 12 0.73 0.18
10 13 0.63 0.27
10 14 0.66 0.33
10 15 0.52 0.29
10 16 0.62 0.14
10 17 0.6 0.23
10 18 0.47 0.22
10 19 0.72 0.25
10 20 0.31 0.08
10 21 0.67 0.27
10 22 0.52 0.2
10 23 0.72 0.33
10 24 0.5 0.22
10 25 0.62 0.23
10 26 0.7 0.22
10 27 0.56 0.2
10 28 0.54 0.17
10 29 0.5 0.22
10 30 0.64 0.21
10 31 0.53 0.31
10 32 0.68 0.19
10 33 0.64 0.14
10 34 0.43 0.27
10 35 0.64 0.22
10 36 0.74 0.35
10 37 0.61 0.16
10 38 0.66 0.3
10 39 0.6 0.27
10 40 0.56 0.21
10 41 0.82 0.26
10 42 0.73 0.13
10 43 0.56 0.24
10 44 0.46 0.23
10 45 0.6 0.23
10 46 0.55 0.22
10 47 0.2 0.14
10 48 0.56 0.21
10 49 0.63 0.28
10 50 0.65 0.29
11 12 0.57 0.19
11 13 0.57 0.21
11 14 0.44 0.14
11 15 0.64 0.19
11 16 0.7 0.19
11 17 0.42 0.18
11 18 0.51 0.13
11 19 0.32 0.08
11 20 0.45 0.15
11 21 0.6 0.24
11 22 0.53 0.17
11 23 0.71 0.29
11 24 0.69 0.16
11 25 0.68 0.19
11 26 0.68 0.03
11 27 0.71 0.25
11 28 0.68 0.14
11 29 0.56 0.27
11 30 0.61 0.12
11 31 0.5 0.18
11 32 0.48 0.13
11 33 0.57 0.17
11 34 0.66 0.24
11 35 0.34 0.11
11 36 0.51 0.12
11 37 0.55 0.17
11 38 0.62 0.14
11 39 0.62 0.21
11 40 0.21 0.16
11 41 0.58 0.09
11 42 0.74 0.1
11 43 0.56 0.12
11 44 0.6 0.2
11 45 0.51 0.2
11 46 0.66 0.19
11 47 0.57 0.23
11 48 0.24 0.02
11 49 0.5 0.16
11 50 0.63 0.18
12 13 0.68 0.26
12 14 0.56 0.23
12 15 0.72 0.21
12 16 0.62 0.16
12 17 0.52 0.25
12 18 0.71 0.24
12 19 0.47 0.16
12 20 0.61 0.1
12 21 0.6 0.23
12 22 0.48 0.22
12 23 0.64 0.31
12 24 0.24 0.21
12 25 0.54 0.27
12 26 0.65 0.18
12 27 0.75 0.22
12 28 0.84 0.15
12 29 0.48 0.24
12 30 0.5 0.16
12 31 0.55 0.22
12 32 0.71 0.18
12 33 0.72 0.16
12 34 0.53 0.29
12 35 0.58 0.13
12 36 0.73 0.26
12 37 0.5 0.02
12 38 0.61 0.27
12 39 0.57 0.23
12 40 0.36 0.24
12 41 0.6 0.24
12 42 0.68 0.15
12 43 0.44 0.2
12 44 0.42 0.09
12 45 0.66 0.2
12 46 0.61 0.24
12 47 0.72 0.28
12 48 0.77 0.17
12 49 0.61 0.14
12 50 0.57 0.26
13 14 0.41 0.23
13 15 0.64 0.18
13 16 0.62 0.25
13 17 0.58 0.26
13 18 0.76 0.24
13 19 0.7 0.14
13 20 0.54 0.19
13 21 0.34 0.13
13 22 0.64 0.21
13 23 0.67 0.35
13 24 0.82 0.28
13 25 0.73 0.25
13 26 0.5 0.2
13 27 0.68 0.25
13 28 0.77 0.23
13 29 0.62 0.3
13 30 0.71 0.32
13 31 0.5 0.36
13 32 0.64 0.08
13 33 0.7 0.25
13 34 0.66 0.16
13 35 0.7 0.28
13 36 0.4 0.28
13 37 0.71 0.27
13 38 0.57 0.31
13 39 0.5 0.16
13 40 0.69 0.29
13 41 0.67 0.26
13 42 0.56 0.24
13 43 0.53 0.18
13 44 0.49 0.27
13 45 0.58 0.26
13 46 0.77 0.3
13 47 0.43 0.26
13 48 0.71 0.19
13 49 0.63 0.25
13 50 0.54 0.24
14 15 0.72 0.27
14 16 0.45 0.2
14 17 0.55 0.23
14 18 0.6 0.19
14 19 0.58 0.14
14 20 0.52 0.25
14 21 0.54 0.1
14 22 0.6 0.18
14 23 0.47 0.15
14 24 0.72 0.3
14 25 0.51 0.25
14 26 0.64 0.13
14 27 0.65 0.31
14 28 0.72 0.2
14 29 0.54 0.22
14 30 0.3 0.25
14 31 0.6 0.32
14 32 0.42 0.2
14 33 0.64 0.24
14 34 0.57 0.37
14 35 0.52 0.21
14 36 0.42 0.26
14 37 0.48 0.21
14 38 0.62 0.24
14 39 0.47 0.25
14 40 0.65 0.25
14 41 0.52 0.19
14 42 0.44 0.2
14 43 0.12 0.1
14 44 0.49 0.14
14 45 0.56 0.26
14 46 0.68 0.25
14 47 0.74 0.24
14 48 0.36 0.12
14 49 0.62 0.2
14 50 0.4 0.19
15 16 0.6 0.27
15 17 0.74 0.14
15 18 0.67 0.22
15 19 0.57 0.16
15 20 0.44 0.21
15 21 0.65 0.27
15 22 0.6 0.26
15 23 0.57 0.27
15 24 0.66 0.28
15 25 0.51 0.22
15 26 0.28 0.16
15 27 0.76 0.11
15 28 0.57 0.22
15 29 0.64 0.25
15 30 0.65 0.31
15 31 0.55 0.22
15 32 0.66 0.1
15 33 0.5 0.27
15 34 0.78 0.33
15 35 0.5 0.26
15 36 0.5 0.26
15 37 0.72 0.23
15 38 0.58 0.23
15 39 0.69 0.02
15 40 0.56 0.19
15 41 0.48 0.22
15 42 0.56 0.24
15 43 0.67 0.17
15 44 0.3 0.24
15 45 0.54 0.28
15 46 0.6 0.24
15 47 0.7 0.26
15 48 0.58 0.17
15 49 0.8 0.27
15 50 0.65 0.19
16 17 0.46 0.21
16 18 0.55 0.08
16 19 0.58 0.14
16 20 0.45 0.06
16 21 0.54 0.24
16 22 0.68 0.18
16 23 0.44 0.26
16 24 0.49 0.21
16 25 0.48 0.24
16 26 0.69 0.18
16 27 0.65 0.24
16 28 0.57 0.15
16 29 0.25 0.08
16 30 0.22 0.07
16 31 0.55 0.28
16 32 0.62 0.17
16 33 0.44 0.12
16 34 0.71 0.3
16 35 0.68 0.26
16 36 0.38 0.29
16 37 0.4 0.14
16 38 0.58 0.16
16 39 0.48 0.25
16 40 0.76 0.25
16 41 0.43 0.24
16 42 0.64 0.11
16 43 0.33 0.1
16 44 0.35 0.21
16 45 0.7 0.2
16 46 0.49 0.14
16 47 0.42 0.24
16 48 0.54 0.19
16 49 0.44 0.19
16 50 0.48 0.2
17 18 0.7 0.16
17 19 0.74 0.21
17 20 0.69 0.15
17 21 0.24 0.13
17 22 0.57 0.12
17 23 0.54 0.22
17 24 0.44 0.14
17 25 0.63 0.2
17 26 0.62 0.15
17 27 0.29 0.2
17 28 0.54 0.14
17 29 0.49 0.15
17 30 0.51 0.28
17 31 0.57 0.15
17 32 0.5 0.24
17 33 0.45 0.18
17 34 0.51 0.33
17 35 0.38 0.19
17 36 0.56 0.12
17 37 0.6 0.23
17 38 0.53 0.23
17 39 0.52 0.16
17 40 0.54 0.05
17 41 0.6 0.1
17 42 0.75 0.1
17 43 0.43 0.2
17 44 0.44 0.2
17 45 0.36 0.2
17 46 0.67 0.1
17 47 0.46 0.12
17 48 0.66 0.16
17 49 0.63 0.23
17 50 0.21 0.11
18 19 0.52 0.1
18 20 0.63 0.14
18 21 0.46 0.16
18 22 0.4 0.24
18 23 0.52 0.18
18 24 0.47 0.13
18 25 0.6 0.16
18 26 0.55 0.1
18 27 0.6 0.2
18 28 0.8 0.23
18 29 0.55 0.16
18 30 0.6 0.15
18 31 0.46 0.2
18 32 0.48 0.16
18 33 0.6 0.2
18 34 0.58 0.32
18 35 0.62 0.2
18 36 0.65 0.24
18 37 0.44 0.22
18 38 0.44 0.08
18 39 0.34 0.2
18 40 0.72 0.19
18 41 0.58 0.16
18 42 0.78 0.19
18 43 0.49 0.14
18 44 0.55 0.26
18 45 0.34 0.12
18 46 0.16 0.06
18 47 0.67 0.18
18 48 0.54 0.11
18 49 0.28 0.13
18 50 0.56 0.12
19 20 0.52 0.17
19 21 0.7 0.21
19 22 0.6 0.25
19 23 0.48 0.21
19 24 0.37 0.23
19 25 0.36 0.11
19 26 0.59 0.11
19 27 0.54 0.18
19 28 0.68 0.22
19 29 0.6 0.22
19 30 0.4 0.2
19 31 0.56 0.26
19 32 0.33 0.06
19 33 0.61 0.23
19 34 0.71 0.29
19 35 0.54 0.19
19 36 0.68 0.2
19 37 0.58 0.18
19 38 0.74 0.18
19 39 0.47 0.14
19 40 0.53 0.19
19 41 0.26 0.17
19 42 0.54 0.18
19 43 0.67 0.04
19 44 0.52 0.25
19 45 0.7 0.16
19 46 0.36 0.16
19 47 0.68 0.18
19 48 0.56 0.1
19 49 0.44 0.11
19 50 0.6 0.1
20 21 0.72 0.19
20 22 0.5 0.12
20 23 0.55 0.25
20 24 0.44 0.27
20 25 0.68 0.24
20 26 0.67 0.14
20 27 0.48 0.2
20 28 0.23 0.09
20 29 0.2 0.14
20 30 0.67 0.13
20 31 0.73 0.28
20 32 0.65 0.11
20 33 0.48 0.06
20 34 0.66 0.34
20 35 0.64 0.2
20 36 0.65 0.27
20 37 0.77 0.08
20 38 0.35 0.22
20 39 0.69 0.19
20 40 0.66 0.2
20 41 0.54 0.2
20 42 0.68 0.05
20 43 0.4 0.16
20 44 0.55 0.15
20 45 0.72 0.15
20 46 0.72 0.14
20 47 0.44 0.22
20 48 0.41 0.13
20 49 0.46 0.2
20 50 0.67 0.21
21 22 0.61 0.08
21 23 0.54 0.25
21 24 0.48 0.26
21 25 0.39 0.18
21 26 0.61 0.21
21 27 0.53 0.21
21 28 0.58 0.1
21 29 0.52 0.26
21 30 0.59 0.23
21 31 0.45 0.26
21 32 0.74 0.21
21 33 0.36 0.14
21 34 0.45 0.29
21 35 0.62 0.28
21 36 0.69 0.25
21 37 0.66 0.21
21 38 0.61 0.2
21 39 0.66 0.28
21 40 0.42 0.16
21 41 0.67 0.15
21 42 0.69 0.14
21 43 0.52 0.2
21 44 0.35 0.14
21 45 0.6 0.24
21 46 0.43 0.2
21 47 0.48 0.23
21 48 0.69 0.22
21 49 0.52 0.22
21 50 0.29 0.11
22 23 0.6 0.27
22 24 0.57 0.26
22 25 0.45 0.17
22 26 0.5 0.16
22 27 0.51 0.22
22 28 0.67 0.11
22 29 0.68 0.26
22 30 0.56 0.25
22 31 0.54 0.27
22 32 0.42 0.2
22 33 0.25 0.06
22 34 0.73 0.3
22 35 0.69 0.2
22 36 0.71 0.24
22 37 0.48 0.2
22 38 0.48 0.25
22 39 0.28 0.24
22 40 0.59 0.17
22 41 0.66 0.22
22 42 0.38 0.07
22 43 0.59 0.28
22 44 0.76 0.17
22 45 0.62 0.17
22 46 0.24 0.2
22 47 0.46 0.24
22 48 0.29 0.15
22 49 0.55 0.23
22 50 0.49 0.19
23 24 0.4 0.16
23 25 0.48 0.1
23 26 0.58 0.27
23 27 0.25 0.22
23 28 0.32 0.16
23 29 0.62 0.34
23 30 0.22 0.2
23 31 0.21 0.2
23 32 0.48 0.27
23 33 0.51 0.31
23 34 0.62 0.35
23 35 0.43 0.32
23 36 0.67 0.34
23 37 0.4 0.29
23 38 0.56 0.18
23 39 0.34 0.25
23 40 0.58 0.25
23 41 0.62 0.27
23 42 0.62 0.2
23 43 0.48 0.24
23 44 0.43 0.22
23 45 0.36 0.3
23 46 0.36 0.12
23 47 0.6 0.19
23 48 0.72 0.27
23 49 0.63 0.31
23 50 0.42 0.2
24 25 0.44 0.17
24 26 0.53 0.19
24 27 0.51 0.21
24 28 0.64 0.28
24 29 0.24 0.21
24 30 0.59 0.2
24 31 0.4 0.2
24 32 0.61 0.29
24 33 0.58 0.3
24 34 0.52 0.19
24 35 0.4 0.23
24 36 0.52 0.26
24 37 0.61 0.23
24 38 0.48 0.09
24 39 0.47 0.3
24 40 0.6 0.19
24 41 0.58 0.24
24 42 0.76 0.24
24 43 0.68 0.27
24 44 0.66 0.3
24 45 0.63 0.25
24 46 0.63 0.19
24 47 0.62 0.26
24 48 0.63 0.18
24 49 0.37 0.2
24 50 0.63 0.25
25 26 0.62 0.19
25 27 0.73 0.2
25 28 0.57 0.26
25 29 0.64 0.31
25 30 0.7 0.3
25 31 0.5 0.3
25 32 0.61 0.17
25 33 0.48 0.23
25 34 0.4 0.36
25 35 0.76 0.22
25 36 0.63 0.31
25 37 0.64 0.29
25 38 0.68 0.08
25 39 0.58 0.24
25 40 0.72 0.16
25 41 0.48 0.24
25 42 0.54 0.24
25 43 0.6 0.15
25 44 0.45 0.3
25 45 0.6 0.27
25 46 0.62 0.21
25 47 0.42 0.09
25 48 0.44 0.2
25 49 0.7 0.22
25 50 0.68 0.21
26 27 0.51 0.23
26 28 0.67 0.13
26 29 0.69 0.26
26 30 0.74 0.15
26 31 0.51 0.21
26 32 0.68 0.12
26 33 0.25 0.16
26 34 0.66 0.26
26 35 0.5 0.1
26 36 0.5 0.15
26 37 0.8 0.16
26 38 0.46 0.11
26 39 0.78 0.18
26 40 0.76 0.19
26 41 0.71 0.06
26 42 0.46 0.09
26 43 0.52 0.15
26 44 0.36 0.19
26 45 0.66 0.19
26 46 0.71 0.16
26 47 0.67 0.25
26 48 0.44 0.01
26 49 0.64 0.15
26 50 0.49 0.21
27 28 0.25 0.11
27 29 0.56 0.16
27 30 0.43 0.23
27 31 0.46 0.11
27 32 0.52 0.17
27 33 0.26 0.22
27 34 0.44 0.38
27 35 0.54 0.26
27 36 0.42 0.32
27 37 0.61 0.24
27 38 0.34 0.12
27 39 0.38 0.09
27 40 0.54 0.18
27 41 0.64 0.28
27 42 0.59 0.15
27 43 0.72 0.22
27 44 0.53 0.17
27 45 0.61 0.25
27 46 0.6 0.25
27 47 0.36 0.25
27 48 0.59 0.23
27 49 0.38 0.29
27 50 0.5 0.26
28 29 0.4 0.18
28 30 0.54 0.22
28 31 0.53 0.22
28 32 0.42 0.2
28 33 0.42 0.15
28 34 0.69 0.37
28 35 0.57 0.21
28 36 0.42 0.24
28 37 0.72 0.13
28 38 0.58 0.23
28 39 0.46 0.2
28 40 0.72 0.19
28 41 0.66 0.19
28 42 0.71 0.04
28 43 0.6 0.24
28 44 0.68 0.06
28 45 0.62 0.14
28 46 0.68 0.23
28 47 0.48 0.26
28 48 0.64 0.12
28 49 0.63 0.2
28 50 0.66 0.21
29 30 0.47 0.15
29 31 0.63 0.27
29 32 0.54 0.22
29 33 0.44 0.2
29 34 0.46 0.22
29 35 0.44 0.32
29 36 0.63 0.27
29 37 0.65 0.22
29 38 0.5 0.24
29 39 0.5 0.23
29 40 0.62 0.18
29 41 0.34 0.23
29 42 0.54 0.19
29 43 0.58 0.18
29 44 0.5 0.24
29 45 0.72 0.28
29 46 0.52 0.22
29 47 0.39 0.22
29 48 0.57 0.27
29 49 0.61 0.27
29 50 0.68 0.24
30 31 0.4 0.26
30 32 0.7 0.24
30 33 0.66 0.19
30 34 0.74 0.36
30 35 0.54 0.23
30 36 0.5 0.24
30 37 0.18 0.14
30 38 0.76 0.23
30 39 0.56 0.32
30 40 0.6 0.28
30 41 0.65 0.21
30 42 0.52 0.18
30 43 0.42 0.17
30 44 0.57 0.21
30 45 0.58 0.27
30 46 0.52 0.21
30 47 0.64 0.31
30 48 0.51 0.14
30 49 0.66 0.26
30 50 0.56 0.24
31 32 0.69 0.28
31 33 0.6 0.28
31 34 0.66 0.32
31 35 0.64 0.29
31 36 0.77 0.27
31 37 0.58 0.2
31 38 0.38 0.23
31 39 0.55 0.2
31 40 0.71 0.18
31 41 0.5 0.17
31 42 0.54 0.24
31 43 0.48 0.3
31 44 0.64 0.27
31 45 0.45 0.14
31 46 0.3 0.14
31 47 0.68 0.25
31 48 0.65 0.2
31 49 0.71 0.2
31 50 0.36 0.24
32 33 0.57 0.17
32 34 0.71 0.23
32 35 0.72 0.2
32 36 0.41 0.2
32 37 0.6 0.19
32 38 0.72 0.23
32 39 0.14 0.08
32 40 0.56 0.25
32 41 0.59 0.18
32 42 0.72 0.16
32 43 0.54 0.1
32 44 0.64 0.23
32 45 0.56 0.18
32 46 0.46 0.22
32 47 0.54 0.24
32 48 0.24 0.11
32 49 0.5 0.17
32 50 0.5 0.16
33 34 0.54 0.3
33 35 0.75 0.14
33 36 0.68 0.23
33 37 0.69 0.14
33 38 0.36 0.27
33 39 0.53 0.25
33 40 0.68 0.23
33 41 0.46 0.22
33 42 0.33 0.11
33 43 0.52 0.22
33 44 0.51 0.21
33 45 0.59 0.14
33 46 0.49 0.2
33 47 0.44 0.22
33 48 0.33 0.15
33 49 0.53 0.2
33 50 0.24 0.15
34 35 0.56 0.16
34 36 0.86 0.36
34 37 0.56 0.3
34 38 0.62 0.28
34 39 0.68 0.31
34 40 0.5 0.36
34 41 0.45 0.32
34 42 0.87 0.33
34 43 0.58 0.33
34 44 0.77 0.36
34 45 0.56 0.38
34 46 0.49 0.38
34 47 0.63 0.29
34 48 0.49 0.25
34 49 0.54 0.35
34 50 0.3 0.22
35 36 0.68 0.23
35 37 0.36 0.15
35 38 0.65 0.14
35 39 0.76 0.28
35 40 0.42 0.22
35 41 0.5 0.16
35 42 0.46 0.17
35 43 0.4 0.23
35 44 0.44 0.2
35 45 0.74 0.27
35 46 0.78 0.26
35 47 0.44 0.29
35 48 0.58 0.09
35 49 0.62 0.23
35 50 0.59 0.28
36 37 0.32 0.24
36 38 0.45 0.26
36 39 0.55 0.28
36 40 0.72 0.17
36 41 0.59 0.21
36 42 0.63 0.22
36 43 0.54 0.24
36 44 0.52 0.18
36 45 0.66 0.32
36 46 0.7 0.22
36 47 0.78 0.24
36 48 0.42 0.14
36 49 0.37 0.28
36 50 0.61 0.23
37 38 0.61 0.27
37 39 0.6 0.25
37 40 0.76 0.26
37 41 0.76 0.22
37 42 0.64 0.13
37 43 0.42 0.22
37 44 0.53 0.07
37 45 0.76 0.18
37 46 0.58 0.22
37 47 0.57 0.26
37 48 0.36 0.15
37 49 0.62 0.12
37 50 0.62 0.24
38 39 0.72 0.21
38 40 0.76 0.24
38 41 0.65 0.17
38 42 0.69 0.2
38 43 0.6 0.22
38 44 0.5 0.29
38 45 0.67 0.2
38 46 0.6 0.14
38 47 0.61 0.17
38 48 0.69 0.12
38 49 0.6 0.21
38 50 0.32 0.2
39 40 0.7 0.21
39 41 0.72 0.24
39 42 0.66 0.24
39 43 0.58 0.15
39 44 0.5 0.26
39 45 0.68 0.26
39 46 0.4 0.22
39 47 0.4 0.28
39 48 0.38 0.19
39 49 0.62 0.25
39 50 0.59 0.17
40 41 0.78 0.13
40 42 0.59 0.15
40 43 0.72 0.15
40 44 0.72 0.2
40 45 0.66 0.25
40 46 0.7 0.13
40 47 0.36 0.07
40 48 0.45 0.18
40 49 0.54 0.26
40 50 0.44 0.14
41 42 0.54 0.15
41 43 0.64 0.14
41 44 0.51 0.17
41 45 0.8 0.25
41 46 0.42 0.15
41 47 0.63 0.2
41 48 0.64 0.07
41 49 0.56 0.21
41 50 0.63 0.16
42 43 0.32 0.21
42 44 0.65 0.1
42 45 0.49 0.1
42 46 0.62 0.19
42 47 0.54 0.22
42 48 0.58 0.08
42 49 0.82 0.16
42 50 0.57 0.21
43 44 0.37 0.24
43 45 0.6 0.2
43 46 0.56 0.2
43 47 0.64 0.14
43 48 0.48 0.14
43 49 0.74 0.15
43 50 0.28 0.14
44 45 0.51 0.2
44 46 0.54 0.25
44 47 0.4 0.21
44 48 0.52 0.18
44 49 0.5 0.19
44 50 0.49 0.17
45 46 0.5 0.18
45 47 0.53 0.22
45 48 0.6 0.18
45 49 0.62 0.06
45 50 0.35 0.16
46 47 0.7 0.12
46 48 0.53 0.17
46 49 0.44 0.19
46 50 0.56 0.18
47 48 0.75 0.25
47 49 0.72 0.28
47 50 0.45 0.21
48 49 0.26 0.14
48 50 0.54 0.2
49 50 0.66 0.13
node_demand
0.2
0.125
0.125
0.1
0.1
0.15
0.075
0.075
0.2
0.175
0.175
0.05
0.15
0.05
0.075
0.1
0.075
0.025
0.15
0.075
0.025
0.2
0.15
0.05
0.15
0.2
0.2
0.075
0.175
0.05
0.05
0.2
0.175
0.075
0.2
0.175
0.2
0.125
0.075
0.1
0.175
0.025
0.175
0.1
0.175
0.05
0.05
0.1
0.225
0.025
