50
0 1 0.66 0.25
0 2 0.75 0.16
0 3 0.69 0.25
0 4 0.67 0.17
0 5 0.24 0.22
0 6 0.55 0.22
0 7 0.6 0.08
0 8 0.59 0.27
0 9 0.48 0.12
0 10 0.68 0.17
0 11 0.59 0.28
0 12 0.62 0.27
0 13 0.52 0.31
0 14 0.32 0.28
0 15 0.72 0.28
0 16 0.69 0.18
0 17 0.34 0.15
0 18 0.52 0.21
0 19 0.53 0.19
0 20 0.51 0.25
0 21 0.6 0.26
0 22 0.36 0.19
0 23 0.64 0.29
0 24 0.55 0.25
0 25 0.56 0.16
0 26 0.65 0.16
0 27 0.36 0.12
0 28 0.5 0.26
0 29 0.74 0.18
0 30 0.6 0.22
0 31 0.52 0.26
0 32 0.26 0.15
0 33 0.69 0.23
0 34 0.36 0.22
0 35 0.53 0.23
0 36 0.4 0.31
0 37 0.46 0.33
0 38 0.58 0.26
0 39 0.36 0.27
0 40 0.59 0.1
0 41 0.33 0.24
0 42 0.65 0.23
0 43 0.68 0.26
0 44 0.6 0.28
0 45 0.68 0.26
0 46 0.61 0.1
0 47 0.44 0.19
0 48 0.56 0.21
0 49 0.45 0.26
0 50 0.63 0.16
1 2 0.56 0.22
1 3 0.72 0.2
1 4 0.67 0.22
1 5 0.76 0.27
1 6 0.65 0.27
1 7 0.66 0.18
1 8 0.5 0.28
1 9 0.66 0.3
1 10 0.59 0.16
1 11 0.64 0.27
1 12 0.4 0.2
1 13 0.58 0.25
1 14 0.77 0.25
1 15 0.82 0.3
1 16 0.8 0.21
1 17 0.64 0.15
1 18 0.66 0.25
1 19 0.6 0.31
1 20 0.48 0.19
1 21 0.68 0.32
1 22 0.51 0.2
1 23 0.66 0.04
1 24 0.64 0.25
1 25 0.42 0.09
1 26 0.79 0.19
1 27 0.61 0.22
1 28 0.74 0.24
1 29 0.63 0.12
1 30 0.4 0.12
1 31 0.74 0.26
1 32 0.4 0.23
1 33 0.48 0.21
1 34 0.63 0.19
1 35 0.52 0.16
1 36 0.84 0.27
1 37 0.86 0.28
1 38 0.47 0.22
1 39 0.63 0.2
1 40 0.4 0.27
1 41 0.5 0.17
1 42 0.5 0.16
1 43 0.54 0.19
1 44 0.75 0.25
1 45 0.36 0.19
1 46 0.4 0.15
1 47 0.61 0.18
1 48 0.6 0.09
1 49 0.54 0.27
1 50 0.71 0.1
2 3 0.74 0.22
2 4 0.36 0.2
2 5 0.51 0.26
2 6 0.69 0.28
2 7 0.72 0.08
2 8 0.72 0.14
2 9 0.4 0.27
2 10 0.34 0.17
2 11 0.72 0.28
2 12 0.62 0.21
2 13 0.62 0.22
2 14 0.7 0.16
2 15 0.57 0.31
2 16 0.45 0.1
2 17 0.52 0.23
2 18 0.65 0.26
2 19 0.66 0.35
2 20 0.67 0.22
2 21 0.37 0.1
2 22 0.61 0.12
2 23 0.56 0.26
2 24 0.42 0.09
2 25 0.71 0.18
2 26 0.35 0.08
2 27 0.62 0.12
2 28 0.4 0.2
2 29 0.47 0.18
2 30 0.62 0.2
2 31 0.68 0.14
2 32 0.59 0.3
2 33 0.54 0.24
2 34 0.71 0.25
2 35 0.48 0.18
2 36 0.65 0.3
2 37 0.56 0.3
2 38 0.68 0.1
2 39 0.52 0.22
2 40 0.74 0.25
2 41 0.46 0.26
2 42 0.67 0.18
2 43 0.67 0.2
2 44 0.68 0.28
2 45 0.4 0.28
2 46 0.5 0.21
2 47 0.72 0.24
2 48 0.38 0.22
2 49 0.62 0.18
2 50 0.54 0.16
3 4 0.77 0.12
3 5 0.79 0.28
3 6 0.5 0.28
3 7 0.62 0.19
3 8 0.72 0.23
3 9 0.64 0.31
3 10 0.42 0.16
3 11 0.82 0.15
3 12 0.55 0.08
3 13 0.62 0.22
3 14 0.54 0.16
3 15 0.82 0.18
3 16 0.46 0.26
3 17 0.68 0.2
3 18 0.52 0.22
3 19 0.74 0.31
3 20 0.56 0.16
3 21 0.71 0.28
3 22 0.55 0.15
3 23 0.4 0.16
3 24 0.5 0.13
3 25 0.78 0.29
3 26 0.52 0.24
3 27 0.66 0.23
3 28 0.34 0.12
3 29 0.62 0.12
3 30 0.6 0.15
3 31 0.6 0.15
3 32 0.61 0.3
3 33 0.6 0.02
3 34 0.68 0.23
3 35 0.58 0.04
3 36 0.71 0.27
3 37 0.74 0.08
3 38 0.72 0.19
3 39 0.55 0.08
3 40 0.76 0.27
3 41 0.49 0.27
3 42 0.38 0.04
3 43 0.44 0.07
3 44 0.72 0.2
3 45 0.5 0.28
3 46 0.75 0.24
3 47 0.64 0.18
3 48 0.75 0.14
3 49 0.26 0.24
3 50 0.62 0.14
4 5 0.53 0.24
4 6 0.42 0.22
4 7 0.68 0.23
4 8 0.64 0.27
4 9 0.62 0.29
4 10 0.46 0.24
4 11 0.38 0.19
4 12 0.41 0.12
4 13 0.63 0.26
4 14 0.4 0.18
4 15 0.62 0.22
4 16 0.7 0.2
4 17 0.6 0.21
4 18 0.37 0.14
4 19 0.54 0.35
4 20 0.55 0.2
4 21 0.37 0.26
4 22 0.48 0.19
4 23 0.58 0.2
4 24 0.48 0.17
4 25 0.5 0.22
4 26 0.7 0.18
4 27 0.72 0.2
4 28 0.52 0.16
4 29 0.61 0.24
4 30 0.27 0.1
4 31 0.46 0.19
4 32 0.41 0.2
4 33 0.56 0.14
4 34 0.68 0.18
4 35 0.58 0.08
4 36 0.6 0.31
4 37 0.62 0.2
4 38 0.54 0.2
4 39 0.4 0.12
4 40 0.63 0.26
4 41 0.56 0.22
4 42 0.54 0.08
4 43 0.6 0.11
4 44 0.82 0.24
4 45 0.46 0.3
4 46 0.3 0.16
4 47 0.52 0.26
4 48 0.74 0.16
4 49 0.66 0.28
4 50 0.83 0.26
5 6 0.52 0.29
5 7 0.58 0.29
5 8 0.66 0.34
5 9 0.68 0.32
5 10 0.48 0.2
5 11 0.6 0.2
5 12 0.54 0.24
5 13 0.58 0.28
5 14 0.52 0.26
5 15 0.48 0.28
5 16 0.77 0.34
5 17 0.4 0.12
5 18 0.75 0.1
5 19 0.68 0.32
5 20 0.57 0.28
5 21 0.47 0.36
5 22 0.6 0.26
5 23 0.68 0.31
5 24 0.64 0.35
5 25 0.52 0.23
5 26 0.66 0.32
5 27 0.38 0.29
5 28 0.45 0.28
5 29 0.58 0.22
5 30 0.8 0.26
5 31 0.62 0.2
5 32 0.38 0.34
5 33 0.56 0.26
5 34 0.6 0.22
5 35 0.5 0.27
5 36 0.48 0.28
5 37 0.7 0.36
5 38 0.8 0.16
5 39 0.58 0.25
5 40 0.66 0.24
5 41 0.57 0.18
5 42 0.41 0.27
5 43 0.77 0.28
5 44 0.67 0.28
5 45 0.74 0.33
5 46 0.48 0.17
5 47 0.58 0.28
5 48 0.52 0.18
5 49 0.59 0.36
5 50 0.39 0.24
6 7 0.44 0.29
6 8 0.58 0.14
6 9 0.29 0.27
6 10 0.66 0.25
6 11 0.32 0.28
6 12 0.66 0.28
6 13 0.59 0.32
6 14 0.58 0.31
6 15 0.38 0.22
6 16 0.5 0.3
6 17 0.57 0.17
6 18 0.59 0.23
6 19 0.64 0.31
6 20 0.66 0.26
6 21 0.6 0.38
6 22 0.5 0.21
6 23 0.36 0.24
6 24 0.28 0.26
6 25 0.49 0.18
6 26 0.56 0.28
6 27 0.59 0.32
6 28 0.56 0.32
6 29 0.46 0.26
6 30 0.52 0.29
6 31 0.68 0.31
6 32 0.29 0.26
6 33 0.5 0.3
6 34 0.68 0.22
6 35 0.53 0.24
6 36 0.57 0.33
6 37 0.61 0.36
6 38 0.72 0.35
6 39 0.75 0.24
6 40 0.69 0.29
6 41 0.4 0.24
6 42 0.41 0.24
6 43 0.39 0.21
6 44 0.64 0.16
6 45 0.64 0.28
6 46 0.25 0.12
6 47 0.69 0.2
6 48 0.71 0.23
6 49 0.24 0.24
6 50 0.56 0.28
7 8 0.4 0.22
7 9 0.4 0.2
7 10 0.38 0.09
7 11 0.52 0.26
7 12 0.27 0.19
7 13 0.4 0.23
7 14 0.62 0.24
7 15 0.69 0.27
7 16 0.44 0.18
7 17 0.39 0.2
7 18 0.59 0.19
7 19 0.69 0.27
7 20 0.73 0.22
7 21 0.72 0.18
7 22 0.48 0.2
7 23 0.52 0.22
7 24 0.58 0.17
7 25 0.7 0.24
7 26 0.56 0.16
7 27 0.72 0.2
7 28 0.6 0.23
7 29 0.42 0.1
7 30 0.54 0.25
7 31 0.42 0.21
7 32 0.58 0.23
7 33 0.52 0.2
7 34 0.69 0.17
7 35 0.61 0.15
7 36 0.53 0.26
7 37 0.5 0.27
7 38 0.78 0.18
7 39 0.58 0.19
7 40 0.48 0.18
7 41 0.4 0.21
7 42 0.74 0.15
7 43 0.83 0.18
7 44 0.58 0.23
7 45 0.62 0.29
7 46 0.46 0.18
7 47 0.56 0.16
7 48 0.44 0.26
7 49 0.68 0.23
7 50 0.67 0.08
8 9 0.44 0.24
8 10 0.55 0.25
8 11 0.26 0.24
8 12 0.34 0.23
8 13 0.22 0.18
8 14 0.54 0.25
8 15 0.46 0.3
8 16 0.8 0.24
8 17 0.38 0.22
8 18 0.64 0.28
8 19 0.58 0.36
8 20 0.57 0.26
8 21 0.7 0.24
8 22 0.46 0.08
8 23 0.74 0.24
8 24 0.58 0.23
8 25 0.63 0.23
8 26 0.42 0.22
8 27 0.4 0.26
8 28 0.46 0.27
8 29 0.41 0.21
8 30 0.75 0.24
8 31 0.66 0.26
8 32 0.73 0.37
8 33 0.64 0.25
8 34 0.62 0.28
8 35 0.64 0.19
8 36 0.68 0.34
8 37 0.66 0.28
8 38 0.65 0.24
8 39 0.57 0.23
8 40 0.7 0.36
8 41 0.6 0.31
8 42 0.34 0.19
8 43 0.7 0.16
8 44 0.52 0.3
8 45 0.44 0.24
8 46 0.71 0.17
8 47 0.38 0.27
8 48 0.52 0.28
8 49 0.78 0.32
8 50 0.52 0.19
9 10 0.64 0.29
9 11 0.61 0.38
9 12 0.67 0.31
9 13 0.66 0.37
9 14 0.56 0.33
9 15 0.61 0.4
9 16 0.48 0.24
9 17 0.42 0.2
9 18 0.64 0.26
9 19 0.44 0.31
9 20 0.37 0.27
9 21 0.7 0.37
9 22 0.57 0.24
9 23 0.58 0.3
9 24 0.57 0.18
9 25 0.56 0.21
9 26 0.73 0.22
9 27 0.58 0.24
9 28 0.7 0.3
9 29 0.44 0.3
9 30 0.6 0.34
9 31 0.48 0.38
9 32 0.58 0.27
9 33 0.62 0.33
9 34 0.6 0.33
9 35 0.33 0.27
9 36 0.56 0.31
9 37 0.32 0.3
9 38 0.66 0.37
9 39 0.48 0.31
9 40 0.55 0.22
9 41 0.69 0.29
9 42 0.7 0.27
9 43 0.6 0.3
9 44 0.52 0.39
9 45 0.59 0.31
9 46 0.32 0.15
9 47 0.76 0.31
9 48 0.64 0.26
9 49 0.38 0.25
9 50 0.65 0.28
10 11 0.64 0.25
10 12 0.28 0.24
10 13 0.5 0.32
10 14 0.36 0.19
10 15 0.4 0.18
10 16 0.55 0.25
10 17 0.6 0.14
10 18 0.42 0.1
10 19 0.32 0.24
10 20 0.4 0.13
10 21 0.66 0.27
10 22 0.48 0.22
10 23 0.7 0.2
10 24 0.64 0.26
10 25 0.59 0.25
10 26 0.69 0.25
10 27 0.62 0.26
10 28 0.53 0.28
10 29 0.2 0.04
10 30 0.54 0.16
10 31 0.56 0.29
10 32 0.7 0.22
10 33 0.62 0.14
10 34 0.72 0.15
10 35 0.5 0.2
10 36 0.71 0.24
10 37 0.64 0.24
10 38 0.44 0.25
10 39 0.55 0.21
10 40 0.68 0.19
10 41 0.5 0.18
10 42 0.72 0.2
10 43 0.6 0.2
10 44 0.52 0.21
10 45 0.4 0.26
10 46 0.72 0.19
10 47 0.52 0.1
10 48 0.39 0.2
10 49 0.66 0.2
10 50 0.45 0.06
11 12 0.6 0.15
11 13 0.48 0.21
11 14 0.53 0.23
11 15 0.7 0.08
11 16 0.75 0.32
11 17 0.25 0.23
11 18 0.68 0.29
11 19 0.32 0.28
11 20 0.45 0.21
11 21 0.7 0.2
11 22 0.54 0.16
11 23 0.64 0.23
11 24 0.6 0.2
11 25 0.63 0.25
11 26 0.41 0.3
11 27 0.54 0.26
11 28 0.51 0.19
11 29 0.65 0.21
11 30 0.53 0.16
11 31 0.72 0.18
11 32 0.6 0.21
11 33 0.49 0.17
11 34 0.7 0.2
11 35 0.38 0.11
11 36 0.66 0.26
11 37 0.52 0.23
11 38 0.71 0.22
11 39 0.46 0.15
11 40 0.68 0.32
11 41 0.61 0.24
11 42 0.58 0.11
11 43 0.58 0.08
11 44 0.69 0.14
11 45 0.32 0.15
11 46 0.57 0.25
11 47 0.58 0.24
11 48 0.53 0.29
11 49 0.56 0.29
11 50 0.46 0.19
12 13 0.22 0.15
12 14 0.6 0.16
12 15 0.42 0.1
12 16 0.46 0.18
12 17 0.42 0.28
12 18 0.69 0.14
12 19 0.6 0.31
12 20 0.68 0.16
12 21 0.74 0.31
12 22 0.66 0.15
12 23 0.68 0.16
12 24 0.58 0.13
12 25 0.46 0.26
12 26 0.64 0.16
12 27 0.74 0.18
12 28 0.74 0.04
12 29 0.42 0.2
12 30 0.62 0.15
12 31 0.62 0.07
12 32 0.76 0.23
12 33 0.74 0.1
12 34 0.62 0.22
12 35 0.34 0.04
12 36 0.53 0.27
12 37 0.46 0.16
12 38 0.67 0.11
12 39 0.56 0.08
12 40 0.46 0.27
12 41 0.66 0.21
12 42 0.68 0.04
12 43 0.64 0.07
12 44 0.68 0.16
12 45 0.44 0.21
12 46 0.65 0.24
12 47 0.52 0.18
12 48 0.67 0.22
12 49 0.52 0.24
12 50 0.42 0.22
13 14 0.76 0.26
13 15 0.4 0.25
13 16 0.68 0.28
13 17 0.6 0.24
13 18 0.69 0.29
13 19 0.66 0.19
13 20 0.46 0.22
13 21 0.68 0.32
13 22 0.44 0.26
13 23 0.74 0.29
13 24 0.36 0.27
13 25 0.53 0.16
13 26 0.43 0.26
13 27 0.58 0.3
13 28 0.52 0.19
13 29 0.34 0.28
13 30 0.68 0.22
13 31 0.56 0.08
13 32 0.7 0.3
13 33 0.76 0.24
13 34 0.4 0.28
13 35 0.52 0.18
13 36 0.46 0.34
13 37 0.44 0.29
13 38 0.63 0.12
13 39 0.61 0.14
13 40 0.53 0.36
13 41 0.5 0.24
13 42 0.56 0.18
13 43 0.6 0.18
13 44 0.66 0.31
13 45 0.22 0.06
13 46 0.62 0.22
13 47 0.52 0.27
13 48 0.48 0.3
13 49 0.6 0.3
13 50 0.48 0.26
14 15 0.4 0.23
14 16 0.67 0.22
14 17 0.55 0.22
14 18 0.67 0.2
14 19 0.54 0.38
14 20 0.56 0.06
14 21 0.72 0.26
14 22 0.67 0.23
14 23 0.7 0.24
14 24 0.53 0.21
14 25 0.61 0.25
14 26 0.56 0.2
14 27 0.58 0.24
14 28 0.34 0.2
14 29 0.56 0.18
14 30 0.65 0.23
14 31 0.2 0.18
14 32 0.55 0.25
14 33 0.37 0.18
14 34 0.68 0.21
14 35 0.26 0.12
14 36 0.42 0.14
14 37 0.48 0.22
14 38 0.38 0.22
14 39 0.52 0.14
14 40 0.69 0.21
14 41 0.55 0.25
14 42 0.67 0.12
14 43 0.64 0.15
14 44 0.66 0.27
14 45 0.72 0.3
14 46 0.5 0.19
14 47 0.76 0.12
14 48 0.62 0.16
14 49 0.66 0.14
14 50 0.62 0.2
15 16 0.61 0.26
15 17 0.61 0.28
15 18 0.37 0.22
15 19 0.45 0.34
15 20 0.39 0.2
15 21 0.8 0.28
15 22 0.6 0.22
15 23 0.68 0.26
15 24 0.4 0.23
15 25 0.68 0.24
15 26 0.67 0.24
15 27 0.64 0.2
15 28 0.69 0.14
15 29 0.6 0.22
15 30 0.47 0.22
15 31 0.6 0.17
15 32 0.53 0.13
15 33 0.68 0.2
15 34 0.46 0.12
15 35 0.62 0.14
15 36 0.66 0.18
15 37 0.29 0.24
15 38 0.54 0.21
15 39 0.54 0.18
15 40 0.63 0.24
15 41 0.56 0.16
15 42 0.76 0.14
15 43 0.6 0.14
15 44 0.26 0.06
15 45 0.52 0.23
15 46 0.63 0.3
15 47 0.62 0.16
15 48 0.54 0.27
15 49 0.6 0.26
15 50 0.52 0.21
16 17 0.5 0.23
16 18 0.66 0.24
16 19 0.74 0.35
16 20 0.64 0.16
16 21 0.64 0.2
16 22 0.62 0.22
16 23 0.5 0.25
16 24 0.5 0.19
16 25 0.73 0.12
16 26 0.46 0.02
16 27 0.78 0.06
16 28 0.58 0.14
16 29 0.68 0.21
16 30 0.65 0.16
16 31 0.57 0.23
16 32 0.43 0.26
16 33 0.69 0.26
16 34 0.45 0.24
16 35 0.76 0.22
16 36 0.5 0.36
16 37 0.73 0.32
16 38 0.54 0.2
16 39 0.6 0.24
16 40 0.62 0.19
16 41 0.47 0.2
16 42 0.53 0.22
16 43 0.78 0.24
16 44 0.5 0.22
16 45 0.78 0.22
16 46 0.75 0.18
16 47 0.54 0.15
16 48 0.75 0.26
16 49 0.26 0.08
16 50 0.64 0.23
17 18 0.55 0.16
17 19 0.3 0.2
17 20 0.46 0.16
17 21 0.81 0.33
17 22 0.7 0.14
17 23 0.8 0.19
17 24 0.6 0.28
17 25 0.51 0.11
17 26 0.54 0.21
17 27 0.6 0.25
17 28 0.34 0.26
17 29 0.4 0.1
17 30 0.66 0.27
17 31 0.58 0.32
17 32 0.6 0.25
17 33 0.54 0.18
17 34 0.65 0.21
17 35 0.6 0.24
17 36 0.42 0.16
17 37 0.5 0.28
17 38 0.6 0.28
17 39 0.4 0.24
17 40 0.76 0.25
17 41 0.36 0.19
17 42 0.4 0.24
17 43 0.76 0.22
17 44 0.44 0.22
17 45 0.57 0.21
17 46 0.74 0.05
17 47 0.52 0.16
17 48 0.28 0.06
17 49 0.54 0.24
17 50 0.68 0.12
18 19 0.64 0.3
18 20 0.61 0.23
18 21 0.43 0.3
18 22 0.56 0.2
18 23 0.72 0.29
18 24 0.5 0.27
18 25 0.63 0.16
18 26 0.34 0.22
18 27 0.66 0.26
18 28 0.69 0.18
18 29 0.62 0.14
18 30 0.28 0.16
18 31 0.52 0.21
18 32 0.62 0.3
18 33 0.52 0.24
18 34 0.36 0.12
18 35 0.52 0.18
18 36 0.29 0.26
18 37 0.64 0.3
18 38 0.55 0.25
18 39 0.54 0.15
18 40 0.26 0.14
18 41 0.19 0.08
18 42 0.76 0.18
18 43 0.61 0.21
18 44 0.63 0.18
18 45 0.77 0.26
18 46 0.58 0.11
18 47 0.72 0.2
18 48 0.7 0.22
18 49 0.57 0.3
18 50 0.82 0.16
19 20 0.61 0.32
19 21 0.78 0.45
19 22 0.77 0.28
19 23 0.72 0.35
19 24 0.7 0.36
19 25 0.64 0.23
19 26 0.54 0.33
19 27 0.3 0.29
19 28 0.64 0.35
19 29 0.52 0.2
19 30 0.36 0.32
19 31 0.4 0.27
19 32 0.38 0.34
19 33 0.6 0.3
19 34 0.64 0.31
19 35 0.42 0.27
19 36 0.72 0.36
19 37 0.68 0.28
19 38 0.5 0.31
19 39 0.46 0.3
19 40 0.46 0.28
19 41 0.66 0.31
19 42 0.7 0.27
19 43 0.53 0.24
19 44 0.37 0.32
19 45 0.44 0.13
19 46 0.76 0.19
19 47 0.76 0.26
19 48 0.29 0.22
19 49 0.48 0.36
19 50 0.38 0.22
20 21 0.56 0.32
20 22 0.46 0.23
20 23 0.48 0.23
20 24 0.44 0.2
20 25 0.51 0.24
20 26 0.36 0.14
20 27 0.68 0.18
20 28 0.56 0.2
20 29 0.57 0.12
20 30 0.57 0.23
20 31 0.36 0.22
20 32 0.48 0.19
20 33 0.67 0.18
20 34 0.51 0.15
20 35 0.7 0.12
20 36 0.56 0.2
20 37 0.68 0.16
20 38 0.74 0.21
20 39 0.15 0.08
20 40 0.71 0.15
20 41 0.56 0.19
20 42 0.37 0.12
20 43 0.68 0.15
20 44 0.65 0.21
20 45 0.32 0.24
20 46 0.67 0.21
20 47 0.4 0.06
20 48 0.36 0.1
20 49 0.68 0.08
20 50 0.6 0.14
21 22 0.24 0.22
21 23 0.31 0.28
21 24 0.79 0.19
21 25 0.54 0.28
21 26 0.58 0.18
21 27 0.58 0.16
21 28 0.52 0.3
21 29 0.58 0.28
21 30 0.64 0.26
21 31 0.64 0.24
21 32 0.5 0.38
21 33 0.43 0.26
21 34 0.42 0.18
21 35 0.82 0.28
21 36 0.71 0.4
21 37 0.66 0.36
21 38 0.54 0.2
21 39 0.41 0.32
21 40 0.55 0.3
21 41 0.62 0.22
21 42 0.66 0.28
21 43 0.7 0.28
21 44 0.58 0.24
21 45 0.77 0.35
21 46 0.49 0.31
21 47 0.68 0.34
21 48 0.7 0.32
21 49 0.61 0.28
21 50 0.46 0.26
22 23 0.55 0.16
22 24 0.64 0.2
22 25 0.49 0.15
22 26 0.54 0.2
22 27 0.71 0.24
22 28 0.62 0.19
22 29 0.68 0.24
22 30 0.48 0.16
22 31 0.47 0.18
22 32 0.62 0.29
22 33 0.67 0.17
22 34 0.66 0.27
22 35 0.63 0.11
22 36 0.67 0.28
22 37 0.42 0.23
22 38 0.3 0.22
22 39 0.31 0.15
22 40 0.55 0.29
22 41 0.54 0.23
22 42 0.62 0.11
22 43 0.56 0.08
22 44 0.58 0.28
22 45 0.66 0.25
22 46 0.25 0.09
22 47 0.52 0.29
22 48 0.58 0.2
22 49 0.4 0.3
22 50 0.7 0.26
23 24 0.6 0.21
23 25 0.52 0.13
23 26 0.48 0.23
23 27 0.68 0.26
23 28 0.74 0.2
23 29 0.78 0.16
23 30 0.81 0.16
23 31 0.53 0.23
23 32 0.65 0.27
23 33 0.58 0.18
23 34 0.62 0.23
23 35 0.53 0.12
23 36 0.9 0.31
23 37 0.58 0.24
23 38 0.54 0.26
23 39 0.58 0.16
23 40 0.58 0.26
23 41 0.76 0.21
23 42 0.62 0.12
23 43 0.66 0.15
23 44 0.82 0.29
23 45 0.8 0.23
23 46 0.48 0.19
23 47 0.69 0.22
23 48 0.52 0.13
23 49 0.6 0.3
23 50 0.77 0.14
24 25 0.77 0.27
24 26 0.4 0.17
24 27 0.7 0.21
24 28 0.56 0.12
24 29 0.48 0.25
24 30 0.61 0.2
24 31 0.46 0.2
24 32 0.48 0.36
24 33 0.74 0.15
24 34 0.64 0.28
24 35 0.51 0.09
24 36 0.55 0.32
24 37 0.64 0.21
24 38 0.44 0.19
24 39 0.57 0.13
24 40 0.41 0.2
24 41 0.68 0.32
24 42 0.44 0.09
24 43 0.6 0.12
24 44 0.66 0.24
24 45 0.49 0.33
24 46 0.53 0.29
24 47 0.44 0.23
24 48 0.49 0.22
24 49 0.24 0.13
24 50 0.46 0.25
25 26 0.67 0.1
25 27 0.7 0.14
25 28 0.69 0.22
25 29 0.39 0.21
25 30 0.64 0.21
25 31 0.48 0.24
25 32 0.3 0.14
25 33 0.73 0.28
25 34 0.72 0.12
25 35 0.35 0.25
25 36 0.87 0.27
25 37 0.56 0.3
25 38 0.68 0.28
25 39 0.36 0.29
25 40 0.8 0.24
25 41 0.44 0.08
25 42 0.44 0.25
25 43 0.56 0.23
25 44 0.73 0.18
25 45 0.31 0.1
25 46 0.24 0.06
25 47 0.52 0.27
25 48 0.79 0.17
25 49 0.73 0.2
25 50 0.42 0.19
26 27 0.32 0.04
26 28 0.59 0.12
26 29 0.64 0.23
26 30 0.5 0.14
26 31 0.36 0.21
26 32 0.66 0.24
26 33 0.54 0.26
26 34 0.36 0.22
26 35 0.5 0.2
26 36 0.63 0.34
26 37 0.48 0.3
26 38 0.74 0.18
26 39 0.51 0.22
26 40 0.4 0.17
26 41 0.53 0.18
26 42 0.55 0.2
26 43 0.32 0.22
26 44 0.48 0.2
26 45 0.43 0.2
26 46 0.43 0.16
26 47 0.5 0.17
26 48 0.61 0.24
26 49 0.48 0.1
26 50 0.71 0.24
27 28 0.56 0.14
27 29 0.8 0.27
27 30 0.57 0.1
27 31 0.38 0.22
27 32 0.62 0.27
27 33 0.59 0.25
27 34 0.68 0.22
27 35 0.72 0.19
27 36 0.76 0.38
27 37 0.8 0.31
27 38 0.42 0.2
27 39 0.72 0.23
27 40 0.69 0.21
27 41 0.67 0.22
27 42 0.74 0.19
27 43 0.48 0.18
27 44 0.4 0.16
27 45 0.67 0.24
27 46 0.46 0.2
27 47 0.68 0.21
27 48 0.49 0.28
27 49 0.52 0.14
27 50 0.49 0.28
28 29 0.54 0.24
28 30 0.46 0.19
28 31 0.54 0.11
28 32 0.76 0.27
28 33 0.66 0.14
28 34 0.34 0.26
28 35 0.57 0.08
28 36 0.4 0.26
28 37 0.4 0.18
28 38 0.38 0.15
28 39 0.41 0.12
28 40 0.57 0.27
28 41 0.7 0.25
28 42 0.72 0.08
28 43 0.58 0.11
28 44 0.66 0.2
28 45 0.38 0.25
28 46 0.81 0.28
28 47 0.72 0.18
28 48 0.56 0.2
28 49 0.32 0.22
28 50 0.7 0.26
29 30 0.34 0.18
29 31 0.76 0.25
29 32 0.69 0.18
29 33 0.42 0.1
29 34 0.74 0.11
29 35 0.7 0.16
29 36 0.68 0.2
29 37 0.69 0.2
29 38 0.61 0.21
29 39 0.72 0.2
29 40 0.72 0.15
29 41 0.7 0.15
29 42 0.72 0.16
29 43 0.8 0.19
29 44 0.72 0.17
29 45 0.56 0.3
29 46 0.63 0.15
29 47 0.32 0.06
29 48 0.45 0.16
29 49 0.58 0.16
29 50 0.61 0.02
30 31 0.63 0.14
30 32 0.68 0.18
30 33 0.53 0.17
30 34 0.42 0.25
30 35 0.44 0.11
30 36 0.57 0.28
30 37 0.56 0.23
30 38 0.27 0.1
30 39 0.42 0.15
30 40 0.38 0.16
30 41 0.47 0.24
30 42 0.76 0.11
30 43 0.64 0.08
30 44 0.55 0.19
30 45 0.64 0.28
30 46 0.57 0.25
30 47 0.66 0.24
30 48 0.65 0.21
30 49 0.76 0.24
30 50 0.74 0.2
31 32 0.75 0.3
31 33 0.57 0.17
31 34 0.7 0.29
31 35 0.46 0.11
31 36 0.44 0.3
31 37 0.68 0.23
31 38 0.56 0.04
31 39 0.46 0.15
31 40 0.59 0.28
31 41 0.35 0.28
31 42 0.56 0.11
31 43 0.46 0.1
31 44 0.62 0.23
31 45 0.62 0.14
31 46 0.45 0.27
31 47 0.61 0.19
31 48 0.69 0.29
31 49 0.66 0.26
31 50 0.42 0.27
32 33 0.56 0.28
32 34 0.58 0.2
32 35 0.62 0.27
32 36 0.66 0.31
32 37 0.72 0.23
32 38 0.76 0.28
32 39 0.54 0.27
32 40 0.76 0.25
32 41 0.59 0.22
32 42 0.52 0.27
32 43 0.68 0.26
32 44 0.7 0.14
32 45 0.48 0.24
32 46 0.54 0.2
32 47 0.46 0.24
32 48 0.67 0.29
32 49 0.53 0.27
32 50 0.53 0.2
33 34 0.5 0.21
33 35 0.6 0.06
33 36 0.62 0.29
33 37 0.64 0.1
33 38 0.52 0.21
33 39 0.64 0.1
33 40 0.36 0.25
33 41 0.68 0.25
33 42 0.3 0.06
33 43 0.4 0.09
33 44 0.47 0.18
33 45 0.72 0.26
33 46 0.49 0.23
33 47 0.48 0.16
33 48 0.31 0.12
33 49 0.58 0.22
33 50 0.72 0.12
34 35 0.46 0.19
34 36 0.65 0.27
34 37 0.28 0.26
34 38 0.69 0.32
34 39 0.36 0.23
34 40 0.23 0.12
34 41 0.48 0.04
34 42 0.51 0.19
34 43 0.61 0.22
34 44 0.44 0.06
34 45 0.62 0.22
34 46 0.62 0.18
34 47 0.43 0.17
34 48 0.38 0.24
34 49 0.66 0.23
34 50 0.61 0.09
35 36 0.68 0.23
35 37 0.48 0.12
35 38 0.33 0.15
35 39 0.71 0.04
35 40 0.5 0.27
35 41 0.62 0.23
35 42 0.79 0.0
35 43 0.62 0.03
35 44 0.41 0.2
35 45 0.66 0.24
35 46 0.59 0.2
35 47 0.86 0.18
35 48 0.66 0.18
35 49 0.66 0.2
35 50 0.68 0.18
36 37 0.62 0.35
36 38 0.37 0.34
36 39 0.58 0.27
36 40 0.55 0.35
36 41 0.44 0.31
36 42 0.64 0.23
36 43 0.68 0.2
36 44 0.53 0.24
36 45 0.68 0.32
36 46 0.64 0.21
36 47 0.54 0.26
36 48 0.49 0.18
36 49 0.45 0.28
36 50 0.83 0.18
37 38 0.56 0.27
37 39 0.64 0.16
37 40 0.51 0.28
37 41 0.68 0.3
37 42 0.74 0.12
37 43 0.48 0.15
37 44 0.48 0.28
37 45 0.52 0.35
37 46 0.5 0.24
37 47 0.49 0.22
37 48 0.53 0.22
37 49 0.7 0.24
37 50 0.64 0.22
38 39 0.59 0.19
38 40 0.59 0.24
38 41 0.61 0.3
38 42 0.74 0.15
38 43 0.69 0.14
38 44 0.28 0.27
38 45 0.54 0.18
38 46 0.55 0.31
38 47 0.62 0.15
38 48 0.56 0.26
38 49 0.68 0.25
38 50 0.58 0.23
39 40 0.59 0.23
39 41 0.42 0.23
39 42 0.34 0.04
39 43 0.67 0.07
39 44 0.77 0.24
39 45 0.47 0.2
39 46 0.52 0.24
39 47 0.55 0.14
39 48 0.51 0.18
39 49 0.64 0.16
39 50 0.45 0.22
40 41 0.45 0.16
40 42 0.5 0.27
40 43 0.38 0.24
40 44 0.67 0.18
40 45 0.75 0.34
40 46 0.8 0.2
40 47 0.66 0.09
40 48 0.61 0.2
40 49 0.61 0.19
40 50 0.68 0.17
41 42 0.7 0.23
41 43 0.79 0.26
41 44 0.7 0.1
41 45 0.6 0.18
41 46 0.48 0.14
41 47 0.57 0.21
41 48 0.51 0.25
41 49 0.64 0.27
41 50 0.7 0.13
42 43 0.36 0.03
42 44 0.54 0.2
42 45 0.69 0.24
42 46 0.66 0.2
42 47 0.62 0.18
42 48 0.61 0.18
42 49 0.48 0.2
42 50 0.62 0.18
43 44 0.73 0.2
43 45 0.38 0.23
43 46 0.64 0.17
43 47 0.48 0.21
43 48 0.71 0.21
43 49 0.63 0.23
43 50 0.69 0.21
44 45 0.65 0.28
44 46 0.71 0.24
44 47 0.79 0.22
44 48 0.66 0.28
44 49 0.55 0.29
44 50 0.58 0.15
45 46 0.55 0.16
45 47 0.68 0.3
45 48 0.68 0.27
45 49 0.7 0.24
45 50 0.52 0.29
46 47 0.76 0.21
46 48 0.64 0.11
46 49 0.49 0.26
46 50 0.6 0.17
47 48 0.76 0.11
47 49 0.45 0.1
47 50 0.52 0.08
48 49 0.49 0.18
48 50 0.41 0.18
49 50 0.66 0.18
node_demand
0.1
0.175
0.1
0.05
0.05
0.2
0.175
0.1
0.075
0.15
0.1
0.125
0.2
0.1
0.175
0.2
0.075
0.05
0.225
0.075
0.05
0.225
0.125
0.125
0.025
0.2
0.15
0.225
0.15
0.225
0.05
0.2
0.2
0.125
0.225
0.15
0.025
0.1
0.15
0.05
0.05
0.2
0.15
0.125
0.225
0.1
0.025
0.125
0.15
0.175
