50
0 1 0.52 0.14
0 2 0.71 0.2
0 3 0.42 0.1
0 4 0.52 0.25
0 5 0.63 0.28
0 6 0.6 0.2
0 7 0.72 0.26
0 8 0.31 0.24
0 9 0.6 0.24
0 10 0.69 0.24
0 11 0.74 0.24
0 12 0.52 0.17
0 13 0.78 0.14
0 14 0.72 0.21
0 15 0.56 0.26
0 16 0.4 0.2
0 17 0.58 0.16
0 18 0.58 0.26
0 19 0.56 0.23
0 20 0.52 0.32
0 21 0.62 0.08
0 22 0.46 0.24
0 23 0.47 0.27
0 24 0.58 0.18
0 25 0.48 0.2
0 26 0.61 0.27
0 27 0.66 0.16
0 28 0.52 0.3
0 29 0.66 0.12
0 30 0.76 0.26
0 31 0.28 0.22
0 32 0.74 0.32
0 33 0.26 0.2
0 34 0.56 0.16
0 35 0.72 0.32
0 36 0.64 0.21
0 37 0.66 0.1
0 38 0.4 0.27
0 39 0.36 0.2
0 40 0.58 0.22
0 41 0.63 0.24
0 42 0.53 0.24
0 43 0.69 0.22
0 44 0.48 0.2
0 45 0.62 0.22
0 46 0.66 0.25
0 47 0.62 0.3
0 48 0.28 0.22
0 49 0.58 0.22
0 50 0.69 0.21
1 2 0.68 0.18
1 3 0.5 0.24
1 4 0.56 0.19
1 5 0.63 0.23
1 6 0.68 0.27
1 7 0.59 0.27
1 8 0.5 0.28
1 9 0.68 0.22
1 10 0.4 0.1
1 11 0.62 0.14
1 12 0.3 0.17
1 13 0.44 0.19
1 14 0.61 0.2
1 15 0.74 0.22
1 16 0.48 0.13
1 17 0.67 0.1
1 18 0.58 0.23
1 19 0.48 0.18
1 20 0.56 0.26
1 21 0.44 0.22
1 22 0.76 0.1
1 23 0.64 0.22
1 24 0.7 0.16
1 25 0.64 0.18
1 26 0.61 0.23
1 27 0.71 0.27
1 28 0.52 0.2
1 29 0.74 0.02
1 30 0.45 0.12
1 31 0.42 0.16
1 32 0.7 0.28
1 33 0.76 0.23
1 34 0.36 0.21
1 35 0.52 0.27
1 36 0.84 0.17
1 37 0.7 0.04
1 38 0.6 0.22
1 39 0.72 0.14
1 40 0.6 0.15
1 41 0.62 0.19
1 42 0.28 0.19
1 43 0.72 0.2
1 44 0.76 0.21
1 45 0.61 0.18
1 46 0.6 0.26
1 47 0.46 0.28
1 48 0.39 0.22
1 49 0.66 0.19
1 50 0.52 0.23
2 3 0.74 0.1
2 4 0.59 0.2
2 5 0.74 0.27
2 6 0.62 0.21
2 7 0.57 0.21
2 8 0.71 0.25
2 9 0.67 0.24
2 10 0.76 0.18
2 11 0.64 0.25
2 12 0.6 0.24
2 13 0.68 0.2
2 14 0.69 0.21
2 15 0.39 0.32
2 16 0.64 0.26
2 17 0.23 0.1
2 18 0.47 0.19
2 19 0.7 0.26
2 20 0.69 0.22
2 21 0.51 0.26
2 22 0.53 0.2
2 23 0.63 0.24
2 24 0.64 0.25
2 25 0.75 0.26
2 26 0.56 0.07
2 27 0.5 0.16
2 28 0.69 0.17
2 29 0.47 0.16
2 30 0.57 0.3
2 31 0.43 0.14
2 32 0.7 0.33
2 33 0.8 0.2
2 34 0.72 0.3
2 35 0.7 0.23
2 36 0.5 0.15
2 37 0.57 0.16
2 38 0.76 0.21
2 39 0.69 0.14
2 40 0.78 0.16
2 41 0.63 0.23
2 42 0.67 0.35
2 43 0.46 0.22
2 44 0.24 0.14
2 45 0.65 0.28
2 46 0.75 0.31
2 47 0.56 0.35
2 48 0.53 0.3
2 49 0.36 0.17
2 50 0.58 0.18
3 4 0.68 0.3
3 5 0.48 0.19
3 6 0.18 0.17
3 7 0.36 0.2
3 8 0.59 0.22
3 9 0.52 0.14
3 10 0.58 0.23
3 11 0.56 0.26
3 12 0.76 0.16
3 13 0.68 0.2
3 14 0.57 0.11
3 15 0.66 0.24
3 16 0.68 0.26
3 17 0.7 0.18
3 18 0.35 0.16
3 19 0.73 0.22
3 20 0.65 0.22
3 21 0.6 0.18
3 22 0.36 0.21
3 23 0.54 0.32
3 24 0.46 0.17
3 25 0.56 0.24
3 26 0.34 0.17
3 27 0.24 0.06
3 28 0.52 0.22
3 29 0.5 0.22
3 30 0.63 0.2
3 31 0.59 0.24
3 32 0.8 0.25
3 33 0.5 0.1
3 34 0.3 0.22
3 35 0.48 0.29
3 36 0.67 0.11
3 37 0.6 0.2
3 38 0.58 0.18
3 39 0.62 0.22
3 40 0.6 0.24
3 41 0.51 0.14
3 42 0.37 0.26
3 43 0.46 0.12
3 44 0.58 0.24
3 45 0.75 0.28
3 46 0.72 0.31
3 47 0.58 0.28
3 48 0.5 0.3
3 49 0.6 0.12
3 50 0.58 0.16
4 5 0.46 0.3
4 6 0.5 0.27
4 7 0.68 0.27
4 8 0.58 0.22
4 9 0.54 0.2
4 10 0.62 0.26
4 11 0.67 0.19
4 12 0.48 0.22
4 13 0.56 0.2
4 14 0.53 0.27
4 15 0.6 0.3
4 16 0.69 0.2
4 17 0.36 0.12
4 18 0.54 0.2
4 19 0.48 0.24
4 20 0.62 0.22
4 21 0.62 0.26
4 22 0.53 0.24
4 23 0.44 0.26
4 24 0.64 0.23
4 25 0.31 0.14
4 26 0.34 0.13
4 27 0.58 0.29
4 28 0.52 0.23
4 29 0.6 0.17
4 30 0.49 0.31
4 31 0.6 0.06
4 32 0.42 0.18
4 33 0.48 0.25
4 34 0.67 0.28
4 35 0.66 0.26
4 36 0.48 0.19
4 37 0.5 0.15
4 38 0.57 0.26
4 39 0.52 0.16
4 40 0.77 0.18
4 41 0.6 0.24
4 42 0.5 0.32
4 43 0.48 0.2
4 44 0.58 0.23
4 45 0.58 0.28
4 46 0.78 0.3
4 47 0.61 0.27
4 48 0.68 0.35
4 49 0.66 0.23
4 50 0.41 0.25
5 6 0.66 0.22
5 7 0.63 0.27
5 8 0.56 0.32
5 9 0.56 0.26
5 10 0.65 0.2
5 11 0.74 0.28
5 12 0.68 0.21
5 13 0.58 0.16
5 14 0.77 0.26
5 15 0.79 0.23
5 16 0.34 0.1
5 17 0.68 0.19
5 18 0.64 0.28
5 19 0.5 0.27
5 20 0.72 0.29
5 21 0.61 0.2
5 22 0.45 0.18
5 23 0.42 0.18
5 24 0.68 0.2
5 25 0.36 0.22
5 26 0.8 0.23
5 27 0.24 0.13
5 28 0.68 0.24
5 29 0.54 0.25
5 30 0.63 0.32
5 31 0.56 0.25
5 32 0.72 0.22
5 33 0.56 0.09
5 34 0.58 0.25
5 35 0.55 0.31
5 36 0.24 0.12
5 37 0.44 0.25
5 38 0.62 0.24
5 39 0.62 0.23
5 40 0.47 0.23
5 41 0.66 0.31
5 42 0.51 0.29
5 43 0.85 0.24
5 44 0.54 0.2
5 45 0.6 0.24
5 46 0.52 0.27
5 47 0.73 0.34
5 48 0.35 0.3
5 49 0.78 0.26
5 50 0.29 0.22
6 7 0.18 0.06
6 8 0.74 0.22
6 9 0.7 0.23
6 10 0.44 0.28
6 11 0.38 0.26
6 12 0.6 0.19
6 13 0.56 0.25
6 14 0.7 0.24
6 15 0.56 0.33
6 16 0.69 0.28
6 17 0.52 0.17
6 18 0.53 0.24
6 19 0.71 0.21
6 20 0.72 0.29
6 21 0.72 0.28
6 22 0.54 0.26
6 23 0.48 0.31
6 24 0.4 0.18
6 25 0.7 0.24
6 26 0.16 0.14
6 27 0.42 0.23
6 28 0.34 0.22
6 29 0.32 0.25
6 30 0.45 0.3
6 31 0.51 0.21
6 32 0.74 0.12
6 33 0.68 0.27
6 34 0.48 0.23
6 35 0.38 0.12
6 36 0.49 0.1
6 37 0.42 0.23
6 38 0.4 0.25
6 39 0.64 0.21
6 40 0.42 0.22
6 41 0.56 0.28
6 42 0.55 0.22
6 43 0.57 0.21
6 44 0.46 0.2
6 45 0.58 0.19
6 46 0.55 0.17
6 47 0.56 0.28
6 48 0.6 0.2
6 49 0.48 0.14
6 50 0.67 0.18
7 8 0.56 0.2
7 9 0.53 0.19
7 10 0.62 0.27
7 11 0.56 0.31
7 12 0.62 0.13
7 13 0.54 0.19
7 14 0.54 0.18
7 15 0.7 0.28
7 16 0.63 0.25
7 17 0.34 0.18
7 18 0.64 0.24
7 19 0.53 0.19
7 20 0.56 0.28
7 21 0.66 0.25
7 22 0.69 0.28
7 23 0.61 0.34
7 24 0.22 0.12
7 25 0.66 0.23
7 26 0.34 0.14
7 27 0.39 0.22
7 28 0.32 0.18
7 29 0.5 0.26
7 30 0.58 0.24
7 31 0.56 0.21
7 32 0.75 0.18
7 33 0.53 0.26
7 34 0.46 0.17
7 35 0.36 0.18
7 36 0.39 0.16
7 37 0.54 0.24
7 38 0.32 0.21
7 39 0.54 0.18
7 40 0.24 0.16
7 41 0.55 0.28
7 42 0.73 0.28
7 43 0.39 0.21
7 44 0.64 0.24
7 45 0.7 0.22
7 46 0.58 0.23
7 47 0.38 0.3
7 48 0.63 0.25
7 49 0.48 0.08
7 50 0.69 0.12
8 9 0.47 0.22
8 10 0.47 0.26
8 11 0.71 0.3
8 12 0.71 0.13
8 13 0.54 0.18
8 14 0.63 0.16
8 15 0.46 0.12
8 16 0.37 0.24
8 17 0.48 0.22
8 18 0.41 0.06
8 19 0.61 0.19
8 20 0.68 0.27
8 21 0.48 0.24
8 22 0.59 0.24
8 23 0.56 0.21
8 24 0.34 0.12
8 25 0.58 0.16
8 26 0.68 0.18
8 27 0.57 0.28
8 28 0.64 0.24
8 29 0.6 0.26
8 30 0.72 0.24
8 31 0.59 0.16
8 32 0.66 0.27
8 33 0.57 0.32
8 34 0.52 0.17
8 35 0.62 0.27
8 36 0.47 0.26
8 37 0.5 0.27
8 38 0.64 0.28
8 39 0.66 0.23
8 40 0.37 0.23
8 41 0.32 0.1
8 42 0.22 0.1
8 43 0.68 0.24
8 44 0.56 0.24
8 45 0.62 0.13
8 46 0.58 0.12
8 47 0.48 0.1
8 48 0.21 0.18
8 49 0.51 0.28
8 50 0.66 0.25
9 10 0.68 0.22
9 11 0.79 0.22
9 12 0.6 0.18
9 13 0.7 0.1
9 14 0.78 0.23
9 15 0.4 0.1
9 16 0.68 0.16
9 17 0.5 0.18
9 18 0.58 0.22
9 19 0.64 0.23
9 20 0.75 0.24
9 21 0.66 0.16
9 22 0.64 0.22
9 23 0.52 0.28
9 24 0.36 0.17
9 25 0.54 0.14
9 26 0.68 0.22
9 27 0.58 0.2
9 28 0.5 0.12
9 29 0.4 0.2
9 30 0.46 0.2
9 31 0.61 0.16
9 32 0.58 0.34
9 33 0.78 0.24
9 34 0.32 0.12
9 35 0.62 0.26
9 36 0.74 0.24
9 37 0.42 0.18
9 38 0.66 0.08
9 39 0.83 0.14
9 40 0.7 0.16
9 41 0.64 0.26
9 42 0.62 0.22
9 43 0.72 0.02
9 44 0.72 0.16
9 45 0.58 0.18
9 46 0.49 0.21
9 47 0.49 0.14
9 48 0.68 0.22
9 49 0.52 0.21
9 50 0.65 0.17
10 11 0.59 0.24
10 12 0.47 0.14
10 13 0.77 0.26
10 14 0.46 0.12
10 15 0.44 0.14
10 16 0.54 0.23
10 17 0.76 0.14
10 18 0.57 0.22
10 19 0.36 0.08
10 20 0.54 0.18
10 21 0.65 0.32
10 22 0.75 0.02
10 23 0.74 0.14
10 24 0.54 0.15
10 25 0.68 0.2
10 26 0.28 0.2
10 27 0.41 0.19
10 28 0.38 0.1
10 29 0.72 0.12
10 30 0.74 0.22
10 31 0.42 0.2
10 32 0.58 0.26
10 33 0.56 0.23
10 34 0.62 0.2
10 35 0.42 0.17
10 36 0.7 0.18
10 37 0.66 0.14
10 38 0.72 0.14
10 39 0.74 0.14
10 40 0.44 0.16
10 41 0.65 0.24
10 42 0.32 0.24
10 43 0.36 0.2
10 44 0.64 0.25
10 45 0.74 0.25
10 46 0.55 0.18
10 47 0.68 0.2
10 48 0.52 0.12
10 49 0.56 0.2
10 50 0.7 0.24
11 12 0.49 0.23
11 13 0.18 0.12
11 14 0.6 0.28
11 15 0.79 0.31
11 16 0.5 0.18
11 17 0.42 0.17
11 18 0.55 0.24
11 19 0.67 0.29
11 20 0.58 0.31
11 21 0.66 0.18
11 22 0.43 0.23
11 23 0.54 0.32
11 24 0.62 0.24
11 25 0.62 0.18
11 26 0.54 0.3
11 27 0.64 0.2
11 28 0.49 0.28
11 29 0.5 0.12
11 30 0.62 0.26
11 31 0.78 0.23
11 32 0.8 0.14
11 33 0.5 0.24
11 34 0.76 0.29
11 35 0.69 0.3
11 36 0.7 0.16
11 37 0.51 0.14
11 38 0.34 0.26
11 39 0.44 0.13
11 40 0.58 0.15
11 41 0.39 0.28
11 42 0.62 0.31
11 43 0.8 0.2
11 44 0.45 0.18
11 45 0.35 0.2
11 46 0.6 0.23
11 47 0.49 0.3
11 48 0.5 0.33
11 49 0.5 0.23
11 50 0.48 0.19
12 13 0.31 0.25
12 14 0.64 0.05
12 15 0.66 0.25
12 16 0.46 0.26
12 17 0.37 0.14
12 18 0.57 0.15
12 19 0.18 0.06
12 20 0.58 0.24
12 21 0.4 0.2
12 22 0.57 0.15
12 23 0.62 0.21
12 24 0.4 0.01
12 25 0.35 0.25
12 26 0.7 0.26
12 27 0.52 0.22
12 28 0.56 0.24
12 29 0.64 0.15
12 30 0.48 0.11
12 31 0.72 0.19
12 32 0.4 0.24
12 33 0.64 0.24
12 34 0.58 0.06
12 35 0.39 0.15
12 36 0.63 0.2
12 37 0.56 0.17
12 38 0.7 0.23
12 39 0.56 0.1
12 40 0.47 0.12
12 41 0.47 0.19
12 42 0.58 0.23
12 43 0.78 0.17
12 44 0.58 0.25
12 45 0.48 0.26
12 46 0.49 0.21
12 47 0.46 0.22
12 48 0.69 0.14
12 49 0.52 0.19
12 50 0.67 0.23
13 14 0.42 0.22
13 15 0.61 0.19
13 16 0.5 0.06
13 17 0.56 0.17
13 18 0.42 0.12
13 19 0.49 0.27
13 20 0.71 0.3
13 21 0.64 0.06
13 22 0.61 0.24
13 23 0.72 0.25
13 24 0.65 0.26
13 25 0.44 0.06
13 26 0.59 0.2
13 27 0.46 0.26
13 28 0.67 0.18
13 29 0.43 0.21
13 30 0.44 0.23
13 31 0.68 0.22
13 32 0.66 0.26
13 33 0.59 0.25
13 34 0.68 0.22
13 35 0.62 0.18
13 36 0.52 0.24
13 37 0.33 0.2
13 38 0.52 0.14
13 39 0.56 0.2
13 40 0.72 0.22
13 41 0.53 0.16
13 42 0.54 0.25
13 43 0.62 0.08
13 44 0.54 0.06
13 45 0.17 0.08
13 46 0.7 0.11
13 47 0.54 0.18
13 48 0.68 0.21
13 49 0.32 0.11
13 50 0.66 0.07
14 15 0.38 0.22
14 16 0.63 0.28
14 17 0.6 0.19
14 18 0.22 0.1
14 19 0.46 0.11
14 20 0.48 0.19
14 21 0.61 0.25
14 22 0.42 0.1
14 23 0.37 0.22
14 24 0.62 0.06
14 25 0.61 0.2
14 26 0.54 0.22
14 27 0.62 0.17
14 28 0.44 0.22
14 29 0.52 0.2
14 30 0.7 0.16
14 31 0.44 0.24
14 32 0.68 0.29
14 33 0.58 0.19
14 34 0.48 0.11
14 35 0.65 0.2
14 36 0.59 0.22
14 37 0.5 0.22
14 38 0.62 0.26
14 39 0.49 0.15
14 40 0.3 0.17
14 41 0.38 0.14
14 42 0.48 0.26
14 43 0.71 0.22
14 44 0.74 0.2
14 45 0.34 0.21
14 46 0.58 0.26
14 47 0.56 0.26
14 48 0.54 0.19
14 49 0.51 0.23
14 50 0.7 0.27
15 16 0.55 0.13
15 17 0.55 0.24
15 18 0.6 0.18
15 19 0.7 0.22
15 20 0.82 0.28
15 21 0.82 0.18
15 22 0.6 0.12
15 23 0.74 0.24
15 24 0.48 0.24
15 25 0.62 0.24
15 26 0.71 0.28
15 27 0.68 0.3
15 28 0.72 0.18
15 29 0.42 0.24
15 30 0.6 0.3
15 31 0.62 0.26
15 32 0.48 0.38
15 33 0.42 0.32
15 34 0.38 0.19
15 35 0.5 0.31
15 36 0.56 0.28
15 37 0.52 0.26
15 38 0.5 0.18
15 39 0.43 0.24
15 40 0.68 0.26
15 41 0.76 0.22
15 42 0.66 0.21
15 43 0.73 0.12
15 44 0.63 0.22
15 45 0.44 0.25
15 46 0.4 0.24
15 47 0.78 0.22
15 48 0.64 0.22
15 49 0.75 0.2
15 50 0.5 0.16
16 17 0.66 0.23
16 18 0.77 0.18
16 19 0.58 0.31
16 20 0.57 0.35
16 21 0.72 0.12
16 22 0.48 0.23
16 23 0.48 0.28
16 24 0.54 0.27
16 25 0.38 0.12
16 26 0.58 0.26
16 27 0.58 0.23
16 28 0.76 0.24
16 29 0.54 0.15
16 30 0.6 0.25
16 31 0.35 0.23
16 32 0.76 0.32
16 33 0.55 0.19
16 34 0.58 0.26
16 35 0.68 0.24
16 36 0.58 0.18
16 37 0.64 0.17
16 38 0.5 0.2
16 39 0.76 0.26
16 40 0.51 0.28
16 41 0.69 0.22
16 42 0.44 0.19
16 43 0.71 0.14
16 44 0.74 0.12
16 45 0.65 0.14
16 46 0.49 0.17
16 47 0.7 0.24
16 48 0.38 0.27
16 49 0.49 0.17
16 50 0.63 0.13
17 18 0.38 0.23
17 19 0.55 0.2
17 20 0.5 0.28
17 21 0.74 0.23
17 22 0.42 0.12
17 23 0.76 0.23
17 24 0.56 0.15
17 25 0.54 0.2
17 26 0.68 0.13
17 27 0.48 0.24
17 28 0.66 0.19
17 29 0.64 0.08
17 30 0.73 0.22
17 31 0.63 0.06
17 32 0.77 0.24
17 33 0.68 0.27
17 34 0.54 0.2
17 35 0.7 0.26
17 36 0.54 0.07
17 37 0.58 0.06
17 38 0.66 0.15
17 39 0.65 0.04
17 40 0.58 0.06
17 41 0.54 0.24
17 42 0.44 0.28
17 43 0.69 0.16
17 44 0.4 0.11
17 45 0.42 0.2
17 46 0.52 0.28
17 47 0.72 0.28
17 48 0.58 0.26
17 49 0.56 0.23
17 50 0.51 0.24
18 19 0.39 0.18
18 20 0.4 0.22
18 21 0.44 0.18
18 22 0.53 0.2
18 23 0.59 0.27
18 24 0.54 0.16
18 25 0.46 0.1
18 26 0.38 0.12
18 27 0.58 0.22
18 28 0.56 0.18
18 29 0.53 0.24
18 30 0.48 0.19
18 31 0.42 0.19
18 32 0.5 0.33
18 33 0.77 0.26
18 34 0.26 0.13
18 35 0.43 0.21
18 36 0.4 0.27
18 37 0.52 0.22
18 38 0.41 0.22
18 39 0.27 0.19
18 40 0.52 0.17
18 41 0.16 0.04
18 42 0.56 0.16
18 43 0.49 0.2
18 44 0.65 0.18
18 45 0.52 0.19
18 46 0.56 0.18
18 47 0.56 0.16
18 48 0.56 0.24
18 49 0.64 0.22
18 50 0.48 0.19
19 20 0.4 0.26
19 21 0.58 0.26
19 22 0.49 0.1
19 23 0.44 0.15
19 24 0.58 0.07
19 25 0.53 0.21
19 26 0.62 0.25
19 27 0.7 0.27
19 28 0.74 0.18
19 29 0.46 0.2
19 30 0.66 0.17
19 31 0.78 0.18
19 32 0.22 0.18
19 33 0.55 0.3
19 34 0.65 0.12
19 35 0.44 0.09
19 36 0.66 0.26
19 37 0.54 0.22
19 38 0.54 0.22
19 39 0.38 0.16
19 40 0.29 0.18
19 41 0.29 0.22
19 42 0.68 0.29
19 43 0.6 0.23
19 44 0.76 0.31
19 45 0.38 0.32
19 46 0.67 0.26
19 47 0.59 0.28
19 48 0.68 0.2
19 49 0.34 0.25
19 50 0.49 0.29
20 21 0.59 0.36
20 22 0.29 0.16
20 23 0.68 0.28
20 24 0.6 0.25
20 25 0.51 0.32
20 26 0.56 0.29
20 27 0.52 0.16
20 28 0.54 0.28
20 29 0.46 0.26
20 30 0.29 0.27
20 31 0.66 0.28
20 32 0.39 0.17
20 33 0.74 0.2
20 34 0.64 0.3
20 35 0.58 0.2
20 36 0.71 0.32
20 37 0.56 0.24
20 38 0.63 0.32
20 39 0.67 0.28
20 40 0.41 0.3
20 41 0.56 0.26
20 42 0.46 0.32
20 43 0.67 0.26
20 44 0.45 0.24
20 45 0.72 0.38
20 46 0.56 0.32
20 47 0.64 0.17
20 48 0.77 0.25
20 49 0.5 0.3
20 50 0.63 0.26
21 22 0.73 0.3
21 23 0.24 0.19
21 24 0.72 0.21
21 25 0.72 0.12
21 26 0.65 0.26
21 27 0.66 0.24
21 28 0.71 0.22
21 29 0.46 0.2
21 30 0.3 0.28
21 31 0.47 0.28
21 32 0.42 0.32
21 33 0.63 0.28
21 34 0.61 0.24
21 35 0.48 0.24
21 36 0.46 0.29
21 37 0.56 0.18
21 38 0.5 0.19
21 39 0.62 0.26
21 40 0.63 0.28
21 41 0.6 0.22
21 42 0.54 0.29
21 43 0.68 0.14
21 44 0.44 0.12
21 45 0.72 0.14
21 46 0.56 0.17
21 47 0.71 0.24
21 48 0.69 0.27
21 49 0.54 0.17
21 50 0.32 0.13
22 23 0.49 0.12
22 24 0.66 0.16
22 25 0.22 0.18
22 26 0.49 0.22
22 27 0.6 0.21
22 28 0.66 0.12
22 29 0.75 0.12
22 30 0.58 0.22
22 31 0.74 0.18
22 32 0.68 0.28
22 33 0.68 0.25
22 34 0.64 0.21
22 35 0.33 0.19
22 36 0.44 0.16
22 37 0.65 0.14
22 38 0.68 0.16
22 39 0.52 0.12
22 40 0.67 0.14
22 41 0.57 0.24
22 42 0.58 0.26
22 43 0.49 0.22
22 44 0.5 0.23
22 45 0.49 0.27
22 46 0.76 0.16
22 47 0.66 0.18
22 48 0.48 0.14
22 49 0.38 0.22
22 50 0.54 0.26
23 24 0.68 0.22
23 25 0.71 0.3
23 26 0.46 0.31
23 27 0.66 0.31
23 28 0.64 0.24
23 29 0.7 0.24
23 30 0.54 0.32
23 31 0.39 0.28
23 32 0.52 0.33
23 33 0.73 0.27
23 34 0.37 0.18
23 35 0.6 0.24
23 36 0.22 0.21
23 37 0.8 0.25
23 38 0.63 0.28
23 39 0.53 0.19
23 40 0.54 0.19
23 41 0.73 0.31
23 42 0.58 0.31
23 43 0.65 0.3
23 44 0.68 0.31
23 45 0.71 0.3
23 46 0.34 0.26
23 47 0.47 0.28
23 48 0.5 0.2
23 49 0.78 0.34
23 50 0.56 0.32
24 25 0.53 0.26
24 26 0.56 0.25
24 27 0.48 0.23
24 28 0.52 0.23
24 29 0.42 0.14
24 30 0.69 0.12
24 31 0.66 0.18
24 32 0.78 0.25
24 33 0.75 0.25
24 34 0.62 0.05
24 35 0.58 0.16
24 36 0.61 0.21
24 37 0.32 0.16
24 38 0.46 0.24
24 39 0.7 0.11
24 40 0.46 0.13
24 41 0.66 0.2
24 42 0.56 0.22
24 43 0.61 0.18
24 44 0.6 0.24
24 45 0.48 0.25
24 46 0.64 0.2
24 47 0.6 0.21
24 48 0.41 0.13
24 49 0.44 0.18
24 50 0.47 0.22
25 26 0.62 0.22
25 27 0.6 0.3
25 28 0.44 0.22
25 29 0.53 0.16
25 30 0.64 0.29
25 31 0.61 0.2
25 32 0.58 0.32
25 33 0.74 0.31
25 34 0.62 0.23
25 35 0.36 0.12
25 36 0.54 0.27
25 37 0.43 0.14
25 38 0.8 0.18
25 39 0.73 0.24
25 40 0.54 0.26
25 41 0.36 0.14
25 42 0.36 0.24
25 43 0.5 0.12
25 44 0.72 0.12
25 45 0.27 0.14
25 46 0.74 0.17
25 47 0.62 0.24
25 48 0.64 0.27
25 49 0.6 0.15
25 50 0.49 0.11
26 27 0.58 0.18
26 28 0.18 0.1
26 29 0.48 0.21
26 30 0.56 0.24
26 31 0.43 0.07
26 32 0.58 0.26
26 33 0.74 0.14
26 34 0.45 0.25
26 35 0.54 0.16
26 36 0.65 0.2
26 37 0.58 0.19
26 38 0.54 0.14
26 39 0.6 0.17
26 40 0.57 0.19
26 41 0.4 0.16
26 42 0.6 0.28
26 43 0.52 0.2
26 44 0.62 0.21
26 45 0.64 0.24
26 46 0.71 0.3
26 47 0.4 0.28
26 48 0.6 0.3
26 49 0.32 0.1
26 50 0.51 0.14
27 28 0.7 0.28
27 29 0.74 0.25
27 30 0.51 0.26
27 31 0.63 0.25
27 32 0.81 0.31
27 33 0.42 0.04
27 34 0.5 0.28
27 35 0.72 0.34
27 36 0.48 0.17
27 37 0.68 0.26
27 38 0.71 0.24
27 39 0.38 0.28
27 40 0.58 0.3
27 41 0.56 0.18
27 42 0.5 0.32
27 43 0.7 0.18
27 44 0.64 0.3
27 45 0.63 0.34
27 46 0.48 0.37
27 47 0.5 0.28
27 48 0.59 0.31
27 49 0.63 0.18
27 50 0.34 0.22
28 29 0.66 0.22
28 30 0.58 0.28
28 31 0.57 0.17
28 32 0.54 0.28
28 33 0.56 0.24
28 34 0.63 0.18
28 35 0.62 0.26
28 36 0.68 0.12
28 37 0.68 0.24
28 38 0.36 0.04
28 39 0.78 0.22
28 40 0.56 0.24
28 41 0.58 0.14
28 42 0.56 0.3
28 43 0.62 0.1
28 44 0.48 0.24
28 45 0.52 0.26
28 46 0.66 0.28
28 47 0.44 0.26
28 48 0.78 0.2
28 49 0.5 0.1
28 50 0.39 0.14
29 30 0.53 0.14
29 31 0.72 0.14
29 32 0.52 0.26
29 33 0.69 0.21
29 34 0.69 0.19
29 35 0.64 0.28
29 36 0.77 0.15
29 37 0.1 0.02
29 38 0.47 0.23
29 39 0.73 0.12
29 40 0.31 0.13
29 41 0.54 0.2
29 42 0.74 0.21
29 43 0.48 0.18
29 44 0.71 0.19
29 45 0.26 0.16
29 46 0.82 0.28
29 47 0.64 0.27
29 48 0.46 0.24
29 49 0.48 0.21
29 50 0.65 0.25
30 31 0.64 0.28
30 32 0.68 0.28
30 33 0.7 0.3
30 34 0.35 0.17
30 35 0.78 0.26
30 36 0.66 0.29
30 37 0.45 0.16
30 38 0.8 0.24
30 39 0.62 0.21
30 40 0.58 0.23
30 41 0.64 0.23
30 42 0.65 0.31
30 43 0.38 0.18
30 44 0.33 0.17
30 45 0.61 0.3
30 46 0.74 0.18
30 47 0.54 0.33
30 48 0.76 0.25
30 49 0.65 0.3
30 50 0.34 0.3
31 32 0.79 0.24
31 33 0.54 0.21
31 34 0.29 0.23
31 35 0.62 0.2
31 36 0.46 0.13
31 37 0.7 0.12
31 38 0.68 0.2
31 39 0.64 0.1
31 40 0.67 0.12
31 41 0.58 0.23
31 42 0.51 0.26
31 43 0.78 0.14
31 44 0.42 0.17
31 45 0.66 0.26
31 46 0.54 0.24
31 47 0.68 0.26
31 48 0.56 0.31
31 49 0.75 0.17
31 50 0.72 0.21
32 33 0.52 0.31
32 34 0.5 0.3
32 35 0.66 0.24
32 36 0.52 0.22
32 37 0.62 0.24
32 38 0.46 0.32
32 39 0.47 0.2
32 40 0.51 0.22
32 41 0.51 0.33
32 42 0.56 0.17
32 43 0.64 0.32
32 44 0.64 0.32
32 45 0.6 0.31
32 46 0.58 0.29
32 47 0.76 0.34
32 48 0.46 0.32
32 49 0.34 0.18
32 50 0.64 0.22
33 34 0.51 0.3
33 35 0.48 0.3
33 36 0.77 0.21
33 37 0.59 0.23
33 38 0.66 0.28
33 39 0.62 0.31
33 40 0.6 0.32
33 41 0.66 0.22
33 42 0.56 0.3
33 43 0.55 0.22
33 44 0.68 0.29
33 45 0.5 0.33
33 46 0.81 0.36
33 47 0.36 0.32
33 48 0.54 0.35
33 49 0.5 0.22
33 50 0.43 0.26
34 35 0.69 0.21
34 36 0.59 0.18
34 37 0.74 0.21
34 38 0.67 0.2
34 39 0.53 0.16
34 40 0.38 0.16
34 41 0.42 0.17
34 42 0.3 0.27
34 43 0.7 0.14
34 44 0.68 0.28
34 45 0.74 0.3
34 46 0.48 0.25
34 47 0.61 0.26
34 48 0.73 0.18
34 49 0.74 0.23
34 50 0.69 0.27
35 36 0.38 0.19
35 37 0.61 0.26
35 38 0.66 0.3
35 39 0.62 0.22
35 40 0.5 0.2
35 41 0.3 0.17
35 42 0.72 0.32
35 43 0.56 0.24
35 44 0.8 0.24
35 45 0.45 0.26
35 46 0.52 0.29
35 47 0.63 0.35
35 48 0.46 0.29
35 49 0.71 0.26
35 50 0.8 0.23
36 37 0.68 0.13
36 38 0.71 0.16
36 39 0.52 0.11
36 40 0.63 0.13
36 41 0.56 0.25
36 42 0.69 0.29
36 43 0.62 0.22
36 44 0.46 0.18
36 45 0.66 0.27
36 46 0.56 0.27
36 47 0.69 0.3
36 48 0.59 0.22
36 49 0.8 0.22
36 50 0.53 0.26
37 38 0.57 0.21
37 39 0.79 0.1
37 40 0.41 0.12
37 41 0.44 0.18
37 42 0.72 0.23
37 43 0.58 0.16
37 44 0.62 0.17
37 45 0.16 0.14
37 46 0.72 0.3
37 47 0.54 0.25
37 48 0.47 0.26
37 49 0.48 0.23
37 50 0.55 0.25
38 39 0.42 0.18
38 40 0.56 0.2
38 41 0.57 0.18
38 42 0.66 0.3
38 43 0.53 0.06
38 44 0.79 0.2
38 45 0.69 0.22
38 46 0.65 0.25
38 47 0.65 0.22
38 48 0.68 0.16
38 49 0.7 0.14
38 50 0.72 0.14
39 40 0.42 0.02
39 41 0.43 0.23
39 42 0.44 0.24
39 43 0.76 0.12
39 44 0.45 0.15
39 45 0.72 0.24
39 46 0.8 0.28
39 47 0.66 0.28
39 48 0.64 0.24
39 49 0.56 0.26
39 50 0.72 0.27
40 41 0.58 0.21
40 42 0.56 0.26
40 43 0.54 0.14
40 44 0.71 0.17
40 45 0.57 0.22
40 46 0.68 0.3
40 47 0.47 0.3
40 48 0.44 0.26
40 49 0.63 0.24
40 50 0.76 0.28
41 42 0.54 0.16
41 43 0.65 0.24
41 44 0.5 0.22
41 45 0.36 0.23
41 46 0.54 0.22
41 47 0.72 0.2
41 48 0.53 0.28
41 49 0.54 0.24
41 50 0.53 0.23
42 43 0.46 0.24
42 44 0.78 0.31
42 45 0.63 0.23
42 46 0.78 0.22
42 47 0.7 0.2
42 48 0.43 0.22
42 49 0.72 0.35
42 50 0.58 0.32
43 44 0.68 0.14
43 45 0.74 0.16
43 46 0.6 0.19
43 47 0.52 0.16
43 48 0.5 0.22
43 49 0.6 0.19
43 50 0.72 0.15
44 45 0.46 0.14
44 46 0.78 0.17
44 47 0.32 0.22
44 48 0.72 0.27
44 49 0.56 0.16
44 50 0.46 0.13
45 46 0.82 0.18
45 47 0.38 0.21
45 48 0.63 0.13
45 49 0.49 0.19
45 50 0.71 0.15
46 47 0.54 0.22
46 48 0.79 0.3
46 49 0.72 0.22
46 50 0.66 0.18
47 48 0.54 0.08
47 49 0.55 0.29
47 50 0.67 0.25
48 49 0.7 0.3
48 50 0.64 0.28
49 50 0.83 0.04
node_demand
0.2
0.15
0.1
0.1
0.225
0.075
0.075
0.05
0.05
0.075
0.175
0.225
0.025
0.075
0.125
0.175
0.025
0.125
0.15
0.225
0.025
0.225
0.175
0.075
0.05
0.2
0.05
0.075
0.175
0.175
0.175
0.175
0.125
0.15
0.225
0.225
0.025
0.05
0.225
0.125
0.2
0.1
0.075
0.15
0.025
0.15
0.075
0.025
0.125
0.2
