50
0 1 0.66 0.14
0 2 0.54 0.26
0 3 0.61 0.14
0 4 0.52 0.22
0 5 0.62 0.23
0 6 0.65 0.3
0 7 0.45 0.25
0 8 0.62 0.13
0 9 0.48 0.13
0 10 0.68 0.14
0 11 0.6 0.28
0 12 0.52 0.18
0 13 0.6 0.23
0 14 0.66 0.25
0 15 0.56 0.21
0 16 0.36 0.17
0 17 0.48 0.09
0 18 0.76 0.17
0 19 0.5 0.2
0 20 0.6 0.13
0 21 0.5 0.16
0 22 0.54 0.24
0 23 0.6 0.13
0 24 0.35 0.22
0 25 0.56 0.24
0 26 0.68 0.27
0 27 0.43 0.14
0 28 0.56 0.17
0 29 0.66 0.23
0 30 0.48 0.19
0 31 0.81 0.15
0 32 0.68 0.18
0 33 0.65 0.15
0 34 0.26 0.08
0 35 0.48 0.17
0 36 0.64 0.2
0 37 0.56 0.2
0 38 0.82 0.18
0 39 0.28 0.14
0 40 0.54 0.22
0 41 0.55 0.18
0 42 0.73 0.3
0 43 0.56 0.22
0 44 0.44 0.23
0 45 0.54 0.16
0 46 0.64 0.32
0 47 0.53 0.24
0 48 0.64 0.23
0 49 0.34 0.01
0 50 0.5 0.19
1 2 0.68 0.26
1 3 0.5 0.24
1 4 0.41 0.2
1 5 0.52 0.2
1 6 0.55 0.22
1 7 0.48 0.19
1 8 0.67 0.21
1 9 0.6 0.19
1 10 0.48 0.2
1 11 0.66 0.26
1 12 0.73 0.17
1 13 0.64 0.29
1 14 0.66 0.15
1 15 0.64 0.25
1 16 0.66 0.31
1 17 0.65 0.23
1 18 0.58 0.25
1 19 0.68 0.17
1 20 0.53 0.1
1 21 0.73 0.26
1 22 0.52 0.14
1 23 0.57 0.18
1 24 0.79 0.3
1 25 0.25 0.18
1 26 0.78 0.24
1 27 0.67 0.28
1 28 0.59 0.25
1 29 0.43 0.21
1 30 0.46 0.28
1 31 0.59 0.2
1 32 0.54 0.2
1 33 0.62 0.28
1 34 0.42 0.06
1 35 0.58 0.23
1 36 0.44 0.06
1 37 0.63 0.23
1 38 0.56 0.15
1 39 0.48 0.25
1 40 0.48 0.17
1 41 0.76 0.18
1 42 0.83 0.18
1 43 0.58 0.16
1 44 0.56 0.25
1 45 0.67 0.26
1 46 0.54 0.22
1 47 0.79 0.28
1 48 0.67 0.34
1 49 0.51 0.15
1 50 0.42 0.27
2 3 0.62 0.22
2 4 0.34 0.3
2 5 0.71 0.26
2 6 0.64 0.04
2 7 0.66 0.16
2 8 0.44 0.16
2 9 0.56 0.16
2 10 0.24 0.12
2 11 0.34 0.06
2 12 0.58 0.2
2 13 0.6 0.3
2 14 0.34 0.13
2 15 0.35 0.18
2 16 0.52 0.3
2 17 0.68 0.27
2 18 0.66 0.2
2 19 0.5 0.22
2 20 0.52 0.27
2 21 0.46 0.22
2 22 0.58 0.12
2 23 0.52 0.3
2 24 0.57 0.28
2 25 0.47 0.17
2 26 0.34 0.25
2 27 0.48 0.21
2 28 0.54 0.24
2 29 0.57 0.18
2 30 0.38 0.24
2 31 0.72 0.33
2 32 0.64 0.16
2 33 0.53 0.2
2 34 0.36 0.26
2 35 0.14 0.12
2 36 0.42 0.28
2 37 0.42 0.19
2 38 0.36 0.22
2 39 0.56 0.14
2 40 0.54 0.2
2 41 0.36 0.26
2 42 0.62 0.32
2 43 0.59 0.14
2 44 0.66 0.3
2 45 0.66 0.24
2 46 0.55 0.22
2 47 0.68 0.16
2 48 0.58 0.22
2 49 0.68 0.27
2 50 0.44 0.19
3 4 0.65 0.24
3 5 0.56 0.19
3 6 0.53 0.18
3 7 0.73 0.23
3 8 0.44 0.15
3 9 0.51 0.18
3 10 0.57 0.13
3 11 0.51 0.28
3 12 0.48 0.29
3 13 0.61 0.2
3 14 0.72 0.11
3 15 0.41 0.2
3 16 0.55 0.18
3 17 0.36 0.1
3 18 0.4 0.11
3 19 0.54 0.16
3 20 0.48 0.18
3 21 0.63 0.2
3 22 0.41 0.1
3 23 0.5 0.22
3 24 0.68 0.25
3 25 0.6 0.22
3 26 0.63 0.28
3 27 0.34 0.23
3 28 0.46 0.2
3 29 0.57 0.1
3 30 0.56 0.17
3 31 0.5 0.16
3 32 0.61 0.09
3 33 0.36 0.22
3 34 0.7 0.22
3 35 0.48 0.14
3 36 0.68 0.26
3 37 0.61 0.06
3 38 0.48 0.21
3 39 0.38 0.15
3 40 0.52 0.14
3 41 0.46 0.24
3 42 0.66 0.22
3 43 0.17 0.08
3 44 0.46 0.14
3 45 0.58 0.02
3 46 0.6 0.2
3 47 0.61 0.14
3 48 0.41 0.18
3 49 0.6 0.15
3 50 0.55 0.18
4 5 0.5 0.3
4 6 0.51 0.3
4 7 0.6 0.23
4 8 0.37 0.18
4 9 0.52 0.22
4 10 0.57 0.28
4 11 0.68 0.3
4 12 0.56 0.25
4 13 0.44 0.22
4 14 0.47 0.22
4 15 0.41 0.18
4 16 0.58 0.24
4 17 0.5 0.26
4 18 0.72 0.14
4 19 0.6 0.12
4 20 0.38 0.19
4 21 0.52 0.18
4 22 0.71 0.22
4 23 0.31 0.16
4 24 0.53 0.12
4 25 0.51 0.22
4 26 0.4 0.2
4 27 0.37 0.13
4 28 0.6 0.29
4 29 0.56 0.24
4 30 0.43 0.34
4 31 0.38 0.3
4 32 0.64 0.26
4 33 0.65 0.12
4 34 0.42 0.14
4 35 0.2 0.18
4 36 0.64 0.26
4 37 0.66 0.29
4 38 0.46 0.24
4 39 0.73 0.2
4 40 0.5 0.27
4 41 0.45 0.24
4 42 0.65 0.32
4 43 0.65 0.2
4 44 0.54 0.23
4 45 0.65 0.22
4 46 0.58 0.32
4 47 0.59 0.32
4 48 0.72 0.32
4 49 0.64 0.23
4 50 0.48 0.21
5 6 0.6 0.24
5 7 0.18 0.12
5 8 0.66 0.18
5 9 0.44 0.26
5 10 0.74 0.14
5 11 0.46 0.22
5 12 0.62 0.23
5 13 0.6 0.31
5 14 0.48 0.17
5 15 0.58 0.26
5 16 0.55 0.22
5 17 0.2 0.14
5 18 0.47 0.16
5 19 0.6 0.24
5 20 0.47 0.27
5 21 0.5 0.27
5 22 0.21 0.16
5 23 0.23 0.2
5 24 0.59 0.3
5 25 0.41 0.13
5 26 0.69 0.32
5 27 0.64 0.24
5 28 0.59 0.2
5 29 0.49 0.29
5 30 0.48 0.18
5 31 0.53 0.2
5 32 0.58 0.1
5 33 0.69 0.23
5 34 0.66 0.26
5 35 0.7 0.3
5 36 0.55 0.14
5 37 0.67 0.13
5 38 0.58 0.24
5 39 0.74 0.16
5 40 0.58 0.28
5 41 0.58 0.18
5 42 0.56 0.26
5 43 0.45 0.18
5 44 0.48 0.33
5 45 0.57 0.21
5 46 0.45 0.26
5 47 0.64 0.32
5 48 0.48 0.32
5 49 0.73 0.22
5 50 0.59 0.3
6 7 0.69 0.2
6 8 0.64 0.2
6 9 0.76 0.2
6 10 0.53 0.16
6 11 0.5 0.1
6 12 0.44 0.16
6 13 0.42 0.26
6 14 0.57 0.09
6 15 0.48 0.22
6 16 0.66 0.26
6 17 0.76 0.23
6 18 0.68 0.24
6 19 0.58 0.18
6 20 0.4 0.25
6 21 0.51 0.18
6 22 0.46 0.08
6 23 0.66 0.3
6 24 0.39 0.24
6 25 0.64 0.21
6 26 0.42 0.27
6 27 0.52 0.19
6 28 0.65 0.27
6 29 0.64 0.14
6 30 0.53 0.22
6 31 0.81 0.29
6 32 0.61 0.14
6 33 0.46 0.18
6 34 0.78 0.27
6 35 0.69 0.16
6 36 0.48 0.24
6 37 0.34 0.17
6 38 0.4 0.2
6 39 0.37 0.18
6 40 0.64 0.18
6 41 0.58 0.23
6 42 0.7 0.35
6 43 0.36 0.1
6 44 0.52 0.29
6 45 0.63 0.2
6 46 0.7 0.18
6 47 0.38 0.12
6 48 0.56 0.18
6 49 0.66 0.31
6 50 0.42 0.15
7 8 0.48 0.26
7 9 0.62 0.27
7 10 0.7 0.26
7 11 0.64 0.1
7 12 0.7 0.11
7 13 0.53 0.21
7 14 0.56 0.24
7 15 0.73 0.17
7 16 0.67 0.23
7 17 0.38 0.16
7 18 0.48 0.28
7 19 0.5 0.22
7 20 0.29 0.15
7 21 0.68 0.23
7 22 0.39 0.23
7 23 0.41 0.25
7 24 0.6 0.26
7 25 0.23 0.01
7 26 0.68 0.24
7 27 0.6 0.12
7 28 0.58 0.08
7 29 0.67 0.23
7 30 0.36 0.23
7 31 0.57 0.22
7 32 0.76 0.22
7 33 0.65 0.11
7 34 0.71 0.22
7 35 0.52 0.23
7 36 0.73 0.25
7 37 0.54 0.25
7 38 0.6 0.2
7 39 0.56 0.16
7 40 0.74 0.24
7 41 0.48 0.23
7 42 0.59 0.24
7 43 0.63 0.25
7 44 0.3 0.21
7 45 0.42 0.21
7 46 0.44 0.24
7 47 0.46 0.2
7 48 0.65 0.26
7 49 0.55 0.24
7 50 0.41 0.2
8 9 0.58 0.24
8 10 0.68 0.24
8 11 0.41 0.22
8 12 0.6 0.25
8 13 0.75 0.31
8 14 0.48 0.19
8 15 0.58 0.29
8 16 0.6 0.24
8 17 0.68 0.16
8 18 0.59 0.04
8 19 0.62 0.18
8 20 0.58 0.11
8 21 0.46 0.17
8 22 0.48 0.18
8 23 0.54 0.21
8 24 0.74 0.18
8 25 0.71 0.25
8 26 0.38 0.24
8 27 0.66 0.22
8 28 0.44 0.3
8 29 0.54 0.19
8 30 0.43 0.2
8 31 0.53 0.22
8 32 0.7 0.24
8 33 0.48 0.23
8 34 0.36 0.21
8 35 0.57 0.28
8 36 0.44 0.22
8 37 0.63 0.21
8 38 0.66 0.06
8 39 0.72 0.26
8 40 0.7 0.15
8 41 0.67 0.3
8 42 0.28 0.24
8 43 0.61 0.2
8 44 0.33 0.26
8 45 0.52 0.17
8 46 0.24 0.22
8 47 0.78 0.29
8 48 0.62 0.29
8 49 0.54 0.12
8 50 0.25 0.14
9 10 0.74 0.22
9 11 0.27 0.18
9 12 0.7 0.24
9 13 0.54 0.26
9 14 0.68 0.15
9 15 0.63 0.1
9 16 0.57 0.28
9 17 0.64 0.2
9 18 0.46 0.28
9 19 0.82 0.2
9 20 0.81 0.24
9 21 0.52 0.19
9 22 0.55 0.14
9 23 0.21 0.2
9 24 0.57 0.25
9 25 0.53 0.26
9 26 0.69 0.33
9 27 0.4 0.17
9 28 0.54 0.3
9 29 0.46 0.26
9 30 0.46 0.26
9 31 0.71 0.26
9 32 0.66 0.2
9 33 0.64 0.16
9 34 0.22 0.13
9 35 0.42 0.04
9 36 0.65 0.25
9 37 0.69 0.22
9 38 0.65 0.26
9 39 0.54 0.26
9 40 0.65 0.22
9 41 0.52 0.25
9 42 0.6 0.18
9 43 0.4 0.12
9 44 0.78 0.27
9 45 0.4 0.16
9 46 0.46 0.24
9 47 0.82 0.26
9 48 0.56 0.24
9 49 0.73 0.12
9 50 0.52 0.22
10 11 0.58 0.18
10 12 0.66 0.24
10 13 0.36 0.28
10 14 0.58 0.11
10 15 0.16 0.12
10 16 0.44 0.3
10 17 0.54 0.22
10 18 0.68 0.2
10 19 0.54 0.18
10 20 0.73 0.25
10 21 0.63 0.21
10 22 0.55 0.1
10 23 0.64 0.2
10 24 0.37 0.16
10 25 0.52 0.25
10 26 0.3 0.24
10 27 0.54 0.19
10 28 0.52 0.27
10 29 0.53 0.23
10 30 0.5 0.12
10 31 0.66 0.28
10 32 0.66 0.04
10 33 0.29 0.18
10 34 0.54 0.22
10 35 0.37 0.18
10 36 0.66 0.26
10 37 0.56 0.07
10 38 0.53 0.22
10 39 0.72 0.1
10 40 0.38 0.22
10 41 0.42 0.22
10 42 0.43 0.26
10 43 0.4 0.12
10 44 0.52 0.27
10 45 0.69 0.15
10 46 0.5 0.2
10 47 0.44 0.24
10 48 0.5 0.28
10 49 0.72 0.15
10 50 0.62 0.24
11 12 0.66 0.21
11 13 0.52 0.31
11 14 0.66 0.19
11 15 0.6 0.24
11 16 0.48 0.33
11 17 0.66 0.26
11 18 0.72 0.26
11 19 0.64 0.18
11 20 0.58 0.25
11 21 0.54 0.23
11 22 0.39 0.18
11 23 0.48 0.24
11 24 0.84 0.29
11 25 0.66 0.11
11 26 0.6 0.31
11 27 0.52 0.22
11 28 0.44 0.18
11 29 0.67 0.18
11 30 0.42 0.3
11 31 0.49 0.32
11 32 0.53 0.22
11 33 0.72 0.21
11 34 0.49 0.2
11 35 0.48 0.18
11 36 0.73 0.32
11 37 0.64 0.25
11 38 0.39 0.23
11 39 0.32 0.2
11 40 0.38 0.14
11 41 0.4 0.32
11 42 0.59 0.34
11 43 0.62 0.2
11 44 0.74 0.31
11 45 0.58 0.3
11 46 0.63 0.2
11 47 0.55 0.22
11 48 0.57 0.28
11 49 0.62 0.29
11 50 0.56 0.25
12 13 0.78 0.12
12 14 0.56 0.25
12 15 0.6 0.26
12 16 0.63 0.21
12 17 0.59 0.22
12 18 0.24 0.21
12 19 0.58 0.33
12 20 0.63 0.26
12 21 0.5 0.21
12 22 0.6 0.24
12 23 0.59 0.31
12 24 0.68 0.27
12 25 0.74 0.12
12 26 0.36 0.3
12 27 0.54 0.21
12 28 0.61 0.19
12 29 0.6 0.3
12 30 0.34 0.12
12 31 0.42 0.28
12 32 0.7 0.2
12 33 0.6 0.2
12 34 0.72 0.11
12 35 0.66 0.28
12 36 0.74 0.23
12 37 0.48 0.23
12 38 0.57 0.26
12 39 0.73 0.26
12 40 0.57 0.3
12 41 0.42 0.23
12 42 0.6 0.35
12 43 0.46 0.26
12 44 0.63 0.31
12 45 0.76 0.3
12 46 0.36 0.23
12 47 0.8 0.25
12 48 0.63 0.19
12 49 0.77 0.19
12 50 0.56 0.18
13 14 0.31 0.24
13 15 0.42 0.16
13 16 0.24 0.09
13 17 0.68 0.17
13 18 0.54 0.29
13 19 0.32 0.24
13 20 0.42 0.3
13 21 0.4 0.24
13 22 0.39 0.23
13 23 0.6 0.31
13 24 0.47 0.18
13 25 0.66 0.2
13 26 0.54 0.19
13 27 0.56 0.09
13 28 0.31 0.18
13 29 0.54 0.22
13 30 0.73 0.24
13 31 0.71 0.23
13 32 0.57 0.25
13 33 0.44 0.1
13 34 0.48 0.23
13 35 0.62 0.22
13 36 0.56 0.35
13 37 0.52 0.26
13 38 0.58 0.25
13 39 0.57 0.31
13 40 0.4 0.25
13 41 0.44 0.2
13 42 0.68 0.3
13 43 0.44 0.25
13 44 0.58 0.19
13 45 0.43 0.18
13 46 0.62 0.32
13 47 0.5 0.23
13 48 0.59 0.19
13 49 0.68 0.24
13 50 0.64 0.27
14 15 0.57 0.23
14 16 0.49 0.25
14 17 0.68 0.17
14 18 0.59 0.22
14 19 0.54 0.11
14 20 0.72 0.18
14 21 0.57 0.22
14 22 0.51 0.01
14 23 0.5 0.23
14 24 0.65 0.26
14 25 0.62 0.23
14 26 0.68 0.27
14 27 0.38 0.23
14 28 0.29 0.18
14 29 0.23 0.15
14 30 0.68 0.15
14 31 0.4 0.23
14 32 0.54 0.07
14 33 0.55 0.24
14 34 0.46 0.21
14 35 0.4 0.19
14 36 0.42 0.17
14 37 0.5 0.1
14 38 0.57 0.13
14 39 0.52 0.13
14 40 0.63 0.13
14 41 0.26 0.14
14 42 0.7 0.26
14 43 0.72 0.03
14 44 0.32 0.25
14 45 0.65 0.13
14 46 0.62 0.11
14 47 0.7 0.21
14 48 0.58 0.27
14 49 0.69 0.25
14 50 0.64 0.24
15 16 0.46 0.18
15 17 0.7 0.26
15 18 0.7 0.31
15 19 0.63 0.18
15 20 0.6 0.25
15 21 0.53 0.21
15 22 0.48 0.22
15 23 0.54 0.24
15 24 0.39 0.26
15 25 0.66 0.16
15 26 0.46 0.26
15 27 0.5 0.07
15 28 0.36 0.23
15 29 0.6 0.18
15 30 0.64 0.24
15 31 0.5 0.32
15 32 0.5 0.16
15 33 0.41 0.06
15 34 0.43 0.23
15 35 0.21 0.06
15 36 0.64 0.19
15 37 0.4 0.19
15 38 0.37 0.23
15 39 0.64 0.22
15 40 0.54 0.22
15 41 0.56 0.18
15 42 0.3 0.14
15 43 0.24 0.22
15 44 0.58 0.17
15 45 0.54 0.22
15 46 0.54 0.28
15 47 0.52 0.26
15 48 0.52 0.26
15 49 0.75 0.22
15 50 0.54 0.24
16 17 0.71 0.08
16 18 0.48 0.2
16 19 0.42 0.26
16 20 0.64 0.28
16 21 0.64 0.18
16 22 0.34 0.24
16 23 0.36 0.22
16 24 0.37 0.18
16 25 0.68 0.22
16 26 0.62 0.1
16 27 0.46 0.13
16 28 0.55 0.27
16 29 0.62 0.23
16 30 0.61 0.18
16 31 0.62 0.14
16 32 0.33 0.26
16 33 0.6 0.12
16 34 0.55 0.25
16 35 0.38 0.24
16 36 0.34 0.26
16 37 0.54 0.24
16 38 0.52 0.29
16 39 0.46 0.31
16 40 0.44 0.2
16 41 0.58 0.24
16 42 0.75 0.32
16 43 0.58 0.26
16 44 0.72 0.23
16 45 0.34 0.16
16 46 0.58 0.32
16 47 0.4 0.14
16 48 0.42 0.1
16 49 0.64 0.16
16 50 0.46 0.21
17 18 0.49 0.12
17 19 0.7 0.26
17 20 0.48 0.2
17 21 0.3 0.16
17 22 0.41 0.16
17 23 0.43 0.14
17 24 0.79 0.22
17 25 0.61 0.17
17 26 0.62 0.18
17 27 0.47 0.21
17 28 0.54 0.24
17 29 0.64 0.2
17 30 0.3 0.1
17 31 0.35 0.06
17 32 0.38 0.18
17 33 0.61 0.2
17 34 0.7 0.17
17 35 0.62 0.24
17 36 0.74 0.22
17 37 0.47 0.16
17 38 0.62 0.22
17 39 0.64 0.23
17 40 0.55 0.24
17 41 0.59 0.27
17 42 0.49 0.28
17 43 0.53 0.18
17 44 0.62 0.2
17 45 0.49 0.08
17 46 0.6 0.26
17 47 0.66 0.22
17 48 0.59 0.18
17 49 0.68 0.08
17 50 0.58 0.19
18 19 0.76 0.22
18 20 0.54 0.15
18 21 0.49 0.2
18 22 0.64 0.21
18 23 0.46 0.25
18 24 0.66 0.14
18 25 0.56 0.29
18 26 0.6 0.22
18 27 0.74 0.26
18 28 0.37 0.26
18 29 0.36 0.21
18 30 0.58 0.22
18 31 0.66 0.18
18 32 0.54 0.2
18 33 0.66 0.25
18 34 0.58 0.25
18 35 0.52 0.25
18 36 0.67 0.26
18 37 0.5 0.17
18 38 0.7 0.1
18 39 0.49 0.26
18 40 0.4 0.19
18 41 0.62 0.26
18 42 0.53 0.28
18 43 0.47 0.19
18 44 0.39 0.25
18 45 0.52 0.13
18 46 0.6 0.26
18 47 0.62 0.25
18 48 0.81 0.29
18 49 0.53 0.16
18 50 0.76 0.18
19 20 0.22 0.07
19 21 0.64 0.24
19 22 0.54 0.1
19 23 0.67 0.17
19 24 0.64 0.18
19 25 0.5 0.21
19 26 0.62 0.16
19 27 0.6 0.25
19 28 0.52 0.28
19 29 0.58 0.22
19 30 0.75 0.22
19 31 0.66 0.21
19 32 0.75 0.14
19 33 0.58 0.24
19 34 0.68 0.23
19 35 0.46 0.2
19 36 0.24 0.23
19 37 0.7 0.17
19 38 0.47 0.12
19 39 0.62 0.08
19 40 0.4 0.18
19 41 0.68 0.25
19 42 0.52 0.32
19 43 0.71 0.08
19 44 0.7 0.3
19 45 0.44 0.18
19 46 0.78 0.2
19 47 0.64 0.25
19 48 0.46 0.31
19 49 0.48 0.19
19 50 0.72 0.24
20 21 0.72 0.2
20 22 0.62 0.17
20 23 0.6 0.1
20 24 0.52 0.25
20 25 0.28 0.14
20 26 0.46 0.23
20 27 0.58 0.21
20 28 0.62 0.21
20 29 0.67 0.18
20 30 0.53 0.19
20 31 0.62 0.26
20 32 0.74 0.21
20 33 0.7 0.22
20 34 0.77 0.16
20 35 0.58 0.27
20 36 0.46 0.16
20 37 0.64 0.24
20 38 0.68 0.05
20 39 0.56 0.15
20 40 0.54 0.14
20 41 0.46 0.28
20 42 0.3 0.28
20 43 0.65 0.15
20 44 0.59 0.31
20 45 0.64 0.2
20 46 0.73 0.24
20 47 0.51 0.18
20 48 0.56 0.24
20 49 0.26 0.12
20 50 0.66 0.17
21 22 0.54 0.21
21 23 0.58 0.26
21 24 0.53 0.06
21 25 0.55 0.24
21 26 0.7 0.14
21 27 0.53 0.17
21 28 0.58 0.24
21 29 0.34 0.13
21 30 0.38 0.18
21 31 0.65 0.22
21 32 0.5 0.17
21 33 0.46 0.16
21 34 0.54 0.24
21 35 0.32 0.15
21 36 0.5 0.27
21 37 0.17 0.14
21 38 0.32 0.18
21 39 0.34 0.23
21 40 0.25 0.09
21 41 0.41 0.18
21 42 0.73 0.3
21 43 0.46 0.19
21 44 0.62 0.27
21 45 0.6 0.22
21 46 0.3 0.16
21 47 0.58 0.16
21 48 0.51 0.15
21 49 0.64 0.17
21 50 0.6 0.03
22 23 0.44 0.22
22 24 0.71 0.26
22 25 0.58 0.22
22 26 0.58 0.26
22 27 0.5 0.22
22 28 0.64 0.19
22 29 0.28 0.14
22 30 0.63 0.14
22 31 0.69 0.22
22 32 0.66 0.06
22 33 0.48 0.23
22 34 0.68 0.2
22 35 0.68 0.18
22 36 0.34 0.16
22 37 0.62 0.09
22 38 0.47 0.12
22 39 0.6 0.12
22 40 0.66 0.12
22 41 0.38 0.15
22 42 0.62 0.27
22 43 0.24 0.02
22 44 0.49 0.24
22 45 0.38 0.12
22 46 0.24 0.1
22 47 0.44 0.2
22 48 0.69 0.26
22 49 0.64 0.24
22 50 0.56 0.23
23 24 0.36 0.2
23 25 0.32 0.24
23 26 0.57 0.28
23 27 0.44 0.27
23 28 0.52 0.3
23 29 0.66 0.17
23 30 0.25 0.19
23 31 0.66 0.2
23 32 0.46 0.16
23 33 0.67 0.28
23 34 0.43 0.21
23 35 0.51 0.24
23 36 0.7 0.24
23 37 0.59 0.16
23 38 0.52 0.15
23 39 0.6 0.22
23 40 0.64 0.21
23 41 0.35 0.31
23 42 0.68 0.36
23 43 0.61 0.24
23 44 0.63 0.34
23 45 0.34 0.22
23 46 0.54 0.32
23 47 0.71 0.28
23 48 0.54 0.3
23 49 0.52 0.12
23 50 0.64 0.27
24 25 0.56 0.25
24 26 0.67 0.08
24 27 0.34 0.23
24 28 0.73 0.18
24 29 0.54 0.19
24 30 0.58 0.24
24 31 0.78 0.26
24 32 0.58 0.2
24 33 0.66 0.22
24 34 0.61 0.24
24 35 0.43 0.21
24 36 0.43 0.26
24 37 0.66 0.2
24 38 0.7 0.24
24 39 0.57 0.26
24 40 0.7 0.15
24 41 0.46 0.12
24 42 0.62 0.24
24 43 0.63 0.25
24 44 0.42 0.33
24 45 0.65 0.27
24 46 0.5 0.22
24 47 0.7 0.22
24 48 0.75 0.21
24 49 0.56 0.23
24 50 0.81 0.09
25 26 0.64 0.25
25 27 0.46 0.11
25 28 0.48 0.07
25 29 0.57 0.22
25 30 0.56 0.24
25 31 0.34 0.23
25 32 0.73 0.21
25 33 0.42 0.1
25 34 0.49 0.23
25 35 0.54 0.22
25 36 0.61 0.24
25 37 0.38 0.24
25 38 0.66 0.19
25 39 0.62 0.15
25 40 0.73 0.25
25 41 0.58 0.22
25 42 0.58 0.23
25 43 0.5 0.24
25 44 0.53 0.21
25 45 0.42 0.2
25 46 0.56 0.25
25 47 0.54 0.21
25 48 0.42 0.27
25 49 0.47 0.25
25 50 0.49 0.21
26 27 0.56 0.21
26 28 0.44 0.26
26 29 0.73 0.27
26 30 0.32 0.24
26 31 0.78 0.18
26 32 0.67 0.28
26 33 0.27 0.2
26 34 0.47 0.24
26 35 0.48 0.29
26 36 0.38 0.18
26 37 0.7 0.28
26 38 0.7 0.28
26 39 0.72 0.24
26 40 0.68 0.23
26 41 0.56 0.16
26 42 0.49 0.28
26 43 0.66 0.24
26 44 0.7 0.31
26 45 0.72 0.26
26 46 0.46 0.22
26 47 0.48 0.24
26 48 0.4 0.2
26 49 0.43 0.26
26 50 0.52 0.12
27 28 0.58 0.18
27 29 0.48 0.13
27 30 0.56 0.24
27 31 0.44 0.27
27 32 0.27 0.16
27 33 0.46 0.01
27 34 0.4 0.22
27 35 0.56 0.13
27 36 0.56 0.26
27 37 0.36 0.19
27 38 0.43 0.16
27 39 0.51 0.22
27 40 0.36 0.16
27 41 0.12 0.11
27 42 0.62 0.21
27 43 0.51 0.2
27 44 0.7 0.1
27 45 0.68 0.22
27 46 0.58 0.23
27 47 0.56 0.19
27 48 0.65 0.21
27 49 0.53 0.15
27 50 0.54 0.2
28 29 0.52 0.29
28 30 0.45 0.31
28 31 0.66 0.3
28 32 0.63 0.25
28 33 0.71 0.17
28 34 0.62 0.25
28 35 0.4 0.28
28 36 0.3 0.28
28 37 0.48 0.26
28 38 0.64 0.26
28 39 0.28 0.2
28 40 0.71 0.31
28 41 0.46 0.28
28 42 0.66 0.16
28 43 0.6 0.21
28 44 0.61 0.2
28 45 0.54 0.22
28 46 0.49 0.29
28 47 0.74 0.28
28 48 0.63 0.29
28 49 0.49 0.18
28 50 0.69 0.27
29 30 0.62 0.26
29 31 0.63 0.26
29 32 0.59 0.19
29 33 0.52 0.12
29 34 0.66 0.27
29 35 0.5 0.24
29 36 0.56 0.27
29 37 0.51 0.16
29 38 0.66 0.13
29 39 0.46 0.22
29 40 0.41 0.04
29 41 0.49 0.18
29 42 0.82 0.27
29 43 0.52 0.14
29 44 0.55 0.23
29 45 0.42 0.12
29 46 0.52 0.24
29 47 0.72 0.24
29 48 0.48 0.28
29 49 0.58 0.22
29 50 0.78 0.16
30 31 0.54 0.16
30 32 0.68 0.08
30 33 0.42 0.25
30 34 0.52 0.23
30 35 0.44 0.29
30 36 0.7 0.3
30 37 0.38 0.11
30 38 0.7 0.14
30 39 0.61 0.14
30 40 0.58 0.22
30 41 0.44 0.26
30 42 0.6 0.3
30 43 0.64 0.16
30 44 0.38 0.27
30 45 0.5 0.18
30 46 0.66 0.24
30 47 0.46 0.22
30 48 0.29 0.16
30 49 0.58 0.18
30 50 0.68 0.21
31 32 0.54 0.24
31 33 0.68 0.26
31 34 0.68 0.23
31 35 0.58 0.3
31 36 0.5 0.16
31 37 0.72 0.22
31 38 0.84 0.28
31 39 0.64 0.29
31 40 0.6 0.3
31 41 0.56 0.33
31 42 0.8 0.28
31 43 0.45 0.24
31 44 0.57 0.26
31 45 0.49 0.14
31 46 0.52 0.32
31 47 0.6 0.25
31 48 0.54 0.24
31 49 0.55 0.14
31 50 0.65 0.25
32 33 0.4 0.17
32 34 0.53 0.26
32 35 0.71 0.21
32 36 0.56 0.22
32 37 0.52 0.03
32 38 0.59 0.18
32 39 0.4 0.06
32 40 0.56 0.18
32 41 0.28 0.18
32 42 0.78 0.3
32 43 0.46 0.08
32 44 0.86 0.23
32 45 0.66 0.11
32 46 0.56 0.16
32 47 0.5 0.22
32 48 0.46 0.24
32 49 0.7 0.19
32 50 0.7 0.2
33 34 0.57 0.23
33 35 0.58 0.12
33 36 0.48 0.25
33 37 0.63 0.2
33 38 0.66 0.17
33 39 0.47 0.23
33 40 0.6 0.16
33 41 0.51 0.12
33 42 0.71 0.2
33 43 0.53 0.21
33 44 0.64 0.11
33 45 0.62 0.23
33 46 0.24 0.22
33 47 0.3 0.2
33 48 0.41 0.2
33 49 0.5 0.16
33 50 0.73 0.19
34 35 0.22 0.17
34 36 0.71 0.12
34 37 0.64 0.28
34 38 0.65 0.21
34 39 0.54 0.22
34 40 0.44 0.23
34 41 0.41 0.12
34 42 0.64 0.24
34 43 0.62 0.22
34 44 0.65 0.24
34 45 0.62 0.24
34 46 0.6 0.28
34 47 0.72 0.32
34 48 0.78 0.3
34 49 0.6 0.09
34 50 0.61 0.27
35 36 0.5 0.25
35 37 0.49 0.18
35 38 0.5 0.29
35 39 0.53 0.26
35 40 0.57 0.24
35 41 0.44 0.24
35 42 0.48 0.2
35 43 0.45 0.16
35 44 0.72 0.23
35 45 0.54 0.16
35 46 0.44 0.26
35 47 0.73 0.22
35 48 0.72 0.28
35 49 0.54 0.16
35 50 0.58 0.18
36 37 0.67 0.25
36 38 0.6 0.21
36 39 0.52 0.28
36 40 0.64 0.23
36 41 0.48 0.24
36 42 0.49 0.12
36 43 0.58 0.18
36 44 0.65 0.31
36 45 0.68 0.28
36 46 0.58 0.16
36 47 0.64 0.24
36 48 0.51 0.3
36 49 0.3 0.2
36 50 0.48 0.3
37 38 0.49 0.21
37 39 0.34 0.09
37 40 0.38 0.2
37 41 0.24 0.21
37 42 0.56 0.28
37 43 0.44 0.11
37 44 0.76 0.2
37 45 0.6 0.08
37 46 0.47 0.19
37 47 0.56 0.2
37 48 0.34 0.24
37 49 0.64 0.21
37 50 0.66 0.17
38 39 0.66 0.2
38 40 0.53 0.09
38 41 0.31 0.24
38 42 0.67 0.3
38 43 0.54 0.14
38 44 0.52 0.26
38 45 0.61 0.23
38 46 0.42 0.22
38 47 0.5 0.23
38 48 0.53 0.23
38 49 0.74 0.17
38 50 0.48 0.16
39 40 0.59 0.24
39 41 0.58 0.24
39 42 0.6 0.27
39 43 0.55 0.14
39 44 0.72 0.29
39 45 0.26 0.17
39 46 0.64 0.22
39 47 0.64 0.28
39 48 0.52 0.3
39 49 0.3 0.15
39 50 0.52 0.26
40 41 0.37 0.22
40 42 0.48 0.23
40 43 0.69 0.1
40 44 0.74 0.26
40 45 0.62 0.16
40 46 0.46 0.22
40 47 0.36 0.25
40 48 0.53 0.24
40 49 0.52 0.23
40 50 0.46 0.12
41 42 0.5 0.12
41 43 0.46 0.17
41 44 0.58 0.21
41 45 0.56 0.26
41 46 0.62 0.22
41 47 0.44 0.28
41 48 0.54 0.32
41 49 0.6 0.19
41 50 0.42 0.18
42 43 0.54 0.29
42 44 0.61 0.31
42 45 0.64 0.2
42 46 0.52 0.28
42 47 0.81 0.26
42 48 0.58 0.32
42 49 0.56 0.3
42 50 0.53 0.3
43 44 0.48 0.22
43 45 0.6 0.1
43 46 0.48 0.12
43 47 0.68 0.22
43 48 0.45 0.26
43 49 0.75 0.23
43 50 0.61 0.22
44 45 0.58 0.12
44 46 0.4 0.28
44 47 0.67 0.28
44 48 0.48 0.22
44 49 0.52 0.22
44 50 0.58 0.29
45 46 0.62 0.22
45 47 0.74 0.16
45 48 0.76 0.16
45 49 0.5 0.16
45 50 0.36 0.2
46 47 0.54 0.29
46 48 0.65 0.31
46 49 0.68 0.33
46 50 0.49 0.19
47 48 0.32 0.06
47 49 0.34 0.23
47 50 0.62 0.19
48 49 0.3 0.22
48 50 0.72 0.18
49 50 0.77 0.2
node_demand
0.15
0.225
0.125
0.075
0.125
0.15
0.05
0.2
0.125
0.075
0.1
0.125
0.15
0.025
0.1
0.2
0.175
0.05
0.2
0.05
0.075
0.2
0.1
0.175
0.15
0.05
0.2
0.075
0.175
0.05
0.1
0.1
0.225
0.125
0.175
0.175
0.175
0.05
0.15
0.225
0.175
0.15
0.125
0.15
0.025
0.15
0.025
0.075
0.15
0.075
