50
0 1 0.69 0.26
0 2 0.6 0.25
0 3 0.27 0.2
0 4 0.45 0.25
0 5 0.7 0.22
0 6 0.49 0.27
0 7 0.63 0.31
0 8 0.77 0.27
0 9 0.45 0.28
0 10 0.82 0.3
0 11 0.61 0.22
0 12 0.67 0.1
0 13 0.74 0.19
0 14 0.65 0.25
0 15 0.86 0.29
0 16 0.56 0.25
0 17 0.66 0.23
0 18 0.76 0.31
0 19 0.68 0.27
0 20 0.65 0.2
0 21 0.58 0.36
0 22 0.74 0.24
0 23 0.49 0.2
0 24 0.48 0.21
0 25 0.63 0.3
0 26 0.37 0.18
0 27 0.48 0.23
0 28 0.69 0.27
0 29 0.67 0.32
0 30 0.48 0.25
0 31 0.56 0.25
0 32 0.44 0.24
0 33 0.5 0.3
0 34 0.5 0.31
0 35 0.48 0.22
0 36 0.44 0.28
0 37 0.58 0.32
0 38 0.66 0.23
0 39 0.74 0.22
0 40 0.55 0.23
0 41 0.45 0.17
0 42 0.68 0.23
0 43 0.26 0.23
0 44 0.58 0.18
0 45 0.76 0.22
0 46 0.54 0.2
0 47 0.4 0.12
0 48 0.76 0.14
0 49 0.64 0.18
0 50 0.52 0.29
1 2 0.61 0.24
1 3 0.48 0.21
1 4 0.76 0.28
1 5 0.56 0.16
1 6 0.74 0.14
1 7 0.32 0.31
1 8 0.48 0.21
1 9 0.54 0.29
1 10 0.88 0.24
1 11 0.72 0.26
1 12 0.54 0.23
1 13 0.25 0.13
1 14 0.44 0.19
1 15 0.78 0.23
1 16 0.62 0.19
1 17 0.68 0.24
1 18 0.47 0.18
1 19 0.56 0.1
1 20 0.8 0.22
1 21 0.65 0.3
1 22 0.52 0.18
1 23 0.54 0.24
1 24 0.6 0.27
1 25 0.49 0.3
1 26 0.34 0.24
1 27 0.4 0.23
1 28 0.62 0.24
1 29 0.54 0.31
1 30 0.65 0.2
1 31 0.72 0.2
1 32 0.78 0.31
1 33 0.67 0.31
1 34 0.6 0.18
1 35 0.68 0.18
1 36 0.62 0.25
1 37 0.51 0.24
1 38 0.6 0.18
1 39 0.64 0.18
1 40 0.57 0.1
1 41 0.55 0.19
1 42 0.66 0.25
1 43 0.43 0.22
1 44 0.63 0.24
1 45 0.34 0.17
1 46 0.5 0.14
1 47 0.58 0.14
1 48 0.57 0.2
1 49 0.71 0.22
1 50 0.72 0.24
2 3 0.74 0.12
2 4 0.69 0.21
2 5 0.72 0.22
2 6 0.44 0.18
2 7 0.52 0.2
2 8 0.32 0.2
2 9 0.7 0.2
2 10 0.62 0.2
2 11 0.63 0.18
2 12 0.5 0.24
2 13 0.59 0.22
2 14 0.52 0.28
2 15 0.8 0.28
2 16 0.6 0.28
2 17 0.56 0.2
2 18 0.3 0.14
2 19 0.51 0.26
2 20 0.54 0.18
2 21 0.4 0.23
2 22 0.6 0.14
2 23 0.44 0.15
2 24 0.74 0.21
2 25 0.72 0.19
2 26 0.62 0.2
2 27 0.51 0.12
2 28 0.24 0.08
2 29 0.58 0.15
2 30 0.27 0.07
2 31 0.78 0.16
2 32 0.72 0.19
2 33 0.55 0.22
2 34 0.54 0.18
2 35 0.54 0.06
2 36 0.31 0.16
2 37 0.43 0.08
2 38 0.6 0.09
2 39 0.56 0.06
2 40 0.49 0.14
2 41 0.35 0.08
2 42 0.58 0.12
2 43 0.49 0.09
2 44 0.7 0.14
2 45 0.46 0.26
2 46 0.44 0.1
2 47 0.68 0.13
2 48 0.67 0.16
2 49 0.63 0.14
2 50 0.58 0.15
3 4 0.32 0.17
3 5 0.58 0.17
3 6 0.66 0.15
3 7 0.67 0.18
3 8 0.58 0.22
3 9 0.52 0.08
3 10 0.61 0.17
3 11 0.67 0.21
3 12 0.46 0.12
3 13 0.63 0.14
3 14 0.73 0.2
3 15 0.8 0.24
3 16 0.54 0.2
3 17 0.71 0.25
3 18 0.58 0.19
3 19 0.54 0.16
3 20 0.38 0.16
3 21 0.59 0.16
3 22 0.47 0.15
3 23 0.4 0.13
3 24 0.48 0.27
3 25 0.36 0.17
3 26 0.45 0.23
3 27 0.53 0.1
3 28 0.57 0.14
3 29 0.63 0.2
3 30 0.72 0.05
3 31 0.47 0.06
3 32 0.61 0.17
3 33 0.48 0.1
3 34 0.48 0.12
3 35 0.62 0.13
3 36 0.52 0.17
3 37 0.73 0.2
3 38 0.44 0.03
3 39 0.56 0.13
3 40 0.68 0.11
3 41 0.66 0.14
3 42 0.69 0.1
3 43 0.5 0.07
3 44 0.4 0.2
3 45 0.62 0.23
3 46 0.65 0.15
3 47 0.13 0.12
3 48 0.6 0.21
3 49 0.55 0.17
3 50 0.57 0.09
4 5 0.41 0.25
4 6 0.67 0.22
4 7 0.58 0.28
4 8 0.63 0.19
4 9 0.65 0.25
4 10 0.67 0.24
4 11 0.63 0.11
4 12 0.22 0.18
4 13 0.6 0.22
4 14 0.66 0.26
4 15 0.56 0.12
4 16 0.41 0.28
4 17 0.49 0.2
4 18 0.6 0.25
4 19 0.54 0.32
4 20 0.26 0.1
4 21 0.52 0.23
4 22 0.58 0.18
4 23 0.6 0.19
4 24 0.58 0.25
4 25 0.48 0.27
4 26 0.68 0.15
4 27 0.43 0.2
4 28 0.54 0.2
4 29 0.53 0.3
4 30 0.57 0.16
4 31 0.49 0.23
4 32 0.8 0.28
4 33 0.68 0.24
4 34 0.54 0.26
4 35 0.63 0.15
4 36 0.54 0.18
4 37 0.66 0.26
4 38 0.21 0.14
4 39 0.43 0.15
4 40 0.45 0.18
4 41 0.34 0.21
4 42 0.78 0.16
4 43 0.71 0.17
4 44 0.34 0.15
4 45 0.56 0.28
4 46 0.66 0.14
4 47 0.45 0.23
4 48 0.51 0.11
4 49 0.6 0.07
4 50 0.62 0.2
5 6 0.56 0.21
5 7 0.71 0.21
5 8 0.58 0.11
5 9 0.72 0.25
5 10 0.72 0.25
5 11 0.68 0.19
5 12 0.47 0.29
5 13 0.31 0.03
5 14 0.59 0.09
5 15 0.53 0.13
5 16 0.62 0.09
5 17 0.38 0.28
5 18 0.74 0.17
5 19 0.54 0.21
5 20 0.65 0.23
5 21 0.66 0.21
5 22 0.63 0.22
5 23 0.46 0.26
5 24 0.66 0.17
5 25 0.62 0.26
5 26 0.52 0.18
5 27 0.66 0.13
5 28 0.48 0.19
5 29 0.52 0.22
5 30 0.58 0.18
5 31 0.38 0.11
5 32 0.44 0.23
5 33 0.62 0.27
5 34 0.56 0.17
5 35 0.64 0.16
5 36 0.64 0.15
5 37 0.37 0.23
5 38 0.55 0.2
5 39 0.7 0.16
5 40 0.5 0.22
5 41 0.75 0.19
5 42 0.56 0.22
5 43 0.44 0.16
5 44 0.48 0.25
5 45 0.34 0.27
5 46 0.46 0.18
5 47 0.57 0.19
5 48 0.67 0.21
5 49 0.53 0.23
5 50 0.66 0.24
6 7 0.59 0.23
6 8 0.7 0.1
6 9 0.4 0.23
6 10 0.68 0.18
6 11 0.46 0.12
6 12 0.45 0.17
6 13 0.66 0.18
6 14 0.53 0.24
6 15 0.79 0.11
6 16 0.66 0.24
6 17 0.18 0.12
6 18 0.27 0.04
6 19 0.48 0.2
6 20 0.7 0.16
6 21 0.56 0.27
6 22 0.57 0.12
6 23 0.6 0.18
6 24 0.46 0.16
6 25 0.3 0.26
6 26 0.48 0.18
6 27 0.44 0.19
6 28 0.4 0.18
6 29 0.34 0.27
6 30 0.57 0.14
6 31 0.8 0.1
6 32 0.72 0.22
6 33 0.42 0.25
6 34 0.65 0.04
6 35 0.32 0.12
6 36 0.54 0.16
6 37 0.62 0.21
6 38 0.52 0.12
6 39 0.72 0.12
6 40 0.36 0.04
6 41 0.48 0.18
6 42 0.5 0.19
6 43 0.66 0.16
6 44 0.44 0.18
6 45 0.48 0.2
6 46 0.5 0.08
6 47 0.64 0.23
6 48 0.63 0.14
6 49 0.62 0.16
6 50 0.55 0.17
7 8 0.64 0.26
7 9 0.28 0.14
7 10 0.83 0.29
7 11 0.54 0.25
7 12 0.49 0.3
7 13 0.52 0.18
7 14 0.42 0.24
7 15 0.5 0.28
7 16 0.49 0.22
7 17 0.6 0.25
7 18 0.65 0.23
7 19 0.56 0.27
7 20 0.48 0.2
7 21 0.58 0.22
7 22 0.73 0.23
7 23 0.65 0.21
7 24 0.82 0.27
7 25 0.67 0.21
7 26 0.63 0.28
7 27 0.15 0.08
7 28 0.62 0.25
7 29 0.5 0.18
7 30 0.73 0.13
7 31 0.65 0.22
7 32 0.61 0.25
7 33 0.46 0.16
7 34 0.3 0.19
7 35 0.65 0.17
7 36 0.37 0.21
7 37 0.78 0.25
7 38 0.37 0.15
7 39 0.69 0.17
7 40 0.48 0.23
7 41 0.31 0.14
7 42 0.58 0.22
7 43 0.66 0.11
7 44 0.59 0.2
7 45 0.56 0.26
7 46 0.66 0.21
7 47 0.55 0.19
7 48 0.49 0.24
7 49 0.63 0.21
7 50 0.58 0.1
8 9 0.6 0.25
8 10 0.7 0.19
8 11 0.46 0.08
8 12 0.75 0.27
8 13 0.27 0.08
8 14 0.49 0.14
8 15 0.68 0.18
8 16 0.72 0.14
8 17 0.64 0.2
8 18 0.46 0.06
8 19 0.6 0.23
8 20 0.46 0.22
8 21 0.61 0.26
8 22 0.59 0.14
8 23 0.51 0.2
8 24 0.72 0.06
8 25 0.7 0.28
8 26 0.71 0.2
8 27 0.54 0.18
8 28 0.56 0.2
8 29 0.38 0.17
8 30 0.59 0.22
8 31 0.7 0.16
8 32 0.55 0.12
8 33 0.48 0.24
8 34 0.79 0.14
8 35 0.79 0.14
8 36 0.63 0.2
8 37 0.48 0.18
8 38 0.42 0.22
8 39 0.64 0.14
8 40 0.64 0.14
8 41 0.62 0.19
8 42 0.44 0.24
8 43 0.72 0.2
8 44 0.64 0.2
8 45 0.58 0.16
8 46 0.54 0.1
8 47 0.45 0.22
8 48 0.44 0.16
8 49 0.58 0.12
8 50 0.74 0.19
9 10 0.68 0.25
9 11 0.52 0.24
9 12 0.59 0.2
9 13 0.64 0.22
9 14 0.52 0.28
9 15 0.63 0.32
9 16 0.7 0.28
9 17 0.56 0.18
9 18 0.5 0.27
9 19 0.7 0.24
9 20 0.74 0.16
9 21 0.7 0.08
9 22 0.76 0.19
9 23 0.64 0.21
9 24 0.77 0.2
9 25 0.7 0.25
9 26 0.66 0.2
9 27 0.43 0.18
9 28 0.52 0.22
9 29 0.22 0.14
9 30 0.51 0.13
9 31 0.46 0.14
9 32 0.52 0.25
9 33 0.32 0.02
9 34 0.58 0.2
9 35 0.66 0.19
9 36 0.65 0.24
9 37 0.5 0.21
9 38 0.44 0.11
9 39 0.59 0.19
9 40 0.68 0.19
9 41 0.57 0.22
9 42 0.49 0.18
9 43 0.38 0.15
9 44 0.56 0.2
9 45 0.84 0.26
9 46 0.56 0.15
9 47 0.65 0.2
9 48 0.51 0.16
9 49 0.65 0.2
9 50 0.45 0.17
10 11 0.62 0.2
10 12 0.6 0.27
10 13 0.68 0.25
10 14 0.81 0.31
10 15 0.48 0.2
10 16 0.44 0.2
10 17 0.52 0.2
10 18 0.57 0.22
10 19 0.61 0.3
10 20 0.63 0.22
10 21 0.46 0.21
10 22 0.36 0.06
10 23 0.54 0.2
10 24 0.64 0.25
10 25 0.71 0.16
10 26 0.9 0.2
10 27 0.68 0.21
10 28 0.52 0.12
10 29 0.62 0.27
10 30 0.6 0.16
10 31 0.62 0.2
10 32 0.45 0.07
10 33 0.56 0.27
10 34 0.76 0.16
10 35 0.61 0.14
10 36 0.81 0.24
10 37 0.76 0.23
10 38 0.54 0.14
10 39 0.47 0.14
10 40 0.38 0.14
10 41 0.52 0.26
10 42 0.85 0.16
10 43 0.78 0.18
10 44 0.57 0.2
10 45 0.6 0.28
10 46 0.57 0.1
10 47 0.73 0.28
10 48 0.45 0.16
10 49 0.31 0.2
10 50 0.44 0.2
11 12 0.73 0.26
11 13 0.73 0.16
11 14 0.53 0.22
11 15 0.64 0.23
11 16 0.58 0.22
11 17 0.51 0.17
11 18 0.64 0.14
11 19 0.78 0.21
11 20 0.58 0.14
11 21 0.57 0.28
11 22 0.76 0.14
11 23 0.59 0.16
11 24 0.68 0.14
11 25 0.62 0.2
11 26 0.38 0.12
11 27 0.39 0.17
11 28 0.39 0.12
11 29 0.6 0.21
11 30 0.44 0.16
11 31 0.65 0.2
11 32 0.53 0.18
11 33 0.47 0.23
11 34 0.46 0.16
11 35 0.6 0.12
11 36 0.69 0.22
11 37 0.7 0.26
11 38 0.61 0.18
11 39 0.52 0.12
11 40 0.66 0.16
11 41 0.55 0.18
11 42 0.76 0.16
11 43 0.35 0.14
11 44 0.48 0.12
11 45 0.72 0.24
11 46 0.46 0.14
11 47 0.54 0.14
11 48 0.5 0.08
11 49 0.64 0.04
11 50 0.64 0.17
12 13 0.68 0.26
12 14 0.61 0.25
12 15 0.34 0.28
12 16 0.6 0.32
12 17 0.27 0.27
12 18 0.65 0.21
12 19 0.76 0.28
12 20 0.31 0.19
12 21 0.71 0.27
12 22 0.36 0.21
12 23 0.62 0.25
12 24 0.55 0.26
12 25 0.6 0.29
12 26 0.59 0.14
12 27 0.34 0.22
12 28 0.52 0.17
12 29 0.37 0.22
12 30 0.74 0.17
12 31 0.71 0.18
12 32 0.63 0.29
12 33 0.51 0.22
12 34 0.69 0.21
12 35 0.62 0.21
12 36 0.76 0.22
12 37 0.57 0.29
12 38 0.43 0.15
12 39 0.55 0.21
12 40 0.67 0.13
12 41 0.5 0.21
12 42 0.62 0.13
12 43 0.85 0.19
12 44 0.46 0.22
12 45 0.6 0.32
12 46 0.74 0.17
12 47 0.4 0.16
12 48 0.42 0.18
12 49 0.4 0.22
12 50 0.62 0.21
13 14 0.28 0.06
13 15 0.53 0.1
13 16 0.62 0.06
13 17 0.66 0.25
13 18 0.62 0.14
13 19 0.66 0.18
13 20 0.66 0.2
13 21 0.4 0.18
13 22 0.32 0.19
13 23 0.54 0.23
13 24 0.6 0.14
13 25 0.56 0.23
13 26 0.56 0.15
13 27 0.48 0.1
13 28 0.62 0.16
13 29 0.54 0.2
13 30 0.69 0.15
13 31 0.6 0.08
13 32 0.64 0.2
13 33 0.42 0.24
13 34 0.52 0.14
13 35 0.64 0.18
13 36 0.7 0.12
13 37 0.26 0.2
13 38 0.52 0.17
13 39 0.39 0.18
13 40 0.38 0.19
13 41 0.48 0.16
13 42 0.48 0.2
13 43 0.48 0.13
13 44 0.69 0.22
13 45 0.59 0.24
13 46 0.6 0.15
13 47 0.5 0.16
13 48 0.59 0.19
13 49 0.56 0.2
13 50 0.57 0.23
14 15 0.78 0.16
14 16 0.87 0.12
14 17 0.52 0.24
14 18 0.62 0.2
14 19 0.6 0.24
14 20 0.48 0.21
14 21 0.52 0.24
14 22 0.6 0.25
14 23 0.62 0.29
14 24 0.8 0.2
14 25 0.78 0.18
14 26 0.28 0.11
14 27 0.27 0.16
14 28 0.72 0.22
14 29 0.5 0.26
14 30 0.79 0.21
14 31 0.66 0.14
14 32 0.36 0.26
14 33 0.7 0.3
14 34 0.58 0.2
14 35 0.74 0.24
14 36 0.59 0.18
14 37 0.54 0.26
14 38 0.49 0.23
14 39 0.67 0.24
14 40 0.66 0.25
14 41 0.43 0.22
14 42 0.76 0.24
14 43 0.62 0.19
14 44 0.66 0.19
14 45 0.32 0.18
14 46 0.64 0.21
14 47 0.67 0.22
14 48 0.61 0.15
14 49 0.5 0.19
14 50 0.7 0.29
15 16 0.57 0.16
15 17 0.61 0.23
15 18 0.66 0.15
15 19 0.49 0.28
15 20 0.48 0.22
15 21 0.66 0.28
15 22 0.66 0.14
15 23 0.64 0.28
15 24 0.73 0.24
15 25 0.63 0.24
15 26 0.66 0.24
15 27 0.65 0.2
15 28 0.6 0.2
15 29 0.71 0.3
15 30 0.53 0.24
15 31 0.82 0.18
15 32 0.77 0.27
15 33 0.56 0.34
15 34 0.48 0.15
15 35 0.63 0.22
15 36 0.49 0.22
15 37 0.79 0.3
15 38 0.54 0.23
15 39 0.73 0.22
15 40 0.78 0.15
15 41 0.76 0.22
15 42 0.66 0.22
15 43 0.72 0.23
15 44 0.49 0.16
15 45 0.58 0.24
15 46 0.46 0.18
15 47 0.72 0.26
15 48 0.54 0.2
15 49 0.4 0.19
15 50 0.52 0.28
16 17 0.58 0.31
16 18 0.62 0.2
16 19 0.66 0.24
16 20 0.67 0.21
16 21 0.69 0.24
16 22 0.73 0.25
16 23 0.56 0.29
16 24 0.58 0.2
16 25 0.82 0.29
16 26 0.59 0.21
16 27 0.6 0.16
16 28 0.62 0.22
16 29 0.7 0.26
16 30 0.65 0.21
16 31 0.78 0.14
16 32 0.64 0.26
16 33 0.44 0.3
16 34 0.62 0.2
16 35 0.45 0.24
16 36 0.82 0.18
16 37 0.52 0.23
16 38 0.58 0.23
16 39 0.72 0.24
16 40 0.46 0.25
16 41 0.72 0.22
16 42 0.7 0.26
16 43 0.82 0.19
16 44 0.68 0.28
16 45 0.62 0.3
16 46 0.84 0.21
16 47 0.41 0.22
16 48 0.52 0.25
16 49 0.46 0.26
16 50 0.48 0.29
17 18 0.45 0.16
17 19 0.66 0.15
17 20 0.53 0.15
17 21 0.44 0.26
17 22 0.6 0.14
17 23 0.54 0.2
17 24 0.28 0.14
17 25 0.48 0.25
17 26 0.6 0.13
17 27 0.61 0.18
17 28 0.55 0.2
17 29 0.52 0.28
17 30 0.49 0.22
17 31 0.76 0.22
17 32 0.55 0.27
17 33 0.24 0.2
17 34 0.65 0.16
17 35 0.5 0.14
17 36 0.72 0.22
17 37 0.44 0.23
17 38 0.7 0.22
17 39 0.6 0.14
17 40 0.54 0.14
17 41 0.66 0.19
17 42 0.66 0.21
17 43 0.71 0.2
17 44 0.54 0.13
17 45 0.47 0.08
17 46 0.55 0.1
17 47 0.58 0.24
17 48 0.69 0.09
17 49 0.61 0.13
17 50 0.64 0.25
18 19 0.21 0.18
18 20 0.6 0.2
18 21 0.6 0.31
18 22 0.3 0.16
18 23 0.68 0.22
18 24 0.62 0.12
18 25 0.46 0.3
18 26 0.64 0.22
18 27 0.5 0.23
18 28 0.54 0.22
18 29 0.28 0.23
18 30 0.57 0.18
18 31 0.69 0.14
18 32 0.46 0.18
18 33 0.61 0.29
18 34 0.54 0.08
18 35 0.59 0.16
18 36 0.61 0.2
18 37 0.56 0.22
18 38 0.6 0.16
18 39 0.52 0.16
18 40 0.63 0.08
18 41 0.63 0.22
18 42 0.28 0.23
18 43 0.62 0.2
18 44 0.56 0.22
18 45 0.4 0.22
18 46 0.59 0.12
18 47 0.48 0.27
18 48 0.64 0.18
18 49 0.64 0.18
18 50 0.28 0.13
19 20 0.7 0.28
19 21 0.63 0.32
19 22 0.51 0.24
19 23 0.47 0.29
19 24 0.52 0.24
19 25 0.67 0.26
19 26 0.44 0.28
19 27 0.58 0.24
19 28 0.51 0.18
19 29 0.49 0.26
19 30 0.4 0.21
19 31 0.64 0.1
19 32 0.36 0.28
19 33 0.66 0.26
19 34 0.54 0.16
19 35 0.64 0.23
19 36 0.75 0.21
19 37 0.4 0.29
19 38 0.62 0.19
19 39 0.6 0.23
19 40 0.82 0.2
19 41 0.74 0.18
19 42 0.49 0.22
19 43 0.62 0.23
19 44 0.68 0.24
19 45 0.6 0.07
19 46 0.67 0.24
19 47 0.66 0.23
19 48 0.76 0.24
19 49 0.64 0.25
19 50 0.49 0.25
20 21 0.52 0.2
20 22 0.66 0.16
20 23 0.5 0.22
20 24 0.67 0.28
20 25 0.45 0.22
20 26 0.66 0.1
20 27 0.63 0.12
20 28 0.3 0.1
20 29 0.68 0.22
20 30 0.76 0.15
20 31 0.72 0.18
20 32 0.74 0.27
20 33 0.42 0.14
20 34 0.52 0.16
20 35 0.62 0.16
20 36 0.53 0.08
20 37 0.49 0.16
20 38 0.44 0.13
20 39 0.62 0.16
20 40 0.58 0.12
20 41 0.6 0.16
20 42 0.67 0.06
20 43 0.54 0.15
20 44 0.31 0.1
20 45 0.57 0.22
20 46 0.61 0.12
20 47 0.51 0.18
20 48 0.54 0.06
20 49 0.57 0.1
20 50 0.36 0.1
21 22 0.72 0.15
21 23 0.32 0.24
21 24 0.46 0.24
21 25 0.58 0.24
21 26 0.74 0.28
21 27 0.43 0.17
21 28 0.22 0.18
21 29 0.58 0.22
21 30 0.54 0.16
21 31 0.59 0.22
21 32 0.62 0.28
21 33 0.56 0.06
21 34 0.6 0.28
21 35 0.24 0.2
21 36 0.58 0.24
21 37 0.52 0.29
21 38 0.31 0.18
21 39 0.54 0.2
21 40 0.55 0.23
21 41 0.5 0.23
21 42 0.59 0.22
21 43 0.32 0.14
21 44 0.7 0.24
21 45 0.52 0.34
21 46 0.2 0.19
21 47 0.66 0.28
21 48 0.46 0.24
21 49 0.54 0.24
21 50 0.49 0.24
22 23 0.81 0.14
22 24 0.32 0.2
22 25 0.64 0.21
22 26 0.84 0.14
22 27 0.58 0.15
22 28 0.78 0.06
22 29 0.58 0.24
22 30 0.46 0.1
22 31 0.51 0.14
22 32 0.49 0.13
22 33 0.47 0.21
22 34 0.76 0.16
22 35 0.48 0.08
22 36 0.68 0.18
22 37 0.58 0.17
22 38 0.68 0.12
22 39 0.57 0.08
22 40 0.44 0.08
22 41 0.74 0.2
22 42 0.58 0.1
22 43 0.65 0.12
22 44 0.64 0.14
22 45 0.7 0.22
22 46 0.8 0.04
22 47 0.52 0.22
22 48 0.74 0.1
22 49 0.65 0.14
22 50 0.49 0.18
23 24 0.49 0.26
23 25 0.65 0.2
23 26 0.76 0.2
23 27 0.66 0.13
23 28 0.2 0.14
23 29 0.61 0.23
23 30 0.4 0.08
23 31 0.73 0.19
23 32 0.74 0.2
23 33 0.57 0.23
23 34 0.35 0.22
23 35 0.54 0.12
23 36 0.6 0.2
23 37 0.33 0.23
23 38 0.63 0.1
23 39 0.52 0.12
23 40 0.6 0.14
23 41 0.5 0.18
23 42 0.57 0.17
23 43 0.62 0.1
23 44 0.51 0.2
23 45 0.6 0.28
23 46 0.29 0.1
23 47 0.53 0.23
23 48 0.52 0.16
23 49 0.43 0.12
23 50 0.64 0.16
24 25 0.6 0.3
24 26 0.55 0.26
24 27 0.68 0.19
24 28 0.54 0.26
24 29 0.55 0.23
24 30 0.56 0.23
24 31 0.7 0.21
24 32 0.65 0.18
24 33 0.5 0.18
24 34 0.84 0.2
24 35 0.63 0.18
24 36 0.76 0.26
24 37 0.72 0.24
24 38 0.61 0.25
24 39 0.67 0.18
24 40 0.37 0.2
24 41 0.53 0.13
24 42 0.6 0.3
24 43 0.5 0.22
24 44 0.59 0.19
24 45 0.72 0.22
24 46 0.6 0.16
24 47 0.54 0.18
24 48 0.47 0.22
24 49 0.33 0.18
24 50 0.81 0.25
25 26 0.78 0.2
25 27 0.58 0.13
25 28 0.48 0.15
25 29 0.63 0.23
25 30 0.62 0.12
25 31 0.7 0.23
25 32 0.44 0.23
25 33 0.56 0.27
25 34 0.56 0.23
25 35 0.62 0.16
25 36 0.64 0.2
25 37 0.61 0.27
25 38 0.6 0.14
25 39 0.74 0.16
25 40 0.66 0.22
25 41 0.64 0.18
25 42 0.74 0.19
25 43 0.69 0.1
25 44 0.14 0.12
25 45 0.61 0.33
25 46 0.38 0.2
25 47 0.41 0.23
25 48 0.54 0.16
25 49 0.4 0.2
25 50 0.66 0.2
26 27 0.48 0.2
26 28 0.73 0.17
26 29 0.7 0.29
26 30 0.62 0.2
26 31 0.38 0.22
26 32 0.64 0.27
26 33 0.66 0.22
26 34 0.54 0.22
26 35 0.78 0.14
26 36 0.31 0.18
26 37 0.54 0.23
26 38 0.66 0.2
26 39 0.44 0.14
26 40 0.78 0.14
26 41 0.48 0.14
26 42 0.54 0.13
26 43 0.42 0.18
26 44 0.71 0.08
26 45 0.53 0.21
26 46 0.77 0.1
26 47 0.58 0.19
26 48 0.53 0.04
26 49 0.67 0.08
26 50 0.75 0.2
27 28 0.62 0.17
27 29 0.44 0.1
27 30 0.58 0.05
27 31 0.5 0.14
27 32 0.46 0.17
27 33 0.61 0.2
27 34 0.45 0.2
27 35 0.5 0.09
27 36 0.52 0.13
27 37 0.72 0.17
27 38 0.22 0.07
27 39 0.54 0.09
27 40 0.46 0.15
27 41 0.16 0.06
27 42 0.66 0.14
27 43 0.73 0.03
27 44 0.44 0.12
27 45 0.59 0.24
27 46 0.54 0.13
27 47 0.4 0.11
27 48 0.34 0.16
27 49 0.48 0.13
27 50 0.54 0.13
28 29 0.53 0.23
28 30 0.51 0.13
28 31 0.81 0.08
28 32 0.59 0.19
28 33 0.72 0.24
28 34 0.55 0.14
28 35 0.46 0.14
28 36 0.55 0.18
28 37 0.53 0.16
28 38 0.53 0.11
28 39 0.32 0.14
28 40 0.4 0.14
28 41 0.47 0.16
28 42 0.37 0.04
28 43 0.54 0.15
28 44 0.57 0.2
28 45 0.4 0.25
28 46 0.31 0.1
28 47 0.44 0.16
28 48 0.52 0.16
28 49 0.48 0.16
28 50 0.52 0.17
29 30 0.52 0.15
29 31 0.54 0.24
29 32 0.54 0.2
29 33 0.54 0.16
29 34 0.8 0.3
29 35 0.66 0.19
29 36 0.55 0.15
29 37 0.28 0.07
29 38 0.32 0.17
29 39 0.63 0.19
29 40 0.56 0.24
29 41 0.35 0.16
29 42 0.56 0.23
29 43 0.6 0.13
29 44 0.74 0.22
29 45 0.68 0.29
29 46 0.72 0.2
29 47 0.5 0.21
29 48 0.62 0.25
29 49 0.48 0.23
29 50 0.56 0.23
30 31 0.52 0.11
30 32 0.58 0.12
30 33 0.37 0.15
30 34 0.72 0.17
30 35 0.66 0.08
30 36 0.43 0.12
30 37 0.7 0.15
30 38 0.36 0.02
30 39 0.72 0.08
30 40 0.56 0.1
30 41 0.6 0.1
30 42 0.64 0.09
30 43 0.22 0.02
30 44 0.48 0.16
30 45 0.64 0.26
30 46 0.36 0.12
30 47 0.73 0.15
30 48 0.6 0.16
30 49 0.64 0.12
30 50 0.61 0.08
31 32 0.56 0.23
31 33 0.56 0.16
31 34 0.54 0.06
31 35 0.7 0.19
31 36 0.6 0.17
31 37 0.72 0.24
31 38 0.28 0.09
31 39 0.56 0.19
31 40 0.52 0.14
31 41 0.56 0.08
31 42 0.7 0.12
31 43 0.3 0.13
31 44 0.56 0.14
31 45 0.62 0.17
31 46 0.78 0.18
31 47 0.49 0.13
31 48 0.74 0.18
31 49 0.69 0.22
31 50 0.53 0.15
32 33 0.79 0.27
32 34 0.7 0.23
32 35 0.86 0.16
32 36 0.72 0.24
32 37 0.68 0.27
32 38 0.68 0.14
32 39 0.38 0.16
32 40 0.67 0.21
32 41 0.62 0.22
32 42 0.51 0.21
32 43 0.57 0.14
32 44 0.58 0.27
32 45 0.44 0.28
32 46 0.45 0.17
32 47 0.48 0.27
32 48 0.54 0.23
32 49 0.58 0.22
32 50 0.67 0.2
33 34 0.48 0.22
33 35 0.34 0.18
33 36 0.71 0.22
33 37 0.64 0.23
33 38 0.5 0.13
33 39 0.49 0.18
33 40 0.72 0.21
33 41 0.52 0.24
33 42 0.76 0.2
33 43 0.59 0.17
33 44 0.42 0.18
33 45 0.7 0.28
33 46 0.52 0.17
33 47 0.45 0.22
33 48 0.46 0.18
33 49 0.39 0.19
33 50 0.49 0.19
34 35 0.82 0.16
34 36 0.64 0.2
34 37 0.68 0.25
34 38 0.67 0.15
34 39 0.6 0.16
34 40 0.49 0.08
34 41 0.55 0.14
34 42 0.68 0.18
34 43 0.5 0.19
34 44 0.64 0.2
34 45 0.26 0.22
34 46 0.58 0.12
34 47 0.38 0.19
34 48 0.4 0.18
34 49 0.54 0.2
34 50 0.76 0.21
35 36 0.71 0.16
35 37 0.58 0.14
35 38 0.42 0.1
35 39 0.52 0.0
35 40 0.66 0.08
35 41 0.58 0.14
35 42 0.54 0.17
35 43 0.44 0.06
35 44 0.56 0.14
35 45 0.72 0.22
35 46 0.44 0.04
35 47 0.52 0.19
35 48 0.44 0.1
35 49 0.3 0.08
35 50 0.64 0.16
36 37 0.69 0.08
36 38 0.72 0.14
36 39 0.34 0.16
36 40 0.62 0.2
36 41 0.66 0.19
36 42 0.78 0.14
36 43 0.65 0.1
36 44 0.67 0.18
36 45 0.77 0.14
36 46 0.46 0.2
36 47 0.65 0.16
36 48 0.43 0.14
36 49 0.57 0.18
36 50 0.67 0.18
37 38 0.6 0.17
37 39 0.35 0.14
37 40 0.54 0.17
37 41 0.63 0.16
37 42 0.34 0.2
37 43 0.68 0.17
37 44 0.48 0.22
37 45 0.48 0.22
37 46 0.46 0.13
37 47 0.69 0.2
37 48 0.55 0.19
37 49 0.69 0.22
37 50 0.6 0.23
38 39 0.51 0.1
38 40 0.24 0.08
38 41 0.38 0.12
38 42 0.85 0.07
38 43 0.58 0.04
38 44 0.51 0.18
38 45 0.77 0.26
38 46 0.51 0.12
38 47 0.57 0.15
38 48 0.56 0.18
38 49 0.6 0.14
38 50 0.6 0.06
39 40 0.52 0.08
39 41 0.68 0.14
39 42 0.6 0.17
39 43 0.62 0.06
39 44 0.6 0.14
39 45 0.69 0.22
39 46 0.52 0.04
39 47 0.69 0.19
39 48 0.2 0.1
39 49 0.34 0.08
39 50 0.65 0.16
40 41 0.31 0.18
40 42 0.76 0.15
40 43 0.56 0.12
40 44 0.61 0.14
40 45 0.75 0.22
40 46 0.69 0.04
40 47 0.74 0.23
40 48 0.57 0.1
40 49 0.43 0.14
40 50 0.48 0.14
41 42 0.5 0.17
41 43 0.71 0.09
41 44 0.5 0.06
41 45 0.75 0.18
41 46 0.44 0.16
41 47 0.56 0.05
41 48 0.5 0.1
41 49 0.36 0.14
41 50 0.7 0.18
42 43 0.42 0.11
42 44 0.6 0.16
42 45 0.5 0.28
42 46 0.56 0.14
42 47 0.56 0.12
42 48 0.74 0.12
42 49 0.6 0.16
42 50 0.56 0.13
43 44 0.7 0.15
43 45 0.7 0.24
43 46 0.52 0.1
43 47 0.63 0.14
43 48 0.51 0.14
43 49 0.65 0.1
43 50 0.78 0.1
44 45 0.47 0.21
44 46 0.52 0.1
44 47 0.27 0.11
44 48 0.4 0.04
44 49 0.26 0.08
44 50 0.67 0.2
45 46 0.32 0.18
45 47 0.64 0.17
45 48 0.49 0.17
45 49 0.63 0.21
45 50 0.5 0.32
46 47 0.75 0.21
46 48 0.32 0.06
46 49 0.46 0.1
46 50 0.69 0.18
47 48 0.52 0.15
47 49 0.42 0.16
47 50 0.44 0.21
48 49 0.14 0.04
48 50 0.54 0.16
49 50 0.68 0.2
node_demand
0.125
0.2
0.225
0.225
0.225
0.125
0.15
0.05
0.025
0.2
0.05
0.025
0.15
0.175
0.15
0.15
0.175
0.1
0.15
0.1
0.2
0.125
0.1
0.2
0.225
0.05
0.2
0.175
0.225
0.225
0.125
0.05
0.225
0.1
0.175
0.05
0.025
0.175
0.05
0.075
0.175
0.225
0.025
0.2
0.125
0.125
0.225
0.05
0.125
0.025
