50
0 1 0.62 0.11
0 2 0.64 0.09
0 3 0.66 0.07
0 4 0.56 0.26
0 5 0.72 0.3
0 6 0.5 0.17
0 7 0.42 0.21
0 8 0.75 0.23
0 9 0.66 0.23
0 10 0.79 0.26
0 11 0.46 0.22
0 12 0.76 0.21
0 13 0.7 0.11
0 14 0.58 0.18
0 15 0.66 0.15
0 16 0.2 0.17
0 17 0.72 0.19
0 18 0.69 0.23
0 19 0.5 0.22
0 20 0.54 0.27
0 21 0.48 0.13
0 22 0.4 0.11
0 23 0.52 0.19
0 24 0.3 0.21
0 25 0.48 0.2
0 26 0.65 0.3
0 27 0.64 0.21
0 28 0.35 0.19
0 29 0.72 0.21
0 30 0.68 0.19
0 31 0.72 0.22
0 32 0.66 0.23
0 33 0.82 0.15
0 34 0.5 0.15
0 35 0.71 0.26
0 36 0.55 0.16
0 37 0.62 0.23
0 38 0.76 0.15
0 39 0.76 0.22
0 40 0.62 0.23
0 41 0.37 0.16
0 42 0.36 0.15
0 43 0.58 0.19
0 44 0.55 0.23
0 45 0.62 0.12
0 46 0.64 0.24
0 47 0.52 0.23
0 48 0.62 0.25
0 49 0.72 0.23
0 50 0.67 0.18
1 2 0.7 0.2
1 3 0.56 0.04
1 4 0.51 0.15
1 5 0.54 0.19
1 6 0.64 0.26
1 7 0.2 0.2
1 8 0.56 0.26
1 9 0.68 0.24
1 10 0.56 0.28
1 11 0.7 0.3
1 12 0.62 0.21
1 13 0.76 0.22
1 14 0.46 0.17
1 15 0.68 0.25
1 16 0.78 0.28
1 17 0.62 0.2
1 18 0.38 0.15
1 19 0.68 0.29
1 20 0.52 0.17
1 21 0.4 0.1
1 22 0.36 0.16
1 23 0.32 0.08
1 24 0.48 0.26
1 25 0.66 0.09
1 26 0.42 0.31
1 27 0.42 0.18
1 28 0.42 0.27
1 29 0.76 0.18
1 30 0.54 0.21
1 31 0.44 0.2
1 32 0.64 0.2
1 33 0.5 0.12
1 34 0.48 0.12
1 35 0.54 0.27
1 36 0.5 0.17
1 37 0.62 0.19
1 38 0.45 0.12
1 39 0.51 0.23
1 40 0.65 0.18
1 41 0.7 0.22
1 42 0.56 0.04
1 43 0.54 0.08
1 44 0.6 0.22
1 45 0.58 0.2
1 46 0.48 0.13
1 47 0.62 0.26
1 48 0.58 0.2
1 49 0.54 0.25
1 50 0.4 0.19
2 3 0.62 0.16
2 4 0.46 0.3
2 5 0.62 0.27
2 6 0.62 0.26
2 7 0.5 0.25
2 8 0.5 0.14
2 9 0.24 0.16
2 10 0.48 0.29
2 11 0.64 0.25
2 12 0.64 0.25
2 13 0.72 0.2
2 14 0.46 0.2
2 15 0.73 0.2
2 16 0.8 0.26
2 17 0.62 0.23
2 18 0.8 0.23
2 19 0.42 0.13
2 20 0.66 0.2
2 21 0.66 0.22
2 22 0.82 0.2
2 23 0.74 0.28
2 24 0.42 0.29
2 25 0.78 0.29
2 26 0.64 0.34
2 27 0.6 0.27
2 28 0.65 0.1
2 29 0.46 0.28
2 30 0.66 0.16
2 31 0.48 0.13
2 32 0.71 0.19
2 33 0.52 0.21
2 34 0.57 0.22
2 35 0.76 0.28
2 36 0.51 0.23
2 37 0.72 0.19
2 38 0.48 0.2
2 39 0.72 0.2
2 40 0.53 0.14
2 41 0.42 0.24
2 42 0.38 0.24
2 43 0.64 0.28
2 44 0.36 0.14
2 45 0.72 0.21
2 46 0.74 0.24
2 47 0.41 0.14
2 48 0.44 0.16
2 49 0.5 0.2
2 50 0.56 0.21
3 4 0.48 0.19
3 5 0.57 0.23
3 6 0.48 0.22
3 7 0.55 0.22
3 8 0.49 0.22
3 9 0.38 0.2
3 10 0.38 0.27
3 11 0.48 0.26
3 12 0.4 0.17
3 13 0.76 0.18
3 14 0.56 0.21
3 15 0.68 0.22
3 16 0.6 0.24
3 17 0.53 0.19
3 18 0.56 0.16
3 19 0.64 0.29
3 20 0.44 0.21
3 21 0.32 0.06
3 22 0.77 0.18
3 23 0.61 0.12
3 24 0.49 0.23
3 25 0.65 0.13
3 26 0.77 0.27
3 27 0.62 0.14
3 28 0.74 0.25
3 29 0.34 0.14
3 30 0.57 0.2
3 31 0.46 0.16
3 32 0.61 0.16
3 33 0.5 0.08
3 34 0.16 0.08
3 35 0.7 0.23
3 36 0.59 0.13
3 37 0.54 0.16
3 38 0.55 0.08
3 39 0.76 0.22
3 40 0.33 0.16
3 41 0.72 0.23
3 42 0.59 0.08
3 43 0.74 0.12
3 44 0.64 0.24
3 45 0.48 0.16
3 46 0.56 0.17
3 47 0.82 0.22
3 48 0.61 0.22
3 49 0.42 0.24
3 50 0.66 0.15
4 5 0.3 0.04
4 6 0.72 0.31
4 7 0.31 0.24
4 8 0.47 0.17
4 9 0.65 0.25
4 10 0.69 0.22
4 11 0.66 0.18
4 12 0.55 0.22
4 13 0.64 0.31
4 14 0.66 0.23
4 15 0.71 0.27
4 16 0.72 0.24
4 17 0.56 0.2
4 18 0.46 0.3
4 19 0.5 0.29
4 20 0.69 0.32
4 21 0.58 0.25
4 22 0.74 0.31
4 23 0.28 0.23
4 24 0.54 0.28
4 25 0.54 0.24
4 26 0.71 0.32
4 27 0.59 0.26
4 28 0.58 0.21
4 29 0.6 0.21
4 30 0.58 0.26
4 31 0.61 0.24
4 32 0.56 0.18
4 33 0.67 0.27
4 34 0.64 0.15
4 35 0.42 0.28
4 36 0.82 0.18
4 37 0.58 0.2
4 38 0.54 0.27
4 39 0.44 0.22
4 40 0.49 0.16
4 41 0.41 0.18
4 42 0.52 0.19
4 43 0.65 0.23
4 44 0.72 0.28
4 45 0.46 0.28
4 46 0.58 0.28
4 47 0.4 0.2
4 48 0.65 0.26
4 49 0.68 0.29
4 50 0.44 0.2
5 6 0.66 0.3
5 7 0.49 0.28
5 8 0.38 0.13
5 9 0.58 0.29
5 10 0.4 0.18
5 11 0.36 0.14
5 12 0.76 0.18
5 13 0.46 0.27
5 14 0.38 0.19
5 15 0.41 0.23
5 16 0.52 0.2
5 17 0.26 0.16
5 18 0.6 0.3
5 19 0.59 0.27
5 20 0.5 0.3
5 21 0.4 0.24
5 22 0.72 0.32
5 23 0.48 0.27
5 24 0.48 0.26
5 25 0.75 0.28
5 26 0.44 0.33
5 27 0.6 0.22
5 28 0.6 0.17
5 29 0.6 0.21
5 30 0.72 0.22
5 31 0.59 0.2
5 32 0.26 0.14
5 33 0.58 0.28
5 34 0.73 0.19
5 35 0.72 0.32
5 36 0.67 0.22
5 37 0.62 0.24
5 38 0.67 0.27
5 39 0.5 0.19
5 40 0.58 0.2
5 41 0.55 0.22
5 42 0.48 0.23
5 43 0.55 0.26
5 44 0.54 0.31
5 45 0.69 0.24
5 46 0.5 0.24
5 47 0.44 0.21
5 48 0.6 0.29
5 49 0.64 0.26
5 50 0.73 0.24
6 7 0.78 0.3
6 8 0.64 0.2
6 9 0.56 0.17
6 10 0.71 0.22
6 11 0.51 0.18
6 12 0.37 0.18
6 13 0.32 0.06
6 14 0.48 0.16
6 15 0.55 0.16
6 16 0.52 0.1
6 17 0.4 0.2
6 18 0.43 0.26
6 19 0.52 0.28
6 20 0.75 0.15
6 21 0.56 0.16
6 22 0.64 0.28
6 23 0.7 0.22
6 24 0.2 0.04
6 25 0.36 0.26
6 26 0.48 0.28
6 27 0.52 0.08
6 28 0.41 0.22
6 29 0.68 0.21
6 30 0.46 0.12
6 31 0.71 0.22
6 32 0.68 0.16
6 33 0.38 0.21
6 34 0.53 0.16
6 35 0.52 0.2
6 36 0.56 0.14
6 37 0.42 0.18
6 38 0.42 0.21
6 39 0.66 0.2
6 40 0.56 0.23
6 41 0.45 0.21
6 42 0.48 0.24
6 43 0.61 0.2
6 44 0.54 0.18
6 45 0.62 0.22
6 46 0.54 0.22
6 47 0.6 0.23
6 48 0.68 0.16
6 49 0.7 0.16
6 50 0.47 0.12
7 8 0.6 0.36
7 9 0.6 0.3
7 10 0.56 0.26
7 11 0.5 0.22
7 12 0.54 0.21
7 13 0.62 0.32
7 14 0.5 0.18
7 15 0.54 0.26
7 16 0.58 0.32
7 17 0.46 0.23
7 18 0.46 0.26
7 19 0.57 0.3
7 20 0.61 0.25
7 21 0.58 0.16
7 22 0.54 0.1
7 23 0.52 0.24
7 24 0.58 0.33
7 25 0.64 0.22
7 26 0.62 0.32
7 27 0.28 0.22
7 28 0.44 0.32
7 29 0.72 0.24
7 30 0.34 0.22
7 31 0.53 0.34
7 32 0.54 0.3
7 33 0.56 0.3
7 34 0.64 0.28
7 35 0.5 0.23
7 36 0.68 0.23
7 37 0.7 0.29
7 38 0.56 0.25
7 39 0.64 0.23
7 40 0.48 0.34
7 41 0.6 0.29
7 42 0.65 0.24
7 43 0.34 0.2
7 44 0.62 0.31
7 45 0.58 0.12
7 46 0.28 0.18
7 47 0.44 0.32
7 48 0.67 0.32
7 49 0.38 0.26
7 50 0.32 0.25
8 9 0.57 0.18
8 10 0.71 0.24
8 11 0.74 0.27
8 12 0.71 0.18
8 13 0.36 0.14
8 14 0.47 0.22
8 15 0.49 0.23
8 16 0.62 0.28
8 17 0.34 0.16
8 18 0.56 0.32
8 19 0.46 0.14
8 20 0.22 0.2
8 21 0.7 0.24
8 22 0.59 0.32
8 23 0.52 0.32
8 24 0.64 0.24
8 25 0.81 0.26
8 26 0.78 0.31
8 27 0.45 0.27
8 28 0.76 0.04
8 29 0.54 0.2
8 30 0.59 0.26
8 31 0.34 0.26
8 32 0.64 0.2
8 33 0.59 0.21
8 34 0.43 0.26
8 35 0.69 0.27
8 36 0.52 0.17
8 37 0.63 0.25
8 38 0.6 0.14
8 39 0.42 0.19
8 40 0.6 0.25
8 41 0.71 0.35
8 42 0.39 0.26
8 43 0.52 0.23
8 44 0.52 0.26
8 45 0.46 0.27
8 46 0.55 0.18
8 47 0.58 0.08
8 48 0.69 0.28
8 49 0.54 0.26
8 50 0.51 0.19
9 10 0.56 0.31
9 11 0.57 0.27
9 12 0.68 0.23
9 13 0.74 0.23
9 14 0.62 0.2
9 15 0.68 0.26
9 16 0.56 0.19
9 17 0.72 0.25
9 18 0.66 0.24
9 19 0.66 0.29
9 20 0.71 0.21
9 21 0.42 0.14
9 22 0.81 0.33
9 23 0.6 0.3
9 24 0.36 0.13
9 25 0.58 0.21
9 26 0.49 0.21
9 27 0.42 0.2
9 28 0.64 0.14
9 29 0.7 0.26
9 30 0.52 0.22
9 31 0.43 0.27
9 32 0.7 0.28
9 33 0.7 0.19
9 34 0.54 0.24
9 35 0.68 0.13
9 36 0.73 0.07
9 37 0.64 0.11
9 38 0.72 0.22
9 39 0.52 0.27
9 40 0.67 0.16
9 41 0.61 0.3
9 42 0.41 0.23
9 43 0.8 0.27
9 44 0.51 0.19
9 45 0.74 0.26
9 46 0.5 0.28
9 47 0.65 0.16
9 48 0.68 0.17
9 49 0.58 0.18
9 50 0.62 0.05
10 11 0.5 0.04
10 12 0.55 0.1
10 13 0.7 0.22
10 14 0.68 0.2
10 15 0.55 0.19
10 16 0.72 0.24
10 17 0.4 0.12
10 18 0.66 0.26
10 19 0.75 0.28
10 20 0.49 0.22
10 21 0.58 0.22
10 22 0.7 0.28
10 23 0.62 0.32
10 24 0.81 0.18
10 25 0.61 0.28
10 26 0.78 0.28
10 27 0.53 0.16
10 28 0.5 0.2
10 29 0.7 0.13
10 30 0.66 0.23
10 31 0.71 0.16
10 32 0.52 0.22
10 33 0.57 0.24
10 34 0.54 0.19
10 35 0.5 0.3
10 36 0.74 0.28
10 37 0.66 0.2
10 38 0.61 0.22
10 39 0.72 0.15
10 40 0.45 0.16
10 41 0.68 0.34
10 42 0.71 0.29
10 43 0.5 0.25
10 44 0.62 0.16
10 45 0.66 0.14
10 46 0.64 0.2
10 47 0.44 0.24
10 48 0.44 0.14
10 49 0.62 0.26
10 50 0.76 0.26
11 12 0.4 0.14
11 13 0.76 0.24
11 14 0.44 0.16
11 15 0.66 0.23
11 16 0.26 0.2
11 17 0.58 0.16
11 18 0.56 0.22
11 19 0.48 0.28
11 20 0.66 0.26
11 21 0.72 0.26
11 22 0.75 0.32
11 23 0.73 0.28
11 24 0.31 0.14
11 25 0.46 0.24
11 26 0.49 0.3
11 27 0.66 0.2
11 28 0.34 0.24
11 29 0.55 0.14
11 30 0.57 0.2
11 31 0.62 0.12
11 32 0.62 0.18
11 33 0.57 0.2
11 34 0.59 0.2
11 35 0.41 0.26
11 36 0.58 0.24
11 37 0.56 0.24
11 38 0.64 0.23
11 39 0.46 0.19
11 40 0.42 0.2
11 41 0.56 0.31
11 42 0.68 0.33
11 43 0.57 0.29
11 44 0.56 0.2
11 45 0.33 0.1
11 46 0.5 0.24
11 47 0.8 0.28
11 48 0.8 0.18
11 49 0.56 0.24
11 50 0.76 0.22
12 13 0.36 0.12
12 14 0.48 0.15
12 15 0.52 0.09
12 16 0.6 0.27
12 17 0.5 0.02
12 18 0.42 0.22
12 19 0.28 0.18
12 20 0.66 0.17
12 21 0.38 0.12
12 22 0.41 0.18
12 23 0.66 0.24
12 24 0.57 0.21
12 25 0.44 0.22
12 26 0.6 0.29
12 27 0.26 0.16
12 28 0.57 0.22
12 29 0.55 0.03
12 30 0.57 0.13
12 31 0.45 0.2
12 32 0.68 0.17
12 33 0.41 0.15
12 34 0.48 0.09
12 35 0.71 0.24
12 36 0.42 0.19
12 37 0.16 0.12
12 38 0.4 0.12
12 39 0.6 0.05
12 40 0.45 0.17
12 41 0.48 0.24
12 42 0.71 0.19
12 43 0.57 0.15
12 44 0.42 0.17
12 45 0.62 0.09
12 46 0.36 0.1
12 47 0.51 0.24
12 48 0.5 0.15
12 49 0.65 0.17
12 50 0.48 0.18
13 14 0.39 0.22
13 15 0.6 0.21
13 16 0.67 0.16
13 17 0.52 0.14
13 18 0.54 0.26
13 19 0.63 0.28
13 20 0.58 0.16
13 21 0.47 0.16
13 22 0.48 0.22
13 23 0.47 0.28
13 24 0.52 0.1
13 25 0.59 0.24
13 26 0.62 0.34
13 27 0.34 0.14
13 28 0.73 0.18
13 29 0.66 0.15
13 30 0.51 0.18
13 31 0.7 0.24
13 32 0.64 0.18
13 33 0.44 0.24
13 34 0.79 0.21
13 35 0.35 0.16
13 36 0.58 0.2
13 37 0.52 0.24
13 38 0.42 0.24
13 39 0.46 0.17
13 40 0.64 0.29
13 41 0.6 0.27
13 42 0.65 0.18
13 43 0.29 0.14
13 44 0.68 0.22
13 45 0.68 0.21
13 46 0.44 0.19
13 47 0.59 0.22
13 48 0.53 0.22
13 49 0.77 0.22
13 50 0.74 0.18
14 15 0.48 0.08
14 16 0.56 0.22
14 17 0.62 0.15
14 18 0.68 0.2
14 19 0.51 0.12
14 20 0.48 0.24
14 21 0.52 0.18
14 22 0.38 0.17
14 23 0.48 0.12
14 24 0.28 0.2
14 25 0.37 0.24
14 26 0.54 0.14
14 27 0.22 0.2
14 28 0.64 0.18
14 29 0.66 0.18
14 30 0.51 0.04
14 31 0.72 0.18
14 32 0.5 0.12
14 33 0.54 0.25
14 34 0.57 0.2
14 35 0.5 0.16
14 36 0.54 0.19
14 37 0.64 0.26
14 38 0.4 0.19
14 39 0.58 0.18
14 40 0.4 0.25
14 41 0.53 0.28
14 42 0.46 0.19
14 43 0.18 0.15
14 44 0.56 0.18
14 45 0.72 0.06
14 46 0.5 0.2
14 47 0.47 0.22
14 48 0.43 0.2
14 49 0.73 0.08
14 50 0.62 0.21
15 16 0.51 0.22
15 17 0.15 0.07
15 18 0.49 0.27
15 19 0.55 0.2
15 20 0.7 0.22
15 21 0.56 0.18
15 22 0.4 0.16
15 23 0.66 0.2
15 24 0.53 0.2
15 25 0.56 0.24
15 26 0.6 0.22
15 27 0.26 0.2
15 28 0.42 0.26
15 29 0.7 0.12
15 30 0.72 0.04
15 31 0.68 0.18
15 32 0.67 0.12
15 33 0.46 0.24
15 34 0.66 0.18
15 35 0.6 0.16
15 36 0.26 0.19
15 37 0.68 0.21
15 38 0.48 0.21
15 39 0.62 0.1
15 40 0.64 0.26
15 41 0.6 0.29
15 42 0.66 0.24
15 43 0.43 0.2
15 44 0.48 0.18
15 45 0.65 0.14
15 46 0.39 0.15
15 47 0.5 0.24
15 48 0.42 0.2
15 49 0.64 0.08
15 50 0.65 0.21
16 17 0.52 0.25
16 18 0.49 0.33
16 19 0.7 0.34
16 20 0.4 0.25
16 21 0.68 0.23
16 22 0.58 0.22
16 23 0.68 0.24
16 24 0.47 0.06
16 25 0.42 0.26
16 26 0.56 0.3
16 27 0.44 0.18
16 28 0.55 0.24
16 29 0.62 0.26
16 30 0.68 0.18
16 31 0.52 0.23
16 32 0.78 0.17
16 33 0.72 0.28
16 34 0.5 0.2
16 35 0.62 0.22
16 36 0.7 0.16
16 37 0.6 0.2
16 38 0.56 0.31
16 39 0.7 0.22
16 40 0.52 0.25
16 41 0.57 0.2
16 42 0.56 0.32
16 43 0.38 0.3
16 44 0.7 0.28
16 45 0.48 0.28
16 46 0.56 0.32
16 47 0.69 0.2
16 48 0.74 0.26
16 49 0.76 0.22
16 50 0.69 0.14
17 18 0.34 0.2
17 19 0.7 0.16
17 20 0.56 0.15
17 21 0.58 0.14
17 22 0.55 0.16
17 23 0.54 0.22
17 24 0.58 0.19
17 25 0.59 0.23
17 26 0.58 0.29
17 27 0.41 0.18
17 28 0.54 0.2
17 29 0.85 0.05
17 30 0.68 0.11
17 31 0.66 0.18
17 32 0.52 0.19
17 33 0.58 0.17
17 34 0.51 0.11
17 35 0.75 0.23
17 36 0.41 0.21
17 37 0.56 0.14
17 38 0.62 0.14
17 39 0.47 0.03
17 40 0.65 0.19
17 41 0.57 0.22
17 42 0.7 0.17
17 43 0.44 0.13
17 44 0.63 0.15
17 45 0.5 0.11
17 46 0.24 0.08
17 47 0.65 0.22
17 48 0.49 0.13
17 49 0.7 0.15
17 50 0.5 0.2
18 19 0.48 0.32
18 20 0.78 0.29
18 21 0.24 0.1
18 22 0.52 0.31
18 23 0.7 0.23
18 24 0.63 0.27
18 25 0.54 0.24
18 26 0.79 0.31
18 27 0.46 0.18
18 28 0.7 0.3
18 29 0.52 0.25
18 30 0.4 0.24
18 31 0.32 0.1
18 32 0.46 0.16
18 33 0.47 0.18
18 34 0.63 0.24
18 35 0.56 0.27
18 36 0.5 0.17
18 37 0.38 0.25
18 38 0.56 0.24
18 39 0.7 0.23
18 40 0.54 0.3
18 41 0.63 0.37
18 42 0.58 0.19
18 43 0.72 0.23
18 44 0.8 0.33
18 45 0.71 0.26
18 46 0.58 0.28
18 47 0.71 0.26
18 48 0.64 0.31
18 49 0.65 0.28
18 50 0.54 0.19
19 20 0.68 0.28
19 21 0.48 0.3
19 22 0.68 0.29
19 23 0.48 0.24
19 24 0.72 0.32
19 25 0.6 0.28
19 26 0.51 0.26
19 27 0.29 0.24
19 28 0.75 0.18
19 29 0.7 0.21
19 30 0.63 0.16
19 31 0.32 0.26
19 32 0.49 0.21
19 33 0.4 0.26
19 34 0.56 0.21
19 35 0.59 0.28
19 36 0.7 0.23
19 37 0.37 0.18
19 38 0.61 0.25
19 39 0.73 0.19
19 40 0.68 0.13
19 41 0.76 0.37
19 42 0.55 0.27
19 43 0.69 0.27
19 44 0.39 0.22
19 45 0.46 0.18
19 46 0.47 0.24
19 47 0.54 0.22
19 48 0.74 0.24
19 49 0.37 0.12
19 50 0.57 0.24
20 21 0.72 0.19
20 22 0.37 0.22
20 23 0.54 0.21
20 24 0.55 0.19
20 25 0.59 0.18
20 26 0.65 0.32
20 27 0.44 0.11
20 28 0.6 0.21
20 29 0.66 0.2
20 30 0.61 0.2
20 31 0.56 0.25
20 32 0.54 0.19
20 33 0.41 0.19
20 34 0.6 0.26
20 35 0.47 0.24
20 36 0.7 0.18
20 37 0.6 0.14
20 38 0.52 0.21
20 39 0.64 0.18
20 40 0.66 0.19
20 41 0.49 0.31
20 42 0.61 0.13
20 43 0.3 0.09
20 44 0.3 0.06
20 45 0.45 0.22
20 46 0.68 0.07
20 47 0.69 0.25
20 48 0.47 0.08
20 49 0.53 0.16
20 50 0.29 0.16
21 22 0.69 0.24
21 23 0.48 0.16
21 24 0.54 0.17
21 25 0.35 0.19
21 26 0.55 0.21
21 27 0.3 0.08
21 28 0.69 0.2
21 29 0.36 0.15
21 30 0.34 0.14
21 31 0.47 0.2
21 32 0.34 0.16
21 33 0.58 0.14
21 34 0.48 0.14
21 35 0.5 0.17
21 36 0.58 0.07
21 37 0.22 0.15
21 38 0.46 0.14
21 39 0.74 0.17
21 40 0.65 0.2
21 41 0.63 0.29
21 42 0.68 0.14
21 43 0.52 0.18
21 44 0.58 0.23
21 45 0.73 0.21
21 46 0.39 0.22
21 47 0.55 0.16
21 48 0.6 0.21
21 49 0.58 0.18
21 50 0.69 0.09
22 23 0.58 0.24
22 24 0.53 0.28
22 25 0.58 0.12
22 26 0.68 0.31
22 27 0.39 0.22
22 28 0.66 0.3
22 29 0.46 0.21
22 30 0.63 0.2
22 31 0.74 0.32
22 32 0.66 0.26
22 33 0.74 0.24
22 34 0.61 0.18
22 35 0.79 0.32
22 36 0.66 0.27
22 37 0.57 0.22
22 38 0.42 0.26
22 39 0.62 0.13
22 40 0.44 0.26
22 41 0.62 0.27
22 42 0.7 0.2
22 43 0.2 0.2
22 44 0.58 0.24
22 45 0.6 0.22
22 46 0.6 0.24
22 47 0.58 0.34
22 48 0.6 0.23
22 49 0.87 0.24
22 50 0.66 0.28
23 24 0.58 0.18
23 25 0.34 0.17
23 26 0.65 0.26
23 27 0.4 0.24
23 28 0.6 0.28
23 29 0.65 0.26
23 30 0.49 0.16
23 31 0.7 0.24
23 32 0.48 0.24
23 33 0.39 0.16
23 34 0.45 0.2
23 35 0.36 0.22
23 36 0.6 0.23
23 37 0.64 0.24
23 38 0.5 0.2
23 39 0.54 0.25
23 40 0.62 0.26
23 41 0.55 0.3
23 42 0.74 0.12
23 43 0.56 0.16
23 44 0.48 0.2
23 45 0.43 0.18
23 46 0.3 0.14
23 47 0.65 0.32
23 48 0.37 0.18
23 49 0.56 0.2
23 50 0.55 0.25
24 25 0.56 0.24
24 26 0.35 0.24
24 27 0.5 0.12
24 28 0.54 0.23
24 29 0.58 0.22
24 30 0.66 0.16
24 31 0.64 0.26
24 32 0.5 0.2
24 33 0.52 0.22
24 34 0.33 0.19
24 35 0.64 0.16
24 36 0.62 0.1
24 37 0.62 0.14
24 38 0.61 0.25
24 39 0.46 0.16
24 40 0.5 0.19
24 41 0.25 0.17
24 42 0.66 0.28
24 43 0.46 0.24
24 44 0.34 0.22
24 45 0.54 0.24
24 46 0.34 0.26
24 47 0.74 0.19
24 48 0.52 0.2
24 49 0.5 0.2
24 50 0.48 0.08
25 26 0.71 0.32
25 27 0.47 0.2
25 28 0.36 0.22
25 29 0.71 0.25
25 30 0.52 0.2
25 31 0.79 0.2
25 32 0.66 0.26
25 33 0.64 0.12
25 34 0.66 0.21
25 35 0.68 0.24
25 36 0.52 0.18
25 37 0.57 0.1
25 38 0.6 0.21
25 39 0.6 0.25
25 40 0.77 0.15
25 41 0.7 0.31
25 42 0.78 0.13
25 43 0.38 0.1
25 44 0.45 0.18
25 45 0.56 0.29
25 46 0.5 0.15
25 47 0.39 0.26
25 48 0.71 0.16
25 49 0.44 0.16
25 50 0.56 0.16
26 27 0.67 0.27
26 28 0.77 0.27
26 29 0.48 0.32
26 30 0.45 0.18
26 31 0.59 0.25
26 32 0.42 0.19
26 33 0.52 0.3
26 34 0.61 0.27
26 35 0.29 0.23
26 36 0.56 0.14
26 37 0.5 0.22
26 38 0.26 0.24
26 39 0.38 0.32
26 40 0.44 0.27
26 41 0.52 0.41
26 42 0.59 0.33
26 43 0.48 0.29
26 44 0.52 0.3
26 45 0.32 0.2
26 46 0.6 0.34
26 47 0.42 0.23
26 48 0.34 0.28
26 49 0.71 0.22
26 50 0.69 0.16
27 28 0.46 0.24
27 29 0.58 0.19
27 30 0.62 0.16
27 31 0.61 0.14
27 32 0.42 0.08
27 33 0.67 0.22
27 34 0.49 0.16
27 35 0.62 0.25
27 36 0.52 0.15
27 37 0.42 0.23
27 38 0.48 0.13
27 39 0.52 0.21
27 40 0.52 0.24
27 41 0.54 0.29
27 42 0.54 0.22
27 43 0.4 0.2
27 44 0.34 0.17
27 45 0.73 0.25
27 46 0.5 0.18
27 47 0.25 0.2
27 48 0.65 0.19
27 49 0.51 0.2
27 50 0.4 0.17
28 29 0.8 0.24
28 30 0.65 0.22
28 31 0.73 0.22
28 32 0.74 0.16
28 33 0.5 0.17
28 34 0.58 0.24
28 35 0.49 0.23
28 36 0.24 0.13
28 37 0.71 0.21
28 38 0.68 0.18
28 39 0.44 0.23
28 40 0.68 0.21
28 41 0.56 0.34
28 42 0.42 0.23
28 43 0.46 0.19
28 44 0.44 0.24
28 45 0.45 0.24
28 46 0.3 0.14
28 47 0.62 0.04
28 48 0.78 0.26
28 49 0.76 0.24
28 50 0.54 0.15
29 30 0.55 0.16
29 31 0.57 0.2
29 32 0.62 0.14
29 33 0.3 0.18
29 34 0.5 0.06
29 35 0.39 0.27
29 36 0.85 0.22
29 37 0.58 0.15
29 38 0.69 0.13
29 39 0.64 0.08
29 40 0.67 0.14
29 41 0.73 0.27
29 42 0.77 0.22
29 43 0.48 0.18
29 44 0.76 0.2
29 45 0.43 0.12
29 46 0.75 0.13
29 47 0.54 0.26
29 48 0.7 0.18
29 49 0.54 0.2
29 50 0.71 0.21
30 31 0.72 0.14
30 32 0.59 0.08
30 33 0.72 0.22
30 34 0.48 0.16
30 35 0.16 0.12
30 36 0.46 0.15
30 37 0.54 0.22
30 38 0.66 0.23
30 39 0.78 0.14
30 40 0.59 0.24
30 41 0.65 0.3
30 42 0.54 0.23
30 43 0.53 0.19
30 44 0.45 0.14
30 45 0.61 0.1
30 46 0.54 0.19
30 47 0.61 0.2
30 48 0.74 0.16
30 49 0.26 0.04
30 50 0.48 0.17
31 32 0.33 0.06
31 33 0.5 0.08
31 34 0.62 0.14
31 35 0.62 0.23
31 36 0.58 0.24
31 37 0.29 0.16
31 38 0.53 0.22
31 39 0.41 0.21
31 40 0.75 0.21
31 41 0.62 0.28
31 42 0.73 0.22
31 43 0.54 0.18
31 44 0.6 0.24
31 45 0.73 0.22
31 46 0.79 0.23
31 47 0.4 0.18
31 48 0.67 0.22
31 49 0.58 0.18
31 50 0.72 0.22
32 33 0.32 0.14
32 34 0.48 0.08
32 35 0.5 0.2
32 36 0.58 0.21
32 37 0.56 0.21
32 38 0.68 0.21
32 39 0.56 0.22
32 40 0.65 0.16
32 41 0.29 0.22
32 42 0.63 0.16
32 43 0.68 0.2
32 44 0.56 0.22
32 45 0.56 0.18
32 46 0.73 0.25
32 47 0.64 0.12
32 48 0.34 0.22
32 49 0.73 0.12
32 50 0.49 0.23
33 34 0.42 0.16
33 35 0.56 0.22
33 36 0.72 0.16
33 37 0.36 0.08
33 38 0.54 0.16
33 39 0.61 0.2
33 40 0.59 0.13
33 41 0.54 0.31
33 42 0.68 0.14
33 43 0.71 0.1
33 44 0.48 0.16
33 45 0.24 0.2
33 46 0.46 0.15
33 47 0.72 0.21
33 48 0.46 0.14
33 49 0.63 0.19
33 50 0.5 0.14
34 35 0.64 0.27
34 36 0.43 0.21
34 37 0.63 0.13
34 38 0.39 0.16
34 39 0.6 0.14
34 40 0.17 0.08
34 41 0.58 0.3
34 42 0.43 0.16
34 43 0.61 0.2
34 44 0.48 0.21
34 45 0.64 0.18
34 46 0.49 0.19
34 47 0.74 0.2
34 48 0.69 0.19
34 49 0.26 0.18
34 50 0.5 0.19
35 36 0.46 0.1
35 37 0.66 0.14
35 38 0.55 0.25
35 39 0.67 0.26
35 40 0.64 0.19
35 41 0.49 0.18
35 42 0.38 0.31
35 43 0.62 0.28
35 44 0.61 0.22
35 45 0.61 0.22
35 46 0.57 0.23
35 47 0.45 0.19
35 48 0.63 0.2
35 49 0.42 0.16
35 50 0.4 0.08
36 37 0.58 0.08
36 38 0.57 0.19
36 39 0.68 0.24
36 40 0.6 0.13
36 41 0.48 0.27
36 42 0.56 0.21
36 43 0.54 0.25
36 44 0.68 0.16
36 45 0.69 0.25
36 46 0.52 0.25
36 47 0.46 0.09
36 48 0.68 0.14
36 49 0.69 0.11
36 50 0.75 0.02
37 38 0.24 0.16
37 39 0.52 0.16
37 40 0.46 0.05
37 41 0.64 0.3
37 42 0.72 0.19
37 43 0.46 0.18
37 44 0.47 0.08
37 45 0.57 0.21
37 46 0.52 0.21
37 47 0.37 0.17
37 48 0.66 0.06
37 49 0.54 0.18
37 50 0.47 0.06
38 39 0.46 0.17
38 40 0.22 0.12
38 41 0.44 0.31
38 42 0.48 0.16
38 43 0.22 0.12
38 44 0.62 0.24
38 45 0.51 0.13
38 46 0.75 0.17
38 47 0.39 0.14
38 48 0.51 0.22
38 49 0.54 0.27
38 50 0.54 0.17
39 40 0.43 0.21
39 41 0.44 0.25
39 42 0.69 0.2
39 43 0.42 0.16
39 44 0.65 0.12
39 45 0.37 0.14
39 46 0.58 0.11
39 47 0.77 0.25
39 48 0.34 0.1
39 49 0.82 0.18
39 50 0.74 0.22
40 41 0.66 0.27
40 42 0.26 0.14
40 43 0.44 0.18
40 44 0.65 0.13
40 45 0.66 0.25
40 46 0.66 0.23
40 47 0.61 0.17
40 48 0.73 0.11
40 49 0.43 0.23
40 50 0.67 0.11
41 42 0.55 0.26
41 43 0.43 0.22
41 44 0.59 0.28
41 45 0.3 0.22
41 46 0.5 0.27
41 47 0.56 0.32
41 48 0.27 0.26
41 49 0.54 0.29
41 50 0.3 0.25
42 43 0.64 0.04
42 44 0.44 0.19
42 45 0.8 0.24
42 46 0.49 0.09
42 47 0.78 0.27
42 48 0.8 0.21
42 49 0.64 0.27
42 50 0.48 0.23
43 44 0.46 0.15
43 45 0.54 0.21
43 46 0.53 0.05
43 47 0.61 0.23
43 48 0.58 0.17
43 49 0.69 0.23
43 50 0.5 0.24
44 45 0.6 0.22
44 46 0.62 0.13
44 47 0.59 0.25
44 48 0.44 0.02
44 49 0.7 0.1
44 50 0.59 0.14
45 46 0.34 0.19
45 47 0.48 0.27
45 48 0.57 0.2
45 49 0.66 0.14
45 50 0.52 0.27
46 47 0.66 0.18
46 48 0.67 0.15
46 49 0.46 0.23
46 50 0.5 0.23
47 48 0.76 0.23
47 49 0.74 0.2
47 50 0.5 0.11
48 49 0.52 0.12
48 50 0.42 0.12
49 50 0.24 0.13
node_demand
0.15
0.175
0.1
0.2
0.15
0.175
0.2
0.075
0.05
0.075
0.175
0.075
0.225
0.075
0.2
0.075
0.05
0.2
0.175
0.025
0.125
0.025
0.2
0.05
0.1
0.225
0.175
0.075
0.05
0.1
0.15
0.025
0.2
0.125
0.175
0.125
0.025
0.2
0.125
0.225
0.125
0.025
0.2
0.05
0.225
0.1
0.175
0.1
0.1
0.1
