50
0 1 0.59 0.3
0 2 0.62 0.32
0 3 0.69 0.28
0 4 0.59 0.29
0 5 0.52 0.31
0 6 0.64 0.3
0 7 0.46 0.23
0 8 0.63 0.34
0 9 0.59 0.26
0 10 0.32 0.25
0 11 0.58 0.3
0 12 0.62 0.18
0 13 0.63 0.24
0 14 0.64 0.31
0 15 0.76 0.2
0 16 0.65 0.31
0 17 0.6 0.24
0 18 0.46 0.31
0 19 0.48 0.34
0 20 0.74 0.24
0 21 0.69 0.31
0 22 0.68 0.23
0 23 0.52 0.21
0 24 0.54 0.3
0 25 0.3 0.23
0 26 0.5 0.14
0 27 0.71 0.16
0 28 0.71 0.24
0 29 0.43 0.11
0 30 0.49 0.19
0 31 0.7 0.26
0 32 0.66 0.33
0 33 0.73 0.3
0 34 0.5 0.26
0 35 0.66 0.24
0 36 0.76 0.28
0 37 0.58 0.16
0 38 0.69 0.29
0 39 0.56 0.28
0 40 0.6 0.28
0 41 0.82 0.32
0 42 0.44 0.24
0 43 0.5 0.2
0 44 0.65 0.16
0 45 0.56 0.27
0 46 0.58 0.27
0 47 0.68 0.31
0 48 0.77 0.16
0 49 0.45 0.22
0 50 0.72 0.31
1 2 0.54 0.15
1 3 0.68 0.19
1 4 0.66 0.17
1 5 0.59 0.18
1 6 0.6 0.15
1 7 0.51 0.18
1 8 0.25 0.16
1 9 0.54 0.15
1 10 0.62 0.22
1 11 0.26 0.04
1 12 0.73 0.16
1 13 0.62 0.13
1 14 0.7 0.27
1 15 0.65 0.23
1 16 0.58 0.16
1 17 0.26 0.06
1 18 0.52 0.08
1 19 0.62 0.11
1 20 0.53 0.11
1 21 0.62 0.28
1 22 0.38 0.18
1 23 0.44 0.1
1 24 0.71 0.14
1 25 0.52 0.09
1 26 0.66 0.21
1 27 0.5 0.15
1 28 0.56 0.18
1 29 0.71 0.2
1 30 0.41 0.18
1 31 0.61 0.08
1 32 0.46 0.07
1 33 0.69 0.26
1 34 0.4 0.19
1 35 0.49 0.2
1 36 0.42 0.21
1 37 0.36 0.18
1 38 0.41 0.18
1 39 0.63 0.26
1 40 0.33 0.04
1 41 0.54 0.23
1 42 0.42 0.16
1 43 0.42 0.19
1 44 0.47 0.18
1 45 0.6 0.14
1 46 0.26 0.13
1 47 0.26 0.14
1 48 0.62 0.19
1 49 0.38 0.19
1 50 0.48 0.3
2 3 0.7 0.26
2 4 0.64 0.24
2 5 0.4 0.22
2 6 0.6 0.27
2 7 0.7 0.25
2 8 0.58 0.18
2 9 0.58 0.26
2 10 0.7 0.22
2 11 0.28 0.11
2 12 0.71 0.27
2 13 0.7 0.24
2 14 0.39 0.18
2 15 0.57 0.29
2 16 0.5 0.23
2 17 0.55 0.21
2 18 0.68 0.22
2 19 0.55 0.26
2 20 0.36 0.18
2 21 0.42 0.2
2 22 0.36 0.25
2 23 0.7 0.21
2 24 0.64 0.14
2 25 0.58 0.21
2 26 0.58 0.19
2 27 0.35 0.2
2 28 0.34 0.26
2 29 0.72 0.25
2 30 0.63 0.23
2 31 0.62 0.23
2 32 0.55 0.16
2 33 0.55 0.15
2 34 0.71 0.22
2 35 0.34 0.08
2 36 0.75 0.3
2 37 0.66 0.27
2 38 0.64 0.27
2 39 0.68 0.33
2 40 0.48 0.19
2 41 0.5 0.18
2 42 0.68 0.17
2 43 0.54 0.25
2 44 0.44 0.27
2 45 0.52 0.26
2 46 0.68 0.2
2 47 0.35 0.24
2 48 0.54 0.3
2 49 0.52 0.11
2 50 0.44 0.24
3 4 0.56 0.11
3 5 0.48 0.22
3 6 0.58 0.04
3 7 0.65 0.05
3 8 0.6 0.1
3 9 0.79 0.17
3 10 0.45 0.27
3 11 0.75 0.2
3 12 0.72 0.17
3 13 0.34 0.23
3 14 0.41 0.25
3 15 0.63 0.1
3 16 0.67 0.13
3 17 0.5 0.21
3 18 0.56 0.16
3 19 0.38 0.25
3 20 0.7 0.2
3 21 0.78 0.3
3 22 0.6 0.05
3 23 0.68 0.19
3 24 0.47 0.12
3 25 0.39 0.11
3 26 0.56 0.28
3 27 0.42 0.12
3 28 0.46 0.18
3 29 0.76 0.17
3 30 0.46 0.09
3 31 0.78 0.15
3 32 0.63 0.2
3 33 0.62 0.15
3 34 0.56 0.09
3 35 0.36 0.18
3 36 0.48 0.1
3 37 0.48 0.19
3 38 0.46 0.12
3 39 0.4 0.15
3 40 0.56 0.16
3 41 0.46 0.1
3 42 0.68 0.18
3 43 0.59 0.18
3 44 0.86 0.19
3 45 0.69 0.13
3 46 0.86 0.15
3 47 0.81 0.21
3 48 0.62 0.18
3 49 0.54 0.21
3 50 0.66 0.25
4 5 0.44 0.15
4 6 0.61 0.15
4 7 0.32 0.06
4 8 0.54 0.16
4 9 0.57 0.1
4 10 0.48 0.18
4 11 0.62 0.21
4 12 0.48 0.18
4 13 0.76 0.16
4 14 0.62 0.2
4 15 0.6 0.11
4 16 0.64 0.14
4 17 0.56 0.22
4 18 0.39 0.17
4 19 0.56 0.18
4 20 0.64 0.28
4 21 0.64 0.22
4 22 0.47 0.06
4 23 0.74 0.18
4 24 0.42 0.18
4 25 0.64 0.16
4 26 0.58 0.21
4 27 0.7 0.13
4 28 0.51 0.29
4 29 0.62 0.18
4 30 0.64 0.1
4 31 0.3 0.16
4 32 0.45 0.1
4 33 0.56 0.16
4 34 0.34 0.1
4 35 0.3 0.21
4 36 0.54 0.11
4 37 0.62 0.17
4 38 0.63 0.18
4 39 0.44 0.16
4 40 0.57 0.2
4 41 0.46 0.18
4 42 0.44 0.07
4 43 0.65 0.19
4 44 0.3 0.17
4 45 0.52 0.12
4 46 0.54 0.04
4 47 0.52 0.18
4 48 0.52 0.15
4 49 0.79 0.13
4 50 0.56 0.26
5 6 0.45 0.22
5 7 0.44 0.2
5 8 0.34 0.24
5 9 0.54 0.05
5 10 0.38 0.23
5 11 0.48 0.22
5 12 0.72 0.17
5 13 0.76 0.23
5 14 0.5 0.28
5 15 0.64 0.25
5 16 0.65 0.18
5 17 0.7 0.24
5 18 0.67 0.24
5 19 0.62 0.13
5 20 0.48 0.24
5 21 0.56 0.29
5 22 0.52 0.2
5 23 0.52 0.25
5 24 0.36 0.2
5 25 0.3 0.11
5 26 0.26 0.22
5 27 0.7 0.25
5 28 0.33 0.21
5 29 0.68 0.23
5 30 0.7 0.24
5 31 0.54 0.1
5 32 0.66 0.17
5 33 0.4 0.21
5 34 0.67 0.17
5 35 0.14 0.14
5 36 0.35 0.25
5 37 0.64 0.15
5 38 0.51 0.22
5 39 0.7 0.25
5 40 0.56 0.14
5 41 0.3 0.13
5 42 0.52 0.14
5 43 0.5 0.25
5 44 0.41 0.15
5 45 0.64 0.19
5 46 0.64 0.11
5 47 0.55 0.23
5 48 0.4 0.16
5 49 0.45 0.2
5 50 0.26 0.12
6 7 0.46 0.09
6 8 0.54 0.14
6 9 0.51 0.17
6 10 0.62 0.31
6 11 0.7 0.19
6 12 0.64 0.21
6 13 0.65 0.23
6 14 0.56 0.29
6 15 0.58 0.14
6 16 0.63 0.17
6 17 0.63 0.19
6 18 0.36 0.12
6 19 0.64 0.25
6 20 0.46 0.24
6 21 0.66 0.29
6 22 0.59 0.09
6 23 0.66 0.15
6 24 0.43 0.13
6 25 0.34 0.15
6 26 0.44 0.24
6 27 0.25 0.15
6 28 0.39 0.14
6 29 0.43 0.2
6 30 0.44 0.13
6 31 0.61 0.19
6 32 0.52 0.17
6 33 0.43 0.14
6 34 0.36 0.05
6 35 0.31 0.19
6 36 0.18 0.06
6 37 0.55 0.22
6 38 0.69 0.16
6 39 0.68 0.19
6 40 0.52 0.19
6 41 0.47 0.14
6 42 0.66 0.14
6 43 0.54 0.22
6 44 0.65 0.22
6 45 0.3 0.09
6 46 0.5 0.11
6 47 0.67 0.25
6 48 0.27 0.14
6 49 0.49 0.2
6 50 0.6 0.28
7 8 0.49 0.15
7 9 0.72 0.16
7 10 0.28 0.22
7 11 0.7 0.22
7 12 0.74 0.12
7 13 0.56 0.22
7 14 0.36 0.2
7 15 0.41 0.05
7 16 0.32 0.08
7 17 0.7 0.16
7 18 0.56 0.21
7 19 0.62 0.24
7 20 0.52 0.25
7 21 0.71 0.26
7 22 0.52 0.0
7 23 0.52 0.18
7 24 0.64 0.17
7 25 0.32 0.16
7 26 0.66 0.25
7 27 0.42 0.07
7 28 0.42 0.23
7 29 0.44 0.12
7 30 0.74 0.04
7 31 0.62 0.1
7 32 0.4 0.15
7 33 0.52 0.1
7 34 0.66 0.14
7 35 0.58 0.17
7 36 0.64 0.05
7 37 0.3 0.14
7 38 0.62 0.12
7 39 0.66 0.1
7 40 0.58 0.14
7 41 0.73 0.15
7 42 0.6 0.13
7 43 0.48 0.13
7 44 0.62 0.14
7 45 0.64 0.18
7 46 0.56 0.1
7 47 0.55 0.16
7 48 0.5 0.21
7 49 0.47 0.17
7 50 0.26 0.2
8 9 0.78 0.26
8 10 0.7 0.23
8 11 0.51 0.2
8 12 0.75 0.27
8 13 0.54 0.29
8 14 0.5 0.24
8 15 0.74 0.2
8 16 0.65 0.23
8 17 0.51 0.22
8 18 0.72 0.24
8 19 0.59 0.27
8 20 0.54 0.2
8 21 0.64 0.34
8 22 0.49 0.15
8 23 0.49 0.26
8 24 0.5 0.16
8 25 0.63 0.21
8 26 0.54 0.3
8 27 0.72 0.22
8 28 0.38 0.28
8 29 0.46 0.27
8 30 0.36 0.19
8 31 0.67 0.24
8 32 0.54 0.23
8 33 0.5 0.17
8 34 0.57 0.14
8 35 0.24 0.1
8 36 0.67 0.2
8 37 0.61 0.29
8 38 0.57 0.22
8 39 0.46 0.25
8 40 0.58 0.2
8 41 0.4 0.2
8 42 0.62 0.23
8 43 0.67 0.27
8 44 0.68 0.29
8 45 0.71 0.23
8 46 0.51 0.2
8 47 0.34 0.27
8 48 0.5 0.28
8 49 0.57 0.29
8 50 0.23 0.2
9 10 0.65 0.28
9 11 0.56 0.19
9 12 0.78 0.12
9 13 0.75 0.18
9 14 0.76 0.26
9 15 0.7 0.21
9 16 0.66 0.17
9 17 0.58 0.21
9 18 0.68 0.19
9 19 0.44 0.08
9 20 0.79 0.26
9 21 0.74 0.24
9 22 0.58 0.16
9 23 0.4 0.2
9 24 0.67 0.2
9 25 0.4 0.06
9 26 0.42 0.23
9 27 0.76 0.22
9 28 0.62 0.24
9 29 0.64 0.18
9 30 0.42 0.2
9 31 0.7 0.15
9 32 0.5 0.12
9 33 0.53 0.25
9 34 0.48 0.12
9 35 0.63 0.18
9 36 0.62 0.21
9 37 0.57 0.1
9 38 0.59 0.21
9 39 0.48 0.22
9 40 0.72 0.11
9 41 0.47 0.08
9 42 0.29 0.09
9 43 0.6 0.2
9 44 0.46 0.1
9 45 0.62 0.14
9 46 0.28 0.06
9 47 0.65 0.18
9 48 0.71 0.21
9 49 0.55 0.15
9 50 0.66 0.17
10 11 0.48 0.26
10 12 0.56 0.27
10 13 0.64 0.34
10 14 0.64 0.38
10 15 0.69 0.22
10 16 0.6 0.14
10 17 0.81 0.28
10 18 0.72 0.3
10 19 0.55 0.29
10 20 0.8 0.33
10 21 0.49 0.35
10 22 0.57 0.22
10 23 0.63 0.26
10 24 0.5 0.32
10 25 0.6 0.27
10 26 0.63 0.32
10 27 0.7 0.29
10 28 0.39 0.22
10 29 0.7 0.34
10 30 0.46 0.26
10 31 0.38 0.28
10 32 0.56 0.28
10 33 0.64 0.32
10 34 0.58 0.28
10 35 0.52 0.3
10 36 0.73 0.27
10 37 0.58 0.25
10 38 0.42 0.18
10 39 0.81 0.32
10 40 0.52 0.24
10 41 0.68 0.36
10 42 0.68 0.25
10 43 0.75 0.32
10 44 0.56 0.25
10 45 0.64 0.3
10 46 0.73 0.22
10 47 0.36 0.25
10 48 0.52 0.28
10 49 0.73 0.26
10 50 0.49 0.3
11 12 0.64 0.16
11 13 0.72 0.17
11 14 0.52 0.29
11 15 0.56 0.27
11 16 0.4 0.2
11 17 0.36 0.1
11 18 0.73 0.12
11 19 0.78 0.15
11 20 0.62 0.07
11 21 0.7 0.28
11 22 0.64 0.22
11 23 0.53 0.1
11 24 0.5 0.1
11 25 0.38 0.13
11 26 0.52 0.17
11 27 0.52 0.19
11 28 0.62 0.22
11 29 0.66 0.24
11 30 0.54 0.22
11 31 0.58 0.12
11 32 0.72 0.11
11 33 0.51 0.23
11 34 0.59 0.18
11 35 0.61 0.16
11 36 0.68 0.25
11 37 0.62 0.16
11 38 0.36 0.18
11 39 0.82 0.22
11 40 0.59 0.08
11 41 0.77 0.22
11 42 0.4 0.2
11 43 0.5 0.23
11 44 0.38 0.16
11 45 0.8 0.16
11 46 0.52 0.17
11 47 0.52 0.18
11 48 0.72 0.19
11 49 0.53 0.22
11 50 0.5 0.3
12 13 0.48 0.14
12 14 0.38 0.16
12 15 0.66 0.17
12 16 0.54 0.2
12 17 0.66 0.2
12 18 0.52 0.24
12 19 0.78 0.2
12 20 0.77 0.23
12 21 0.7 0.26
12 22 0.35 0.12
12 23 0.73 0.19
12 24 0.57 0.26
12 25 0.64 0.07
12 26 0.46 0.25
12 27 0.85 0.11
12 28 0.46 0.25
12 29 0.5 0.16
12 30 0.72 0.08
12 31 0.18 0.08
12 32 0.6 0.2
12 33 0.59 0.18
12 34 0.74 0.21
12 35 0.68 0.21
12 36 0.61 0.17
12 37 0.6 0.02
12 38 0.51 0.2
12 39 0.57 0.14
12 40 0.61 0.12
12 41 0.63 0.2
12 42 0.62 0.12
12 43 0.53 0.17
12 44 0.38 0.02
12 45 0.62 0.23
12 46 0.62 0.15
12 47 0.53 0.19
12 48 0.6 0.22
12 49 0.74 0.17
12 50 0.52 0.24
13 14 0.63 0.2
13 15 0.7 0.27
13 16 0.64 0.23
13 17 0.38 0.19
13 18 0.74 0.18
13 19 0.33 0.24
13 20 0.5 0.24
13 21 0.7 0.16
13 22 0.66 0.22
13 23 0.56 0.23
13 24 0.44 0.13
13 25 0.5 0.12
13 26 0.72 0.28
13 27 0.76 0.25
13 28 0.48 0.24
13 29 0.78 0.24
13 30 0.36 0.22
13 31 0.66 0.21
13 32 0.4 0.18
13 33 0.66 0.13
13 34 0.56 0.18
13 35 0.7 0.19
13 36 0.47 0.27
13 37 0.26 0.16
13 38 0.7 0.27
13 39 0.74 0.26
13 40 0.71 0.17
13 41 0.69 0.26
13 42 0.5 0.15
13 43 0.7 0.23
13 44 0.68 0.16
13 45 0.64 0.2
13 46 0.53 0.12
13 47 0.54 0.24
13 48 0.47 0.31
13 49 0.46 0.2
13 50 0.69 0.22
14 15 0.64 0.25
14 16 0.46 0.28
14 17 0.62 0.25
14 18 0.52 0.26
14 19 0.58 0.18
14 20 0.53 0.24
14 21 0.56 0.28
14 22 0.57 0.2
14 23 0.44 0.25
14 24 0.55 0.2
14 25 0.59 0.23
14 26 0.62 0.28
14 27 0.58 0.25
14 28 0.68 0.34
14 29 0.49 0.2
14 30 0.64 0.24
14 31 0.56 0.24
14 32 0.74 0.2
14 33 0.39 0.21
14 34 0.6 0.28
14 35 0.36 0.14
14 36 0.38 0.25
14 37 0.66 0.18
14 38 0.54 0.26
14 39 0.54 0.3
14 40 0.72 0.28
14 41 0.39 0.24
14 42 0.56 0.27
14 43 0.39 0.12
14 44 0.76 0.18
14 45 0.28 0.2
14 46 0.76 0.24
14 47 0.65 0.24
14 48 0.62 0.22
14 49 0.66 0.29
14 50 0.62 0.3
15 16 0.42 0.13
15 17 0.39 0.2
15 18 0.66 0.26
15 19 0.85 0.29
15 20 0.65 0.3
15 21 0.66 0.27
15 22 0.5 0.05
15 23 0.57 0.23
15 24 0.63 0.22
15 25 0.57 0.2
15 26 0.68 0.26
15 27 0.74 0.12
15 28 0.62 0.28
15 29 0.56 0.17
15 30 0.62 0.09
15 31 0.52 0.15
15 32 0.58 0.2
15 33 0.52 0.15
15 34 0.42 0.19
15 35 0.5 0.22
15 36 0.66 0.1
15 37 0.55 0.18
15 38 0.43 0.17
15 39 0.62 0.15
15 40 0.68 0.19
15 41 0.66 0.2
15 42 0.85 0.18
15 43 0.68 0.18
15 44 0.42 0.18
15 45 0.77 0.23
15 46 0.52 0.15
15 47 0.74 0.21
15 48 0.31 0.26
15 49 0.62 0.18
15 50 0.67 0.25
16 17 0.45 0.16
16 18 0.79 0.16
16 19 0.43 0.25
16 20 0.62 0.27
16 21 0.44 0.21
16 22 0.65 0.08
16 23 0.3 0.12
16 24 0.67 0.24
16 25 0.35 0.13
16 26 0.55 0.2
16 27 0.61 0.15
16 28 0.46 0.26
16 29 0.51 0.2
16 30 0.76 0.12
16 31 0.63 0.16
16 32 0.36 0.17
16 33 0.68 0.18
16 34 0.36 0.17
16 35 0.62 0.25
16 36 0.46 0.13
16 37 0.62 0.22
16 38 0.3 0.04
16 39 0.56 0.18
16 40 0.26 0.12
16 41 0.5 0.23
16 42 0.46 0.14
16 43 0.55 0.18
16 44 0.52 0.22
16 45 0.52 0.18
16 46 0.59 0.11
16 47 0.56 0.22
16 48 0.36 0.21
16 49 0.2 0.12
16 50 0.56 0.28
17 18 0.73 0.14
17 19 0.56 0.17
17 20 0.7 0.17
17 21 0.64 0.27
17 22 0.64 0.16
17 23 0.18 0.04
17 24 0.76 0.2
17 25 0.56 0.15
17 26 0.58 0.24
17 27 0.66 0.09
17 28 0.54 0.24
17 29 0.45 0.14
17 30 0.67 0.12
17 31 0.63 0.14
17 32 0.72 0.13
17 33 0.66 0.23
17 34 0.6 0.19
17 35 0.62 0.2
17 36 0.61 0.21
17 37 0.62 0.21
17 38 0.4 0.12
17 39 0.86 0.26
17 40 0.59 0.1
17 41 0.56 0.29
17 42 0.68 0.21
17 43 0.63 0.13
17 44 0.68 0.21
17 45 0.66 0.1
17 46 0.5 0.18
17 47 0.52 0.14
17 48 0.36 0.13
17 49 0.46 0.18
17 50 0.44 0.24
18 19 0.69 0.16
18 20 0.68 0.19
18 21 0.4 0.26
18 22 0.64 0.21
18 23 0.59 0.12
18 24 0.7 0.2
18 25 0.54 0.17
18 26 0.58 0.29
18 27 0.61 0.23
18 28 0.34 0.26
18 29 0.28 0.2
18 30 0.72 0.2
18 31 0.34 0.16
18 32 0.74 0.15
18 33 0.58 0.21
18 34 0.72 0.17
18 35 0.67 0.14
18 36 0.54 0.18
18 37 0.48 0.26
18 38 0.6 0.2
18 39 0.71 0.31
18 40 0.57 0.12
18 41 0.77 0.24
18 42 0.74 0.16
18 43 0.58 0.27
18 44 0.37 0.26
18 45 0.63 0.06
18 46 0.44 0.13
18 47 0.69 0.22
18 48 0.63 0.21
18 49 0.64 0.22
18 50 0.75 0.3
19 20 0.42 0.22
19 21 0.7 0.26
19 22 0.43 0.24
19 23 0.38 0.21
19 24 0.77 0.18
19 25 0.61 0.14
19 26 0.54 0.31
19 27 0.64 0.26
19 28 0.35 0.29
19 29 0.66 0.26
19 30 0.54 0.23
19 31 0.73 0.16
19 32 0.44 0.18
19 33 0.68 0.2
19 34 0.66 0.2
19 35 0.7 0.24
19 36 0.71 0.29
19 37 0.59 0.18
19 38 0.44 0.29
19 39 0.52 0.22
19 40 0.45 0.15
19 41 0.54 0.16
19 42 0.67 0.17
19 43 0.61 0.28
19 44 0.75 0.18
19 45 0.7 0.22
19 46 0.51 0.14
19 47 0.57 0.25
19 48 0.79 0.29
19 49 0.46 0.23
19 50 0.36 0.25
20 21 0.59 0.26
20 22 0.42 0.25
20 23 0.52 0.17
20 24 0.68 0.16
20 25 0.71 0.2
20 26 0.46 0.1
20 27 0.56 0.26
20 28 0.46 0.2
20 29 0.58 0.24
20 30 0.74 0.29
20 31 0.6 0.19
20 32 0.65 0.18
20 33 0.44 0.17
20 34 0.49 0.24
20 35 0.34 0.1
20 36 0.42 0.3
20 37 0.7 0.23
20 38 0.43 0.25
20 39 0.47 0.29
20 40 0.69 0.15
20 41 0.48 0.18
20 42 0.72 0.24
20 43 0.6 0.26
20 44 0.57 0.23
20 45 0.74 0.23
20 46 0.74 0.24
20 47 0.61 0.24
20 48 0.6 0.22
20 49 0.56 0.18
20 50 0.54 0.26
21 22 0.6 0.26
21 23 0.74 0.26
21 24 0.53 0.18
21 25 0.39 0.19
21 26 0.66 0.17
21 27 0.48 0.27
21 28 0.74 0.27
21 29 0.53 0.31
21 30 0.5 0.3
21 31 0.52 0.28
21 32 0.66 0.24
21 33 0.69 0.29
21 34 0.56 0.24
21 35 0.68 0.24
21 36 0.74 0.31
21 37 0.74 0.25
21 38 0.67 0.25
21 39 0.57 0.18
21 40 0.51 0.24
21 41 0.58 0.22
21 42 0.47 0.15
21 43 0.51 0.33
21 44 0.68 0.25
21 45 0.36 0.2
21 46 0.83 0.18
21 47 0.46 0.31
21 48 0.79 0.29
21 49 0.24 0.09
21 50 0.7 0.18
22 23 0.52 0.18
22 24 0.88 0.17
22 25 0.38 0.16
22 26 0.54 0.25
22 27 0.5 0.07
22 28 0.7 0.23
22 29 0.48 0.12
22 30 0.48 0.04
22 31 0.53 0.1
22 32 0.56 0.15
22 33 0.56 0.1
22 34 0.78 0.14
22 35 0.58 0.17
22 36 0.41 0.05
22 37 0.4 0.14
22 38 0.63 0.12
22 39 0.6 0.1
22 40 0.62 0.14
22 41 0.49 0.15
22 42 0.53 0.13
22 43 0.18 0.13
22 44 0.34 0.14
22 45 0.38 0.18
22 46 0.48 0.1
22 47 0.55 0.16
22 48 0.63 0.21
22 49 0.47 0.17
22 50 0.26 0.2
23 24 0.58 0.2
23 25 0.65 0.19
23 26 0.47 0.21
23 27 0.66 0.11
23 28 0.53 0.28
23 29 0.63 0.16
23 30 0.64 0.14
23 31 0.55 0.18
23 32 0.62 0.17
23 33 0.48 0.23
23 34 0.66 0.2
23 35 0.6 0.16
23 36 0.68 0.21
23 37 0.66 0.17
23 38 0.22 0.08
23 39 0.68 0.28
23 40 0.56 0.14
23 41 0.74 0.25
23 42 0.64 0.17
23 43 0.68 0.17
23 44 0.5 0.17
23 45 0.67 0.06
23 46 0.68 0.14
23 47 0.55 0.1
23 48 0.46 0.09
23 49 0.5 0.22
23 50 0.26 0.2
24 25 0.6 0.2
24 26 0.48 0.22
24 27 0.47 0.18
24 28 0.69 0.27
24 29 0.72 0.23
24 30 0.8 0.2
24 31 0.72 0.22
24 32 0.57 0.2
24 33 0.76 0.13
24 34 0.31 0.08
24 35 0.5 0.06
24 36 0.57 0.19
24 37 0.5 0.26
24 38 0.73 0.2
24 39 0.55 0.27
24 40 0.78 0.18
24 41 0.66 0.16
24 42 0.38 0.17
24 43 0.71 0.23
24 44 0.68 0.26
24 45 0.54 0.22
24 46 0.6 0.14
24 47 0.61 0.28
24 48 0.54 0.27
24 49 0.58 0.23
24 50 0.62 0.22
25 26 0.56 0.18
25 27 0.52 0.17
25 28 0.63 0.18
25 29 0.5 0.12
25 30 0.67 0.15
25 31 0.78 0.09
25 32 0.36 0.16
25 33 0.7 0.21
25 34 0.44 0.18
25 35 0.44 0.14
25 36 0.52 0.21
25 37 0.62 0.09
25 38 0.65 0.16
25 39 0.58 0.21
25 40 0.53 0.05
25 41 0.6 0.14
25 42 0.55 0.15
25 43 0.2 0.14
25 44 0.7 0.09
25 45 0.62 0.2
25 46 0.68 0.12
25 47 0.56 0.12
25 48 0.61 0.27
25 49 0.15 0.1
25 50 0.56 0.23
26 27 0.58 0.3
26 28 0.24 0.1
26 29 0.54 0.25
26 30 0.59 0.29
26 31 0.28 0.27
26 32 0.7 0.23
26 33 0.56 0.26
26 34 0.79 0.23
26 35 0.4 0.2
26 36 0.26 0.2
26 37 0.48 0.24
26 38 0.25 0.22
26 39 0.68 0.35
26 40 0.38 0.23
26 41 0.56 0.26
26 42 0.67 0.14
26 43 0.36 0.16
26 44 0.54 0.24
26 45 0.64 0.25
26 46 0.7 0.17
26 47 0.63 0.3
26 48 0.56 0.12
26 49 0.42 0.08
26 50 0.52 0.34
27 28 0.64 0.24
27 29 0.62 0.05
27 30 0.69 0.03
27 31 0.8 0.15
27 32 0.77 0.22
27 33 0.46 0.17
27 34 0.36 0.1
27 35 0.56 0.24
27 36 0.43 0.12
27 37 0.54 0.13
27 38 0.76 0.19
27 39 0.46 0.17
27 40 0.6 0.19
27 41 0.54 0.22
27 42 0.67 0.19
27 43 0.32 0.2
27 44 0.51 0.13
27 45 0.55 0.17
27 46 0.66 0.16
27 47 0.67 0.21
27 48 0.52 0.2
27 49 0.48 0.24
27 50 0.62 0.25
28 29 0.56 0.29
28 30 0.56 0.27
28 31 0.52 0.18
28 32 0.47 0.25
28 33 0.73 0.28
28 34 0.69 0.19
28 35 0.47 0.3
28 36 0.5 0.2
28 37 0.36 0.26
28 38 0.49 0.3
28 39 0.53 0.33
28 40 0.23 0.14
28 41 0.56 0.28
28 42 0.54 0.24
28 43 0.6 0.22
28 44 0.49 0.26
28 45 0.4 0.23
28 46 0.52 0.25
28 47 0.51 0.3
28 48 0.64 0.22
28 49 0.61 0.18
28 50 0.59 0.33
29 30 0.44 0.08
29 31 0.32 0.2
29 32 0.46 0.27
29 33 0.3 0.22
29 34 0.52 0.15
29 35 0.56 0.26
29 36 0.52 0.17
29 37 0.61 0.14
29 38 0.44 0.22
29 39 0.8 0.22
29 40 0.59 0.17
29 41 0.62 0.26
29 42 0.65 0.24
29 43 0.3 0.16
29 44 0.61 0.14
29 45 0.54 0.22
29 46 0.61 0.21
29 47 0.47 0.24
29 48 0.7 0.25
29 49 0.64 0.22
29 50 0.64 0.2
30 31 0.54 0.14
30 32 0.7 0.19
30 33 0.3 0.14
30 34 0.78 0.13
30 35 0.56 0.21
30 36 0.62 0.09
30 37 0.54 0.1
30 38 0.56 0.16
30 39 0.58 0.14
30 40 0.74 0.18
30 41 0.64 0.19
30 42 0.54 0.17
30 43 0.66 0.17
30 44 0.8 0.1
30 45 0.74 0.2
30 46 0.56 0.14
30 47 0.5 0.2
30 48 0.71 0.23
30 49 0.56 0.21
30 50 0.59 0.24
31 32 0.42 0.12
31 33 0.62 0.2
31 34 0.56 0.19
31 35 0.6 0.23
31 36 0.43 0.15
31 37 0.42 0.1
31 38 0.33 0.2
31 39 0.49 0.2
31 40 0.66 0.04
31 41 0.56 0.23
31 42 0.51 0.2
31 43 0.62 0.23
31 44 0.29 0.1
31 45 0.6 0.22
31 46 0.53 0.18
31 47 0.35 0.2
31 48 0.42 0.2
31 49 0.7 0.19
31 50 0.44 0.22
32 33 0.76 0.25
32 34 0.46 0.12
32 35 0.58 0.24
32 36 0.7 0.2
32 37 0.5 0.19
32 38 0.62 0.21
32 39 0.79 0.25
32 40 0.62 0.11
32 41 0.6 0.2
32 42 0.7 0.09
32 43 0.56 0.24
32 44 0.71 0.19
32 45 0.46 0.14
32 46 0.49 0.06
32 47 0.2 0.08
32 48 0.64 0.25
32 49 0.51 0.15
32 50 0.49 0.29
33 34 0.56 0.19
33 35 0.26 0.07
33 36 0.61 0.15
33 37 0.78 0.2
33 38 0.54 0.22
33 39 0.54 0.2
33 40 0.84 0.24
33 41 0.42 0.17
33 42 0.64 0.23
33 43 0.56 0.1
33 44 0.57 0.2
33 45 0.59 0.23
33 46 0.66 0.2
33 47 0.72 0.26
33 48 0.52 0.28
33 49 0.56 0.26
33 50 0.43 0.19
34 35 0.64 0.14
34 36 0.54 0.11
34 37 0.73 0.19
34 38 0.66 0.21
34 39 0.44 0.24
34 40 0.52 0.15
34 41 0.7 0.19
34 42 0.69 0.09
34 43 0.64 0.27
34 44 0.55 0.19
34 45 0.66 0.14
34 46 0.66 0.06
34 47 0.65 0.2
34 48 0.45 0.19
34 49 0.46 0.15
34 50 0.8 0.29
35 36 0.48 0.22
35 37 0.52 0.23
35 38 0.65 0.24
35 39 0.56 0.27
35 40 0.62 0.19
35 41 0.16 0.1
35 42 0.38 0.23
35 43 0.64 0.17
35 44 0.55 0.23
35 45 0.61 0.2
35 46 0.5 0.2
35 47 0.54 0.26
35 48 0.26 0.25
35 49 0.59 0.19
35 50 0.34 0.16
36 37 0.47 0.19
36 38 0.51 0.17
36 39 0.58 0.15
36 40 0.64 0.19
36 41 0.32 0.18
36 42 0.84 0.18
36 43 0.59 0.18
36 44 0.47 0.19
36 45 0.48 0.15
36 46 0.68 0.15
36 47 0.68 0.21
36 48 0.39 0.2
36 49 0.66 0.22
36 50 0.61 0.25
37 38 0.6 0.18
37 39 0.62 0.12
37 40 0.59 0.14
37 41 0.43 0.18
37 42 0.4 0.1
37 43 0.58 0.19
37 44 0.62 0.0
37 45 0.38 0.21
37 46 0.38 0.13
37 47 0.33 0.21
37 48 0.28 0.2
37 49 0.64 0.16
37 50 0.56 0.26
38 39 0.54 0.22
38 40 0.56 0.16
38 41 0.71 0.22
38 42 0.42 0.18
38 43 0.61 0.14
38 44 0.45 0.18
38 45 0.56 0.14
38 46 0.67 0.15
38 47 0.44 0.18
38 48 0.48 0.17
38 49 0.5 0.16
38 50 0.48 0.28
39 40 0.3 0.22
39 41 0.68 0.25
39 42 0.77 0.22
39 43 0.74 0.23
39 44 0.7 0.12
39 45 0.76 0.28
39 46 0.46 0.2
39 47 0.76 0.26
39 48 0.73 0.31
39 49 0.56 0.27
39 50 0.69 0.22
40 41 0.46 0.19
40 42 0.48 0.2
40 43 0.73 0.19
40 44 0.72 0.14
40 45 0.56 0.18
40 46 0.59 0.17
40 47 0.46 0.17
40 48 0.54 0.23
40 49 0.38 0.15
40 50 0.56 0.26
41 42 0.54 0.14
41 43 0.62 0.27
41 44 0.4 0.18
41 45 0.46 0.22
41 46 0.42 0.14
41 47 0.64 0.26
41 48 0.42 0.16
41 49 0.7 0.2
41 50 0.5 0.25
42 43 0.35 0.26
42 44 0.62 0.1
42 45 0.64 0.11
42 46 0.57 0.03
42 47 0.68 0.17
42 48 0.6 0.22
42 49 0.45 0.06
42 50 0.68 0.26
43 44 0.52 0.19
43 45 0.48 0.23
43 46 0.66 0.23
43 47 0.51 0.22
43 48 0.68 0.18
43 49 0.35 0.24
43 50 0.44 0.29
44 45 0.72 0.21
44 46 0.24 0.13
44 47 0.58 0.21
44 48 0.65 0.2
44 49 0.63 0.16
44 50 0.6 0.26
45 46 0.48 0.08
45 47 0.37 0.16
45 48 0.46 0.15
45 49 0.6 0.17
45 50 0.64 0.26
46 47 0.37 0.14
46 48 0.43 0.19
46 49 0.64 0.09
46 50 0.58 0.23
47 48 0.48 0.18
47 49 0.64 0.22
47 50 0.29 0.28
48 49 0.56 0.2
48 50 0.6 0.28
49 50 0.71 0.27
node_demand
0.175
0.2
0.05
0.025
0.2
0.025
0.2
0.2
0.05
0.225
0.075
0.025
0.175
0.225
0.075
0.175
0.2
0.1
0.075
0.225
0.225
0.075
0.2
0.15
0.025
0.075
0.2
0.175
0.125
0.225
0.025
0.15
0.075
0.1
0.15
0.125
0.15
0.075
0.025
0.05
0.075
0.15
0.125
0.05
0.05
0.05
0.225
0.025
0.225
0.225
