50
0 1 0.56 0.26
0 2 0.5 0.2
0 3 0.67 0.24
0 4 0.68 0.22
0 5 0.58 0.22
0 6 0.52 0.3
0 7 0.22 0.16
0 8 0.64 0.3
0 9 0.63 0.32
0 10 0.59 0.11
0 11 0.52 0.26
0 12 0.58 0.2
0 13 0.66 0.18
0 14 0.64 0.32
0 15 0.54 0.26
0 16 0.5 0.22
0 17 0.43 0.22
0 18 0.43 0.24
0 19 0.63 0.26
0 20 0.44 0.08
0 21 0.5 0.27
0 22 0.37 0.34
0 23 0.5 0.31
0 24 0.52 0.22
0 25 0.62 0.3
0 26 0.78 0.28
0 27 0.41 0.25
0 28 0.66 0.23
0 29 0.4 0.27
0 30 0.78 0.26
0 31 0.73 0.38
0 32 0.44 0.23
0 33 0.58 0.25
0 34 0.51 0.24
0 35 0.5 0.3
0 36 0.46 0.22
0 37 0.72 0.18
0 38 0.54 0.14
0 39 0.69 0.24
0 40 0.64 0.3
0 41 0.52 0.17
0 42 0.62 0.14
0 43 0.84 0.31
0 44 0.54 0.24
0 45 0.59 0.26
0 46 0.76 0.23
0 47 0.76 0.28
0 48 0.72 0.3
0 49 0.66 0.24
0 50 0.45 0.16
1 2 0.44 0.1
1 3 0.57 0.15
1 4 0.56 0.26
1 5 0.75 0.16
1 6 0.3 0.1
1 7 0.55 0.22
1 8 0.34 0.29
1 9 0.57 0.23
1 10 0.56 0.25
1 11 0.48 0.14
1 12 0.56 0.23
1 13 0.6 0.18
1 14 0.6 0.18
1 15 0.67 0.17
1 16 0.44 0.16
1 17 0.6 0.21
1 18 0.52 0.17
1 19 0.59 0.22
1 20 0.58 0.22
1 21 0.54 0.17
1 22 0.56 0.25
1 23 0.48 0.2
1 24 0.52 0.11
1 25 0.63 0.14
1 26 0.6 0.31
1 27 0.5 0.15
1 28 0.76 0.22
1 29 0.68 0.14
1 30 0.22 0.12
1 31 0.67 0.3
1 32 0.64 0.13
1 33 0.62 0.15
1 34 0.62 0.22
1 35 0.62 0.23
1 36 0.53 0.18
1 37 0.44 0.2
1 38 0.69 0.12
1 39 0.43 0.12
1 40 0.54 0.21
1 41 0.62 0.29
1 42 0.72 0.16
1 43 0.58 0.18
1 44 0.54 0.14
1 45 0.34 0.15
1 46 0.54 0.13
1 47 0.6 0.13
1 48 0.36 0.04
1 49 0.5 0.24
1 50 0.48 0.22
2 3 0.63 0.2
2 4 0.68 0.18
2 5 0.71 0.16
2 6 0.48 0.2
2 7 0.64 0.12
2 8 0.54 0.22
2 9 0.73 0.25
2 10 0.72 0.16
2 11 0.68 0.21
2 12 0.44 0.18
2 13 0.75 0.23
2 14 0.57 0.28
2 15 0.54 0.22
2 16 0.68 0.26
2 17 0.52 0.11
2 18 0.76 0.22
2 19 0.55 0.21
2 20 0.56 0.12
2 21 0.42 0.23
2 22 0.7 0.16
2 23 0.64 0.11
2 24 0.44 0.21
2 25 0.64 0.24
2 26 0.56 0.22
2 27 0.49 0.25
2 28 0.6 0.27
2 29 0.46 0.23
2 30 0.52 0.12
2 31 0.7 0.3
2 32 0.72 0.18
2 33 0.64 0.2
2 34 0.48 0.13
2 35 0.52 0.24
2 36 0.42 0.17
2 37 0.62 0.23
2 38 0.58 0.19
2 39 0.6 0.22
2 40 0.6 0.26
2 41 0.38 0.21
2 42 0.54 0.06
2 43 0.58 0.28
2 44 0.35 0.04
2 45 0.64 0.25
2 46 0.68 0.18
2 47 0.77 0.23
2 48 0.78 0.14
2 49 0.64 0.22
2 50 0.41 0.12
3 4 0.51 0.14
3 5 0.52 0.17
3 6 0.58 0.19
3 7 0.45 0.08
3 8 0.38 0.23
3 9 0.5 0.2
3 10 0.75 0.19
3 11 0.66 0.2
3 12 0.46 0.17
3 13 0.64 0.25
3 14 0.7 0.25
3 15 0.62 0.11
3 16 0.59 0.23
3 17 0.49 0.2
3 18 0.61 0.11
3 19 0.62 0.2
3 20 0.45 0.16
3 21 0.49 0.03
3 22 0.5 0.27
3 23 0.46 0.27
3 24 0.8 0.26
3 25 0.6 0.21
3 26 0.6 0.23
3 27 0.59 0.19
3 28 0.51 0.07
3 29 0.66 0.19
3 30 0.67 0.19
3 31 0.48 0.26
3 32 0.5 0.13
3 33 0.57 0.15
3 34 0.79 0.2
3 35 0.46 0.17
3 36 0.66 0.24
3 37 0.72 0.12
3 38 0.72 0.16
3 39 0.44 0.19
3 40 0.41 0.15
3 41 0.27 0.15
3 42 0.44 0.22
3 43 0.46 0.12
3 44 0.6 0.16
3 45 0.72 0.27
3 46 0.65 0.13
3 47 0.58 0.07
3 48 0.68 0.11
3 49 0.66 0.19
3 50 0.22 0.08
4 5 0.32 0.1
4 6 0.59 0.2
4 7 0.46 0.06
4 8 0.76 0.3
4 9 0.34 0.26
4 10 0.52 0.15
4 11 0.64 0.18
4 12 0.8 0.19
4 13 0.68 0.22
4 14 0.48 0.24
4 15 0.44 0.16
4 16 0.5 0.23
4 17 0.6 0.26
4 18 0.75 0.18
4 19 0.64 0.3
4 20 0.63 0.14
4 21 0.26 0.17
4 22 0.44 0.25
4 23 0.54 0.29
4 24 0.62 0.28
4 25 0.34 0.2
4 26 0.69 0.27
4 27 0.64 0.27
4 28 0.46 0.21
4 29 0.32 0.17
4 30 0.54 0.14
4 31 0.72 0.24
4 32 0.52 0.14
4 33 0.5 0.16
4 34 0.54 0.27
4 35 0.64 0.24
4 36 0.57 0.22
4 37 0.52 0.22
4 38 0.69 0.29
4 39 0.61 0.24
4 40 0.44 0.2
4 41 0.48 0.23
4 42 0.6 0.2
4 43 0.48 0.26
4 44 0.62 0.14
4 45 0.57 0.3
4 46 0.47 0.14
4 47 0.7 0.2
4 48 0.61 0.23
4 49 0.43 0.32
4 50 0.63 0.06
5 6 0.72 0.14
5 7 0.36 0.16
5 8 0.6 0.26
5 9 0.26 0.21
5 10 0.68 0.11
5 11 0.63 0.18
5 12 0.72 0.2
5 13 0.55 0.18
5 14 0.71 0.27
5 15 0.4 0.1
5 16 0.66 0.14
5 17 0.52 0.21
5 18 0.67 0.18
5 19 0.32 0.24
5 20 0.6 0.15
5 21 0.42 0.14
5 22 0.7 0.21
5 23 0.44 0.23
5 24 0.53 0.26
5 25 0.56 0.23
5 26 0.44 0.26
5 27 0.32 0.17
5 28 0.75 0.16
5 29 0.64 0.1
5 30 0.53 0.04
5 31 0.64 0.28
5 32 0.6 0.04
5 33 0.69 0.06
5 34 0.55 0.2
5 35 0.32 0.2
5 36 0.65 0.22
5 37 0.44 0.18
5 38 0.6 0.26
5 39 0.8 0.18
5 40 0.6 0.14
5 41 0.64 0.24
5 42 0.28 0.1
5 43 0.46 0.27
5 44 0.46 0.2
5 45 0.49 0.26
5 46 0.77 0.04
5 47 0.38 0.14
5 48 0.58 0.13
5 49 0.66 0.26
5 50 0.59 0.16
6 7 0.61 0.14
6 8 0.64 0.28
6 9 0.5 0.13
6 10 0.63 0.25
6 11 0.47 0.04
6 12 0.64 0.22
6 13 0.68 0.21
6 14 0.61 0.28
6 15 0.66 0.08
6 16 0.66 0.19
6 17 0.68 0.25
6 18 0.64 0.16
6 19 0.64 0.32
6 20 0.7 0.22
6 21 0.48 0.16
6 22 0.76 0.24
6 23 0.54 0.28
6 24 0.44 0.2
6 25 0.52 0.24
6 26 0.56 0.28
6 27 0.4 0.2
6 28 0.62 0.25
6 29 0.56 0.2
6 30 0.48 0.18
6 31 0.6 0.26
6 32 0.34 0.14
6 33 0.6 0.16
6 34 0.7 0.2
6 35 0.52 0.22
6 36 0.62 0.08
6 37 0.5 0.24
6 38 0.67 0.16
6 39 0.27 0.15
6 40 0.64 0.12
6 41 0.62 0.28
6 42 0.56 0.24
6 43 0.77 0.28
6 44 0.8 0.21
6 45 0.61 0.16
6 46 0.24 0.14
6 47 0.72 0.12
6 48 0.54 0.14
6 49 0.74 0.24
6 50 0.57 0.14
7 8 0.47 0.24
7 9 0.62 0.21
7 10 0.48 0.12
7 11 0.3 0.12
7 12 0.36 0.24
7 13 0.68 0.19
7 14 0.49 0.18
7 15 0.54 0.1
7 16 0.69 0.17
7 17 0.48 0.23
7 18 0.49 0.12
7 19 0.68 0.25
7 20 0.47 0.08
7 21 0.62 0.11
7 22 0.59 0.19
7 23 0.58 0.23
7 24 0.74 0.22
7 25 0.56 0.14
7 26 0.62 0.3
7 27 0.63 0.22
7 28 0.61 0.15
7 29 0.43 0.11
7 30 0.56 0.18
7 31 0.62 0.28
7 32 0.66 0.12
7 33 0.48 0.14
7 34 0.73 0.21
7 35 0.61 0.18
7 36 0.67 0.16
7 37 0.5 0.19
7 38 0.53 0.23
7 39 0.7 0.18
7 40 0.42 0.14
7 41 0.4 0.17
7 42 0.6 0.14
7 43 0.71 0.2
7 44 0.58 0.08
7 45 0.44 0.24
7 46 0.56 0.12
7 47 0.59 0.14
7 48 0.51 0.19
7 49 0.64 0.26
7 50 0.23 0.0
8 9 0.59 0.28
8 10 0.47 0.23
8 11 0.64 0.28
8 12 0.63 0.12
8 13 0.26 0.16
8 14 0.66 0.26
8 15 0.51 0.2
8 16 0.61 0.2
8 17 0.58 0.14
8 18 0.66 0.12
8 19 0.68 0.24
8 20 0.72 0.27
8 21 0.75 0.2
8 22 0.7 0.32
8 23 0.32 0.11
8 24 0.69 0.26
8 25 0.63 0.3
8 26 0.26 0.16
8 27 0.44 0.24
8 28 0.7 0.21
8 29 0.64 0.26
8 30 0.56 0.3
8 31 0.56 0.18
8 32 0.68 0.28
8 33 0.61 0.26
8 34 0.48 0.15
8 35 0.28 0.06
8 36 0.67 0.31
8 37 0.62 0.26
8 38 0.51 0.25
8 39 0.77 0.21
8 40 0.71 0.24
8 41 0.65 0.32
8 42 0.42 0.24
8 43 0.46 0.29
8 44 0.68 0.26
8 45 0.5 0.28
8 46 0.6 0.28
8 47 0.54 0.16
8 48 0.45 0.25
8 49 0.33 0.06
8 50 0.52 0.24
9 10 0.45 0.21
9 11 0.37 0.09
9 12 0.53 0.29
9 13 0.38 0.28
9 14 0.45 0.24
9 15 0.48 0.21
9 16 0.4 0.25
9 17 0.26 0.14
9 18 0.5 0.22
9 19 0.58 0.22
9 20 0.62 0.25
9 21 0.54 0.23
9 22 0.45 0.26
9 23 0.3 0.27
9 24 0.62 0.12
9 25 0.38 0.2
9 26 0.58 0.35
9 27 0.49 0.21
9 28 0.63 0.19
9 29 0.66 0.19
9 30 0.47 0.23
9 31 0.48 0.3
9 32 0.34 0.17
9 33 0.58 0.15
9 34 0.29 0.22
9 35 0.58 0.28
9 36 0.42 0.13
9 37 0.36 0.14
9 38 0.58 0.21
9 39 0.7 0.22
9 40 0.34 0.22
9 41 0.48 0.34
9 42 0.54 0.31
9 43 0.42 0.22
9 44 0.38 0.24
9 45 0.23 0.08
9 46 0.66 0.17
9 47 0.64 0.25
9 48 0.52 0.26
9 49 0.6 0.31
9 50 0.53 0.21
10 11 0.36 0.24
10 12 0.52 0.22
10 13 0.21 0.07
10 14 0.48 0.28
10 15 0.53 0.2
10 16 0.47 0.17
10 17 0.53 0.11
10 18 0.3 0.2
10 19 0.67 0.15
10 20 0.4 0.04
10 21 0.51 0.22
10 22 0.44 0.23
10 23 0.33 0.26
10 24 0.61 0.18
10 25 0.71 0.26
10 26 0.5 0.26
10 27 0.49 0.14
10 28 0.56 0.12
10 29 0.65 0.18
10 30 0.61 0.15
10 31 0.47 0.27
10 32 0.71 0.12
10 33 0.76 0.14
10 34 0.66 0.22
10 35 0.44 0.22
10 36 0.65 0.22
10 37 0.59 0.07
10 38 0.71 0.15
10 39 0.36 0.13
10 40 0.55 0.22
10 41 0.48 0.13
10 42 0.61 0.1
10 43 0.41 0.21
10 44 0.46 0.13
10 45 0.22 0.15
10 46 0.45 0.12
10 47 0.58 0.24
10 48 0.55 0.21
10 49 0.58 0.22
10 50 0.64 0.12
11 12 0.3 0.2
11 13 0.42 0.25
11 14 0.74 0.28
11 15 0.61 0.12
11 16 0.58 0.23
11 17 0.53 0.22
11 18 0.3 0.16
11 19 0.52 0.28
11 20 0.5 0.2
11 21 0.58 0.2
11 22 0.36 0.2
11 23 0.67 0.24
11 24 0.48 0.16
11 25 0.68 0.24
11 26 0.6 0.28
11 27 0.68 0.24
11 28 0.61 0.24
11 29 0.48 0.23
11 30 0.44 0.22
11 31 0.56 0.3
11 32 0.64 0.18
11 33 0.66 0.2
11 34 0.5 0.22
11 35 0.5 0.22
11 36 0.61 0.04
11 37 0.63 0.2
11 38 0.6 0.12
11 39 0.67 0.19
11 40 0.52 0.16
11 41 0.55 0.29
11 42 0.6 0.26
11 43 0.56 0.27
11 44 0.6 0.17
11 45 0.14 0.12
11 46 0.44 0.18
11 47 0.47 0.16
11 48 0.71 0.18
11 49 0.34 0.26
11 50 0.52 0.12
12 13 0.37 0.28
12 14 0.77 0.3
12 15 0.59 0.14
12 16 0.54 0.24
12 17 0.6 0.23
12 18 0.45 0.14
12 19 0.72 0.32
12 20 0.42 0.18
12 21 0.56 0.14
12 22 0.52 0.29
12 23 0.77 0.23
12 24 0.44 0.26
12 25 0.64 0.26
12 26 0.72 0.08
12 27 0.65 0.26
12 28 0.52 0.24
12 29 0.48 0.18
12 30 0.38 0.22
12 31 0.26 0.18
12 32 0.68 0.16
12 33 0.63 0.14
12 34 0.58 0.22
12 35 0.6 0.18
12 36 0.42 0.24
12 37 0.75 0.29
12 38 0.58 0.3
12 39 0.56 0.22
12 40 0.65 0.18
12 41 0.54 0.26
12 42 0.56 0.12
12 43 0.57 0.24
12 44 0.61 0.22
12 45 0.3 0.22
12 46 0.49 0.16
12 47 0.64 0.1
12 48 0.56 0.19
12 49 0.42 0.18
12 50 0.59 0.24
13 14 0.4 0.26
13 15 0.32 0.14
13 16 0.59 0.1
13 17 0.32 0.17
13 18 0.51 0.21
13 19 0.61 0.22
13 20 0.54 0.11
13 21 0.7 0.22
13 22 0.56 0.16
13 23 0.54 0.19
13 24 0.48 0.16
13 25 0.5 0.24
13 26 0.52 0.31
13 27 0.28 0.18
13 28 0.46 0.19
13 29 0.64 0.16
13 30 0.62 0.22
13 31 0.58 0.28
13 32 0.5 0.19
13 33 0.64 0.2
13 34 0.6 0.25
13 35 0.23 0.15
13 36 0.57 0.29
13 37 0.38 0.14
13 38 0.52 0.22
13 39 0.57 0.06
13 40 0.72 0.18
13 41 0.54 0.2
13 42 0.64 0.17
13 43 0.2 0.14
13 44 0.5 0.2
13 45 0.43 0.2
13 46 0.66 0.19
13 47 0.58 0.18
13 48 0.64 0.22
13 49 0.59 0.21
13 50 0.63 0.19
14 15 0.61 0.27
14 16 0.64 0.26
14 17 0.35 0.22
14 18 0.59 0.27
14 19 0.62 0.23
14 20 0.42 0.24
14 21 0.7 0.27
14 22 0.52 0.26
14 23 0.46 0.3
14 24 0.38 0.12
14 25 0.47 0.04
14 26 0.76 0.22
14 27 0.52 0.27
14 28 0.64 0.23
14 29 0.56 0.24
14 30 0.44 0.29
14 31 0.74 0.14
14 32 0.4 0.23
14 33 0.48 0.22
14 34 0.74 0.29
14 35 0.63 0.32
14 36 0.54 0.32
14 37 0.64 0.28
14 38 0.56 0.3
14 39 0.48 0.22
14 40 0.5 0.28
14 41 0.51 0.33
14 42 0.74 0.3
14 43 0.36 0.16
14 44 0.73 0.26
14 45 0.68 0.16
14 46 0.75 0.23
14 47 0.48 0.23
14 48 0.24 0.14
14 49 0.69 0.2
14 50 0.48 0.18
15 16 0.65 0.12
15 17 0.42 0.17
15 18 0.54 0.08
15 19 0.48 0.27
15 20 0.64 0.18
15 21 0.6 0.08
15 22 0.58 0.25
15 23 0.58 0.29
15 24 0.8 0.18
15 25 0.75 0.23
15 26 0.25 0.2
15 27 0.48 0.12
15 28 0.69 0.17
15 29 0.76 0.14
15 30 0.71 0.14
15 31 0.76 0.18
15 32 0.66 0.08
15 33 0.62 0.1
15 34 0.67 0.17
15 35 0.55 0.14
15 36 0.73 0.15
15 37 0.69 0.19
15 38 0.7 0.23
15 39 0.57 0.08
15 40 0.59 0.04
15 41 0.64 0.2
15 42 0.41 0.2
15 43 0.38 0.23
15 44 0.56 0.18
15 45 0.71 0.22
15 46 0.56 0.08
15 47 0.31 0.04
15 48 0.48 0.13
15 49 0.61 0.16
15 50 0.4 0.1
16 17 0.54 0.25
16 18 0.71 0.2
16 19 0.44 0.2
16 20 0.34 0.14
16 21 0.52 0.2
16 22 0.46 0.17
16 23 0.46 0.28
16 24 0.8 0.14
16 25 0.69 0.22
16 26 0.68 0.3
16 27 0.73 0.16
16 28 0.73 0.22
16 29 0.71 0.06
16 30 0.52 0.16
16 31 0.66 0.3
16 32 0.74 0.1
16 33 0.59 0.1
16 34 0.58 0.23
16 35 0.36 0.14
16 36 0.64 0.27
16 37 0.54 0.23
16 38 0.48 0.28
16 39 0.46 0.04
16 40 0.62 0.16
16 41 0.32 0.23
16 42 0.54 0.2
16 43 0.69 0.24
16 44 0.67 0.25
16 45 0.44 0.18
16 46 0.7 0.1
16 47 0.73 0.16
16 48 0.52 0.16
16 49 0.68 0.19
16 50 0.46 0.17
17 18 0.24 0.14
17 19 0.51 0.1
17 20 0.4 0.15
17 21 0.44 0.17
17 22 0.61 0.27
17 23 0.56 0.22
17 24 0.44 0.15
17 25 0.64 0.23
17 26 0.67 0.25
17 27 0.58 0.25
17 28 0.46 0.23
17 29 0.4 0.19
17 30 0.62 0.23
17 31 0.54 0.32
17 32 0.53 0.17
17 33 0.32 0.15
17 34 0.5 0.11
17 35 0.5 0.2
17 36 0.57 0.26
17 37 0.42 0.18
17 38 0.55 0.21
17 39 0.54 0.23
17 40 0.6 0.21
17 41 0.22 0.2
17 42 0.7 0.17
17 43 0.52 0.31
17 44 0.64 0.15
17 45 0.39 0.19
17 46 0.6 0.17
17 47 0.58 0.13
17 48 0.5 0.22
17 49 0.61 0.2
17 50 0.64 0.23
18 19 0.75 0.24
18 20 0.62 0.2
18 21 0.49 0.08
18 22 0.48 0.28
18 23 0.44 0.23
18 24 0.52 0.2
18 25 0.59 0.23
18 26 0.75 0.22
18 27 0.71 0.14
18 28 0.56 0.18
18 29 0.64 0.22
18 30 0.7 0.22
18 31 0.3 0.18
18 32 0.77 0.16
18 33 0.56 0.18
18 34 0.46 0.09
18 35 0.38 0.06
18 36 0.69 0.2
18 37 0.47 0.21
18 38 0.64 0.19
18 39 0.66 0.16
18 40 0.59 0.12
18 41 0.46 0.2
18 42 0.66 0.26
18 43 0.68 0.23
18 44 0.76 0.2
18 45 0.38 0.16
18 46 0.4 0.16
18 47 0.58 0.04
18 48 0.58 0.13
18 49 0.64 0.16
18 50 0.4 0.12
19 20 0.47 0.19
19 21 0.54 0.23
19 22 0.67 0.25
19 23 0.53 0.32
19 24 0.66 0.25
19 25 0.61 0.19
19 26 0.68 0.29
19 27 0.64 0.15
19 28 0.7 0.13
19 29 0.48 0.14
19 30 0.81 0.26
19 31 0.49 0.28
19 32 0.33 0.2
19 33 0.66 0.18
19 34 0.74 0.21
19 35 0.64 0.26
19 36 0.64 0.24
19 37 0.63 0.08
19 38 0.52 0.16
19 39 0.61 0.24
19 40 0.51 0.23
19 41 0.54 0.18
19 42 0.6 0.25
19 43 0.41 0.26
19 44 0.51 0.25
19 45 0.45 0.29
19 46 0.56 0.2
19 47 0.62 0.23
19 48 0.54 0.24
19 49 0.76 0.24
19 50 0.66 0.25
20 21 0.4 0.19
20 22 0.71 0.27
20 23 0.42 0.23
20 24 0.5 0.14
20 25 0.44 0.22
20 26 0.66 0.22
20 27 0.59 0.18
20 28 0.56 0.16
20 29 0.46 0.19
20 30 0.58 0.19
20 31 0.54 0.3
20 32 0.46 0.16
20 33 0.64 0.18
20 34 0.52 0.25
20 35 0.52 0.26
20 36 0.47 0.18
20 37 0.67 0.11
20 38 0.31 0.19
20 39 0.75 0.17
20 40 0.43 0.22
20 41 0.18 0.09
20 42 0.5 0.06
20 43 0.63 0.25
20 44 0.54 0.16
20 45 0.54 0.18
20 46 0.56 0.16
20 47 0.6 0.22
20 48 0.64 0.25
20 49 0.57 0.26
20 50 0.24 0.08
21 22 0.66 0.27
21 23 0.59 0.29
21 24 0.6 0.26
21 25 0.6 0.23
21 26 0.54 0.22
21 27 0.63 0.2
21 28 0.64 0.1
21 29 0.36 0.16
21 30 0.62 0.16
21 31 0.59 0.26
21 32 0.3 0.1
21 33 0.54 0.12
21 34 0.59 0.17
21 35 0.47 0.14
21 36 0.55 0.23
21 37 0.62 0.15
21 38 0.58 0.19
21 39 0.57 0.16
21 40 0.7 0.12
21 41 0.22 0.12
21 42 0.38 0.24
21 43 0.57 0.15
21 44 0.36 0.19
21 45 0.44 0.24
21 46 0.6 0.1
21 47 0.47 0.04
21 48 0.68 0.13
21 49 0.61 0.16
21 50 0.64 0.11
22 23 0.7 0.27
22 24 0.46 0.22
22 25 0.32 0.22
22 26 0.58 0.22
22 27 0.6 0.29
22 28 0.52 0.27
22 29 0.31 0.11
22 30 0.64 0.23
22 31 0.7 0.33
22 32 0.6 0.17
22 33 0.4 0.15
22 34 0.67 0.29
22 35 0.62 0.31
22 36 0.54 0.16
22 37 0.56 0.22
22 38 0.59 0.24
22 39 0.6 0.21
22 40 0.6 0.29
22 41 0.7 0.36
22 42 0.42 0.22
22 43 0.49 0.24
22 44 0.58 0.14
22 45 0.22 0.18
22 46 0.52 0.17
22 47 0.56 0.29
22 48 0.54 0.21
22 49 0.7 0.36
22 50 0.47 0.19
23 24 0.7 0.31
23 25 0.49 0.26
23 26 0.44 0.22
23 27 0.5 0.35
23 28 0.58 0.32
23 29 0.54 0.26
23 30 0.42 0.19
23 31 0.64 0.29
23 32 0.56 0.25
23 33 0.72 0.27
23 34 0.5 0.2
23 35 0.6 0.17
23 36 0.7 0.2
23 37 0.38 0.33
23 38 0.68 0.28
23 39 0.69 0.24
23 40 0.64 0.33
23 41 0.37 0.32
23 42 0.28 0.17
23 43 0.72 0.3
23 44 0.68 0.15
23 45 0.53 0.35
23 46 0.75 0.25
23 47 0.46 0.25
23 48 0.22 0.16
23 49 0.55 0.17
23 50 0.66 0.23
24 25 0.28 0.08
24 26 0.78 0.26
24 27 0.74 0.2
24 28 0.72 0.27
24 29 0.53 0.2
24 30 0.44 0.22
24 31 0.48 0.26
24 32 0.6 0.22
24 33 0.67 0.2
24 34 0.76 0.26
24 35 0.63 0.26
24 36 0.54 0.2
24 37 0.74 0.25
24 38 0.7 0.23
24 39 0.36 0.1
24 40 0.52 0.22
24 41 0.56 0.23
24 42 0.76 0.2
24 43 0.48 0.28
24 44 0.73 0.25
24 45 0.39 0.04
24 46 0.48 0.22
24 47 0.5 0.22
24 48 0.55 0.15
24 49 0.82 0.2
24 50 0.7 0.22
25 26 0.56 0.18
25 27 0.61 0.28
25 28 0.67 0.19
25 29 0.46 0.2
25 30 0.51 0.25
25 31 0.38 0.18
25 32 0.5 0.19
25 33 0.64 0.18
25 34 0.48 0.32
25 35 0.35 0.29
25 36 0.63 0.28
25 37 0.58 0.24
25 38 0.47 0.26
25 39 0.64 0.18
25 40 0.64 0.27
25 41 0.62 0.31
25 42 0.58 0.28
25 43 0.38 0.2
25 44 0.57 0.22
25 45 0.54 0.12
25 46 0.28 0.19
25 47 0.5 0.19
25 48 0.27 0.1
25 49 0.7 0.24
25 50 0.6 0.14
26 27 0.66 0.26
26 28 0.44 0.16
26 29 0.67 0.26
26 30 0.68 0.3
26 31 0.52 0.26
26 32 0.46 0.24
26 33 0.54 0.22
26 34 0.42 0.14
26 35 0.46 0.16
26 36 0.61 0.32
26 37 0.44 0.21
26 38 0.63 0.24
26 39 0.68 0.28
26 40 0.63 0.18
26 41 0.48 0.24
26 42 0.16 0.16
26 43 0.63 0.32
26 44 0.42 0.24
26 45 0.48 0.3
26 46 0.48 0.24
26 47 0.28 0.18
26 48 0.52 0.27
26 49 0.59 0.21
26 50 0.44 0.3
27 28 0.74 0.12
27 29 0.59 0.22
27 30 0.72 0.21
27 31 0.42 0.15
27 32 0.74 0.2
27 33 0.64 0.22
27 34 0.32 0.23
27 35 0.51 0.2
27 36 0.64 0.23
27 37 0.36 0.07
27 38 0.66 0.15
27 39 0.55 0.2
27 40 0.73 0.08
27 41 0.41 0.27
27 42 0.6 0.24
27 43 0.48 0.11
27 44 0.68 0.27
27 45 0.7 0.24
27 46 0.46 0.2
27 47 0.7 0.16
27 48 0.72 0.19
27 49 0.34 0.18
27 50 0.59 0.22
28 29 0.62 0.18
28 30 0.54 0.18
28 31 0.62 0.25
28 32 0.6 0.12
28 33 0.54 0.14
28 34 0.79 0.23
28 35 0.67 0.16
28 36 0.29 0.2
28 37 0.51 0.05
28 38 0.45 0.13
28 39 0.78 0.25
28 40 0.4 0.13
28 41 0.68 0.22
28 42 0.6 0.22
28 43 0.56 0.19
28 44 0.48 0.23
28 45 0.58 0.27
28 46 0.7 0.12
28 47 0.64 0.14
28 48 0.4 0.18
28 49 0.42 0.26
28 50 0.38 0.15
29 30 0.52 0.12
29 31 0.63 0.26
29 32 0.66 0.06
29 33 0.18 0.04
29 34 0.72 0.26
29 35 0.64 0.2
29 36 0.43 0.21
29 37 0.58 0.18
29 38 0.59 0.26
29 39 0.29 0.1
29 40 0.68 0.18
29 41 0.39 0.28
29 42 0.64 0.2
29 43 0.64 0.24
29 44 0.62 0.19
29 45 0.53 0.24
29 46 0.68 0.06
29 47 0.49 0.18
29 48 0.32 0.1
29 49 0.64 0.25
29 50 0.65 0.11
30 31 0.62 0.32
30 32 0.67 0.06
30 33 0.5 0.08
30 34 0.58 0.16
30 35 0.44 0.24
30 36 0.51 0.26
30 37 0.5 0.22
30 38 0.67 0.24
30 39 0.5 0.2
30 40 0.76 0.18
30 41 0.4 0.26
30 42 0.68 0.14
30 43 0.42 0.29
30 44 0.32 0.16
30 45 0.42 0.25
30 46 0.34 0.06
30 47 0.4 0.18
30 48 0.58 0.15
30 49 0.72 0.25
30 50 0.7 0.18
31 32 0.71 0.26
31 33 0.64 0.28
31 34 0.48 0.27
31 35 0.68 0.24
31 36 0.39 0.3
31 37 0.64 0.2
31 38 0.46 0.27
31 39 0.72 0.26
31 40 0.62 0.14
31 41 0.72 0.34
31 42 0.36 0.24
31 43 0.38 0.14
31 44 0.58 0.34
31 45 0.56 0.3
31 46 0.38 0.26
31 47 0.75 0.22
31 48 0.57 0.28
31 49 0.42 0.24
31 50 0.46 0.28
32 33 0.69 0.02
32 34 0.42 0.22
32 35 0.52 0.22
32 36 0.49 0.22
32 37 0.57 0.17
32 38 0.62 0.25
32 39 0.61 0.14
32 40 0.54 0.12
32 41 0.52 0.22
32 42 0.62 0.14
32 43 0.43 0.23
32 44 0.66 0.2
32 45 0.54 0.25
32 46 0.42 0.0
32 47 0.38 0.12
32 48 0.46 0.09
32 49 0.43 0.24
32 50 0.46 0.12
33 34 0.75 0.22
33 35 0.66 0.24
33 36 0.25 0.2
33 37 0.4 0.19
33 38 0.41 0.27
33 39 0.4 0.14
33 40 0.5 0.14
33 41 0.54 0.24
33 42 0.68 0.16
33 43 0.73 0.25
33 44 0.44 0.22
33 45 0.6 0.23
33 46 0.5 0.02
33 47 0.31 0.14
33 48 0.5 0.11
33 49 0.71 0.26
33 50 0.49 0.14
34 35 0.6 0.15
34 36 0.5 0.18
34 37 0.53 0.18
34 38 0.42 0.1
34 39 0.43 0.19
34 40 0.63 0.21
34 41 0.54 0.29
34 42 0.58 0.19
34 43 0.46 0.27
34 44 0.67 0.17
34 45 0.45 0.25
34 46 0.71 0.22
34 47 0.7 0.13
34 48 0.64 0.22
34 49 0.43 0.09
34 50 0.64 0.21
35 36 0.74 0.26
35 37 0.61 0.21
35 38 0.64 0.24
35 39 0.76 0.18
35 40 0.59 0.18
35 41 0.54 0.26
35 42 0.6 0.3
35 43 0.43 0.29
35 44 0.68 0.26
35 45 0.58 0.22
35 46 0.63 0.22
35 47 0.7 0.1
35 48 0.62 0.19
35 49 0.61 0.12
35 50 0.4 0.18
36 37 0.57 0.16
36 38 0.16 0.08
36 39 0.63 0.23
36 40 0.63 0.19
36 41 0.65 0.27
36 42 0.46 0.23
36 43 0.48 0.25
36 44 0.19 0.13
36 45 0.65 0.16
36 46 0.41 0.22
36 47 0.56 0.19
36 48 0.66 0.22
36 49 0.48 0.27
36 50 0.44 0.16
37 38 0.73 0.08
37 39 0.77 0.2
37 40 0.7 0.15
37 41 0.64 0.2
37 42 0.28 0.17
37 43 0.58 0.18
37 44 0.38 0.2
37 45 0.49 0.22
37 46 0.56 0.17
37 47 0.71 0.19
37 48 0.6 0.23
37 49 0.54 0.25
37 50 0.66 0.19
38 39 0.7 0.24
38 40 0.62 0.23
38 41 0.49 0.28
38 42 0.62 0.25
38 43 0.32 0.17
38 44 0.35 0.15
38 45 0.74 0.24
38 46 0.57 0.25
38 47 0.6 0.23
38 48 0.68 0.16
38 49 0.32 0.19
38 50 0.55 0.23
39 40 0.68 0.12
39 41 0.68 0.26
39 42 0.52 0.23
39 43 0.56 0.2
39 44 0.62 0.26
39 45 0.53 0.14
39 46 0.51 0.14
39 47 0.67 0.12
39 48 0.61 0.16
39 49 0.51 0.15
39 50 0.66 0.18
40 41 0.48 0.2
40 42 0.77 0.24
40 43 0.69 0.19
40 44 0.7 0.22
40 45 0.38 0.26
40 46 0.57 0.12
40 47 0.55 0.08
40 48 0.74 0.17
40 49 0.58 0.2
40 50 0.19 0.14
41 42 0.56 0.15
41 43 0.73 0.27
41 44 0.58 0.25
41 45 0.61 0.27
41 46 0.38 0.22
41 47 0.6 0.16
41 48 0.54 0.25
41 49 0.39 0.28
41 50 0.42 0.17
42 43 0.74 0.31
42 44 0.48 0.1
42 45 0.56 0.24
42 46 0.64 0.14
42 47 0.44 0.22
42 48 0.5 0.2
42 49 0.75 0.28
42 50 0.58 0.14
43 44 0.66 0.28
43 45 0.63 0.3
43 46 0.66 0.23
43 47 0.57 0.19
43 48 0.6 0.14
43 49 0.64 0.23
43 50 0.5 0.2
44 45 0.59 0.21
44 46 0.6 0.2
44 47 0.7 0.22
44 48 0.51 0.18
44 49 0.58 0.26
44 50 0.53 0.08
45 46 0.5 0.25
45 47 0.61 0.2
45 48 0.7 0.19
45 49 0.48 0.24
45 50 0.57 0.24
46 47 0.74 0.12
46 48 0.55 0.09
46 49 0.54 0.24
46 50 0.54 0.12
47 48 0.24 0.09
47 49 0.4 0.12
47 50 0.36 0.14
48 49 0.64 0.21
48 50 0.6 0.19
49 50 0.74 0.26
node_demand
0.1
0.175
0.075
0.15
0.125
0.075
0.025
0.2
0.225
0.1
0.125
0.1
0.15
0.125
0.1
0.025
0.175
0.225
0.025
0.15
0.1
0.225
0.225
0.025
0.075
0.025
0.05
0.075
0.15
0.1
0.1
0.225
0.1
0.1
0.1
0.1
0.175
0.175
0.05
0.2
0.175
0.125
0.15
0.175
0.075
0.05
0.15
0.075
0.15
0.175
