50
0 1 0.8 0.22
0 2 0.51 0.23
0 3 0.26 0.15
0 4 0.66 0.27
0 5 0.81 0.21
0 6 0.61 0.2
0 7 0.66 0.28
0 8 0.56 0.2
0 9 0.5 0.06
0 10 0.75 0.18
0 11 0.56 0.3
0 12 0.78 0.24
0 13 0.56 0.2
0 14 0.62 0.19
0 15 0.42 0.2
0 16 0.74 0.24
0 17 0.49 0.14
0 18 0.58 0.27
0 19 0.76 0.12
0 20 0.62 0.32
0 21 0.46 0.14
0 22 0.52 0.11
0 23 0.54 0.26
0 24 0.72 0.22
0 25 0.34 0.15
0 26 0.61 0.18
0 27 0.68 0.31
0 28 0.56 0.28
0 29 0.64 0.08
0 30 0.68 0.2
0 31 0.54 0.2
0 32 0.69 0.27
0 33 0.67 0.21
0 34 0.49 0.18
0 35 0.52 0.23
0 36 0.44 0.18
0 37 0.72 0.26
0 38 0.58 0.14
0 39 0.53 0.2
0 40 0.3 0.18
0 41 0.58 0.16
0 42 0.6 0.25
0 43 0.69 0.16
0 44 0.62 0.24
0 45 0.58 0.21
0 46 0.59 0.12
0 47 0.54 0.22
0 48 0.7 0.24
0 49 0.55 0.33
0 50 0.74 0.21
1 2 0.7 0.26
1 3 0.54 0.18
1 4 0.74 0.34
1 5 0.74 0.18
1 6 0.64 0.12
1 7 0.46 0.1
1 8 0.59 0.16
1 9 0.69 0.16
1 10 0.5 0.2
1 11 0.72 0.18
1 12 0.37 0.21
1 13 0.67 0.18
1 14 0.36 0.15
1 15 0.68 0.16
1 16 0.6 0.2
1 17 0.54 0.12
1 18 0.58 0.26
1 19 0.64 0.19
1 20 0.32 0.22
1 21 0.6 0.17
1 22 0.43 0.24
1 23 0.46 0.24
1 24 0.28 0.04
1 25 0.59 0.18
1 26 0.57 0.14
1 27 0.62 0.28
1 28 0.75 0.3
1 29 0.52 0.21
1 30 0.63 0.27
1 31 0.6 0.2
1 32 0.73 0.24
1 33 0.64 0.18
1 34 0.71 0.14
1 35 0.55 0.24
1 36 0.57 0.21
1 37 0.69 0.28
1 38 0.28 0.2
1 39 0.52 0.2
1 40 0.66 0.18
1 41 0.52 0.16
1 42 0.65 0.22
1 43 0.38 0.16
1 44 0.66 0.14
1 45 0.6 0.22
1 46 0.68 0.18
1 47 0.58 0.22
1 48 0.4 0.2
1 49 0.62 0.29
1 50 0.5 0.28
2 3 0.56 0.16
2 4 0.52 0.28
2 5 0.5 0.12
2 6 0.46 0.14
2 7 0.62 0.3
2 8 0.58 0.14
2 9 0.5 0.17
2 10 0.52 0.28
2 11 0.56 0.22
2 12 0.75 0.19
2 13 0.5 0.14
2 14 0.6 0.13
2 15 0.78 0.1
2 16 0.7 0.18
2 17 0.58 0.2
2 18 0.65 0.27
2 19 0.59 0.19
2 20 0.52 0.24
2 21 0.39 0.17
2 22 0.56 0.12
2 23 0.68 0.25
2 24 0.46 0.27
2 25 0.32 0.18
2 26 0.68 0.12
2 27 0.77 0.33
2 28 0.4 0.24
2 29 0.7 0.22
2 30 0.49 0.25
2 31 0.82 0.18
2 32 0.56 0.28
2 33 0.69 0.22
2 34 0.3 0.12
2 35 0.42 0.08
2 36 0.56 0.15
2 37 0.5 0.16
2 38 0.54 0.28
2 39 0.78 0.18
2 40 0.56 0.13
2 41 0.52 0.14
2 42 0.5 0.1
2 43 0.5 0.18
2 44 0.38 0.24
2 45 0.52 0.24
2 46 0.39 0.29
2 47 0.44 0.2
2 48 0.57 0.18
2 49 0.62 0.27
2 50 0.45 0.28
3 4 0.48 0.24
3 5 0.57 0.08
3 6 0.6 0.06
3 7 0.53 0.26
3 8 0.46 0.06
3 9 0.49 0.19
3 10 0.7 0.23
3 11 0.3 0.2
3 12 0.61 0.15
3 13 0.4 0.2
3 14 0.63 0.05
3 15 0.4 0.06
3 16 0.69 0.1
3 17 0.64 0.16
3 18 0.59 0.22
3 19 0.5 0.13
3 20 0.65 0.22
3 21 0.59 0.11
3 22 0.52 0.24
3 23 0.53 0.22
3 24 0.66 0.2
3 25 0.41 0.1
3 26 0.73 0.04
3 27 0.55 0.32
3 28 0.6 0.2
3 29 0.79 0.14
3 30 0.66 0.17
3 31 0.6 0.1
3 32 0.62 0.2
3 33 0.48 0.06
3 34 0.26 0.04
3 35 0.68 0.14
3 36 0.45 0.11
3 37 0.55 0.18
3 38 0.73 0.2
3 39 0.72 0.1
3 40 0.56 0.2
3 41 0.32 0.06
3 42 0.57 0.12
3 43 0.56 0.18
3 44 0.66 0.1
3 45 0.56 0.16
3 46 0.4 0.18
3 47 0.8 0.12
3 48 0.64 0.14
3 49 0.29 0.19
3 50 0.64 0.22
4 5 0.68 0.2
4 6 0.61 0.22
4 7 0.66 0.29
4 8 0.33 0.22
4 9 0.74 0.33
4 10 0.7 0.23
4 11 0.51 0.3
4 12 0.45 0.25
4 13 0.32 0.23
4 14 0.61 0.21
4 15 0.41 0.18
4 16 0.46 0.26
4 17 0.52 0.29
4 18 0.41 0.2
4 19 0.66 0.27
4 20 0.61 0.32
4 21 0.49 0.25
4 22 0.56 0.16
4 23 0.67 0.37
4 24 0.68 0.32
4 25 0.37 0.24
4 26 0.65 0.2
4 27 0.68 0.38
4 28 0.52 0.25
4 29 0.68 0.28
4 30 0.44 0.31
4 31 0.68 0.16
4 32 0.56 0.3
4 33 0.4 0.3
4 34 0.22 0.2
4 35 0.24 0.2
4 36 0.61 0.23
4 37 0.3 0.26
4 38 0.46 0.31
4 39 0.58 0.24
4 40 0.36 0.18
4 41 0.48 0.2
4 42 0.66 0.22
4 43 0.41 0.3
4 44 0.53 0.3
4 45 0.63 0.26
4 46 0.63 0.35
4 47 0.55 0.26
4 48 0.46 0.24
4 49 0.61 0.32
4 50 0.64 0.32
5 6 0.72 0.06
5 7 0.54 0.25
5 8 0.64 0.06
5 9 0.72 0.19
5 10 0.81 0.22
5 11 0.82 0.2
5 12 0.52 0.11
5 13 0.44 0.2
5 14 0.46 0.05
5 15 0.72 0.02
5 16 0.67 0.1
5 17 0.56 0.16
5 18 0.39 0.22
5 19 0.62 0.13
5 20 0.42 0.16
5 21 0.38 0.11
5 22 0.37 0.24
5 23 0.47 0.22
5 24 0.69 0.22
5 25 0.64 0.1
5 26 0.32 0.04
5 27 0.55 0.28
5 28 0.49 0.12
5 29 0.58 0.14
5 30 0.58 0.17
5 31 0.4 0.1
5 32 0.48 0.2
5 33 0.62 0.14
5 34 0.49 0.04
5 35 0.44 0.14
5 36 0.37 0.03
5 37 0.42 0.18
5 38 0.56 0.2
5 39 0.44 0.1
5 40 0.69 0.16
5 41 0.64 0.06
5 42 0.66 0.12
5 43 0.61 0.18
5 44 0.72 0.14
5 45 0.64 0.16
5 46 0.7 0.21
5 47 0.74 0.1
5 48 0.44 0.1
5 49 0.76 0.19
5 50 0.48 0.22
6 7 0.77 0.22
6 8 0.48 0.04
6 9 0.66 0.17
6 10 0.44 0.21
6 11 0.66 0.18
6 12 0.79 0.13
6 13 0.75 0.18
6 14 0.76 0.03
6 15 0.73 0.04
6 16 0.66 0.08
6 17 0.73 0.14
6 18 0.33 0.17
6 19 0.4 0.11
6 20 0.68 0.18
6 21 0.74 0.09
6 22 0.54 0.26
6 23 0.59 0.16
6 24 0.61 0.16
6 25 0.55 0.08
6 26 0.8 0.02
6 27 0.81 0.3
6 28 0.68 0.18
6 29 0.37 0.12
6 30 0.74 0.15
6 31 0.75 0.08
6 32 0.46 0.22
6 33 0.6 0.12
6 34 0.48 0.02
6 35 0.58 0.12
6 36 0.66 0.09
6 37 0.46 0.16
6 38 0.54 0.18
6 39 0.43 0.08
6 40 0.61 0.18
6 41 0.61 0.04
6 42 0.64 0.1
6 43 0.48 0.16
6 44 0.59 0.16
6 45 0.49 0.11
6 46 0.76 0.19
6 47 0.5 0.1
6 48 0.46 0.12
6 49 0.64 0.17
6 50 0.54 0.2
7 8 0.54 0.25
7 9 0.6 0.26
7 10 0.7 0.18
7 11 0.72 0.2
7 12 0.49 0.21
7 13 0.76 0.2
7 14 0.26 0.22
7 15 0.59 0.25
7 16 0.66 0.29
7 17 0.5 0.14
7 18 0.58 0.16
7 19 0.56 0.21
7 20 0.34 0.12
7 21 0.48 0.19
7 22 0.66 0.34
7 23 0.43 0.26
7 24 0.68 0.06
7 25 0.54 0.2
7 26 0.69 0.23
7 27 0.68 0.24
7 28 0.64 0.28
7 29 0.77 0.23
7 30 0.64 0.32
7 31 0.51 0.29
7 32 0.76 0.26
7 33 0.56 0.2
7 34 0.65 0.23
7 35 0.42 0.22
7 36 0.77 0.28
7 37 0.68 0.27
7 38 0.46 0.29
7 39 0.66 0.29
7 40 0.45 0.2
7 41 0.75 0.25
7 42 0.58 0.2
7 43 0.54 0.18
7 44 0.7 0.16
7 45 0.66 0.22
7 46 0.68 0.28
7 47 0.54 0.28
7 48 0.44 0.2
7 49 0.58 0.31
7 50 0.61 0.2
8 9 0.62 0.17
8 10 0.69 0.2
8 11 0.18 0.14
8 12 0.52 0.13
8 13 0.58 0.18
8 14 0.28 0.03
8 15 0.64 0.04
8 16 0.57 0.08
8 17 0.4 0.14
8 18 0.42 0.16
8 19 0.55 0.11
8 20 0.62 0.2
8 21 0.61 0.09
8 22 0.73 0.26
8 23 0.38 0.2
8 24 0.58 0.2
8 25 0.56 0.08
8 26 0.32 0.02
8 27 0.6 0.3
8 28 0.47 0.18
8 29 0.58 0.12
8 30 0.54 0.15
8 31 0.47 0.08
8 32 0.6 0.22
8 33 0.46 0.12
8 34 0.47 0.02
8 35 0.44 0.12
8 36 0.72 0.09
8 37 0.6 0.16
8 38 0.62 0.18
8 39 0.69 0.08
8 40 0.69 0.18
8 41 0.62 0.04
8 42 0.52 0.1
8 43 0.61 0.16
8 44 0.2 0.16
8 45 0.52 0.1
8 46 0.75 0.19
8 47 0.56 0.1
8 48 0.36 0.12
8 49 0.56 0.17
8 50 0.6 0.2
9 10 0.74 0.16
9 11 0.44 0.24
9 12 0.52 0.23
9 13 0.63 0.19
9 14 0.71 0.16
9 15 0.61 0.17
9 16 0.7 0.21
9 17 0.63 0.13
9 18 0.33 0.22
9 19 0.56 0.06
9 20 0.66 0.3
9 21 0.36 0.08
9 22 0.48 0.17
9 23 0.58 0.25
9 24 0.74 0.2
9 25 0.7 0.09
9 26 0.62 0.15
9 27 0.68 0.25
9 28 0.81 0.26
9 29 0.73 0.14
9 30 0.36 0.25
9 31 0.4 0.21
9 32 0.3 0.24
9 33 0.66 0.18
9 34 0.69 0.15
9 35 0.61 0.17
9 36 0.43 0.22
9 37 0.82 0.21
9 38 0.58 0.2
9 39 0.66 0.21
9 40 0.52 0.24
9 41 0.61 0.17
9 42 0.33 0.19
9 43 0.68 0.1
9 44 0.43 0.22
9 45 0.62 0.16
9 46 0.74 0.18
9 47 0.78 0.23
9 48 0.71 0.22
9 49 0.78 0.28
9 50 0.7 0.15
10 11 0.82 0.28
10 12 0.52 0.26
10 13 0.66 0.2
10 14 0.61 0.2
10 15 0.52 0.21
10 16 0.6 0.25
10 17 0.29 0.17
10 18 0.66 0.22
10 19 0.6 0.1
10 20 0.65 0.3
10 21 0.6 0.12
10 22 0.73 0.29
10 23 0.34 0.18
10 24 0.53 0.24
10 25 0.62 0.13
10 26 0.5 0.19
10 27 0.58 0.28
10 28 0.82 0.1
10 29 0.62 0.22
10 30 0.54 0.23
10 31 0.54 0.25
10 32 0.86 0.36
10 33 0.3 0.22
10 34 0.52 0.19
10 35 0.7 0.21
10 36 0.44 0.25
10 37 0.8 0.28
10 38 0.46 0.16
10 39 0.51 0.25
10 40 0.52 0.29
10 41 0.38 0.21
10 42 0.72 0.23
10 43 0.7 0.13
10 44 0.49 0.26
10 45 0.6 0.19
10 46 0.4 0.22
10 47 0.82 0.27
10 48 0.65 0.25
10 49 0.54 0.32
10 50 0.74 0.19
11 12 0.7 0.27
11 13 0.4 0.2
11 14 0.46 0.17
11 15 0.6 0.18
11 16 0.39 0.1
11 17 0.54 0.22
11 18 0.6 0.28
11 19 0.54 0.18
11 20 0.74 0.3
11 21 0.73 0.2
11 22 0.64 0.34
11 23 0.48 0.31
11 24 0.74 0.14
11 25 0.52 0.21
11 26 0.5 0.16
11 27 0.46 0.38
11 28 0.64 0.32
11 29 0.73 0.25
11 30 0.36 0.12
11 31 0.42 0.14
11 32 0.7 0.28
11 33 0.64 0.26
11 34 0.55 0.16
11 35 0.48 0.14
11 36 0.54 0.23
11 37 0.66 0.22
11 38 0.56 0.19
11 39 0.72 0.22
11 40 0.79 0.28
11 41 0.62 0.18
11 42 0.62 0.16
11 43 0.65 0.24
11 44 0.38 0.24
11 45 0.7 0.24
11 46 0.7 0.33
11 47 0.54 0.24
11 48 0.5 0.26
11 49 0.38 0.28
11 50 0.46 0.27
12 13 0.68 0.21
12 14 0.49 0.12
12 15 0.57 0.09
12 16 0.47 0.17
12 17 0.59 0.23
12 18 0.7 0.24
12 19 0.41 0.18
12 20 0.62 0.09
12 21 0.56 0.18
12 22 0.66 0.31
12 23 0.47 0.24
12 24 0.38 0.21
12 25 0.56 0.17
12 26 0.2 0.11
12 27 0.63 0.28
12 28 0.63 0.23
12 29 0.62 0.16
12 30 0.56 0.17
12 31 0.46 0.17
12 32 0.59 0.23
12 33 0.76 0.21
12 34 0.52 0.11
12 35 0.52 0.21
12 36 0.78 0.14
12 37 0.75 0.25
12 38 0.65 0.1
12 39 0.78 0.17
12 40 0.68 0.07
12 41 0.52 0.13
12 42 0.46 0.19
12 43 0.48 0.13
12 44 0.72 0.25
12 45 0.3 0.19
12 46 0.63 0.24
12 47 0.66 0.1
12 48 0.49 0.01
12 49 0.32 0.15
12 50 0.55 0.27
13 14 0.5 0.17
13 15 0.73 0.18
13 16 0.48 0.22
13 17 0.4 0.06
13 18 0.54 0.22
13 19 0.68 0.13
13 20 0.56 0.22
13 21 0.54 0.11
13 22 0.24 0.15
13 23 0.74 0.18
13 24 0.66 0.14
13 25 0.22 0.12
13 26 0.58 0.16
13 27 0.58 0.27
13 28 0.62 0.28
13 29 0.66 0.22
13 30 0.56 0.28
13 31 0.64 0.18
13 32 0.46 0.29
13 33 0.36 0.2
13 34 0.37 0.16
13 35 0.36 0.06
13 36 0.29 0.23
13 37 0.62 0.14
13 38 0.56 0.22
13 39 0.32 0.18
13 40 0.61 0.24
13 41 0.56 0.14
13 42 0.66 0.08
13 43 0.53 0.16
13 44 0.6 0.22
13 45 0.75 0.16
13 46 0.38 0.24
13 47 0.68 0.2
13 48 0.52 0.2
13 49 0.38 0.21
13 50 0.63 0.22
14 15 0.48 0.03
14 16 0.54 0.07
14 17 0.68 0.13
14 18 0.7 0.19
14 19 0.48 0.1
14 20 0.54 0.19
14 21 0.7 0.08
14 22 0.68 0.25
14 23 0.66 0.19
14 24 0.64 0.19
14 25 0.28 0.07
14 26 0.44 0.01
14 27 0.55 0.27
14 28 0.64 0.17
14 29 0.58 0.11
14 30 0.38 0.12
14 31 0.54 0.07
14 32 0.5 0.21
14 33 0.67 0.11
14 34 0.43 0.01
14 35 0.6 0.11
14 36 0.72 0.08
14 37 0.65 0.15
14 38 0.5 0.17
14 39 0.7 0.07
14 40 0.64 0.17
14 41 0.78 0.03
14 42 0.38 0.09
14 43 0.74 0.15
14 44 0.48 0.15
14 45 0.66 0.13
14 46 0.64 0.18
14 47 0.28 0.09
14 48 0.64 0.11
14 49 0.46 0.14
14 50 0.62 0.18
15 16 0.78 0.08
15 17 0.76 0.14
15 18 0.65 0.2
15 19 0.52 0.11
15 20 0.49 0.16
15 21 0.59 0.09
15 22 0.64 0.22
15 23 0.82 0.2
15 24 0.56 0.2
15 25 0.54 0.08
15 26 0.58 0.02
15 27 0.48 0.3
15 28 0.81 0.14
15 29 0.61 0.12
15 30 0.81 0.15
15 31 0.5 0.08
15 32 0.42 0.18
15 33 0.77 0.12
15 34 0.52 0.02
15 35 0.65 0.12
15 36 0.78 0.05
15 37 0.71 0.16
15 38 0.74 0.18
15 39 0.5 0.08
15 40 0.72 0.14
15 41 0.6 0.04
15 42 0.49 0.1
15 43 0.51 0.16
15 44 0.56 0.16
15 45 0.7 0.14
15 46 0.39 0.19
15 47 0.53 0.1
15 48 0.28 0.08
15 49 0.55 0.17
15 50 0.66 0.2
16 17 0.76 0.18
16 18 0.5 0.18
16 19 0.42 0.15
16 20 0.35 0.24
16 21 0.42 0.13
16 22 0.67 0.3
16 23 0.43 0.24
16 24 0.8 0.24
16 25 0.7 0.12
16 26 0.5 0.06
16 27 0.64 0.34
16 28 0.45 0.22
16 29 0.71 0.16
16 30 0.54 0.19
16 31 0.53 0.12
16 32 0.7 0.26
16 33 0.51 0.16
16 34 0.58 0.06
16 35 0.67 0.16
16 36 0.48 0.13
16 37 0.67 0.2
16 38 0.63 0.22
16 39 0.76 0.12
16 40 0.44 0.22
16 41 0.5 0.08
16 42 0.37 0.14
16 43 0.74 0.2
16 44 0.57 0.2
16 45 0.52 0.18
16 46 0.56 0.23
16 47 0.7 0.14
16 48 0.61 0.16
16 49 0.77 0.21
16 50 0.56 0.24
17 18 0.4 0.27
17 19 0.55 0.07
17 20 0.48 0.26
17 21 0.65 0.05
17 22 0.46 0.21
17 23 0.38 0.12
17 24 0.26 0.08
17 25 0.56 0.06
17 26 0.39 0.12
17 27 0.56 0.21
17 28 0.65 0.24
17 29 0.47 0.2
17 30 0.64 0.22
17 31 0.6 0.18
17 32 0.6 0.26
17 33 0.59 0.15
17 34 0.71 0.12
17 35 0.5 0.12
17 36 0.69 0.19
17 37 0.65 0.2
17 38 0.5 0.24
17 39 0.66 0.18
17 40 0.5 0.22
17 41 0.64 0.14
17 42 0.55 0.14
17 43 0.56 0.22
17 44 0.2 0.16
17 45 0.66 0.21
17 46 0.62 0.18
17 47 0.68 0.2
17 48 0.48 0.22
17 49 0.38 0.25
17 50 0.45 0.16
18 19 0.66 0.24
18 20 0.5 0.28
18 21 0.64 0.22
18 22 0.76 0.36
18 23 0.58 0.22
18 24 0.66 0.22
18 25 0.76 0.23
18 26 0.62 0.18
18 27 0.6 0.27
18 28 0.48 0.12
18 29 0.46 0.24
18 30 0.46 0.28
18 31 0.64 0.2
18 32 0.56 0.34
18 33 0.4 0.27
18 34 0.63 0.18
18 35 0.59 0.19
18 36 0.51 0.2
18 37 0.71 0.11
18 38 0.7 0.3
18 39 0.76 0.19
18 40 0.58 0.28
18 41 0.28 0.16
18 42 0.5 0.21
18 43 0.42 0.12
18 44 0.6 0.31
18 45 0.61 0.06
18 46 0.6 0.15
18 47 0.5 0.22
18 48 0.52 0.24
18 49 0.65 0.31
18 50 0.52 0.16
19 20 0.64 0.27
19 21 0.56 0.02
19 22 0.7 0.23
19 23 0.35 0.19
19 24 0.73 0.15
19 25 0.46 0.03
19 26 0.47 0.09
19 27 0.5 0.28
19 28 0.76 0.2
19 29 0.73 0.17
19 30 0.45 0.19
19 31 0.67 0.15
19 32 0.66 0.26
19 33 0.51 0.12
19 34 0.57 0.09
19 35 0.62 0.11
19 36 0.48 0.16
19 37 0.36 0.18
19 38 0.6 0.21
19 39 0.65 0.15
19 40 0.62 0.25
19 41 0.56 0.11
19 42 0.7 0.13
19 43 0.62 0.16
19 44 0.35 0.16
19 45 0.71 0.18
19 46 0.7 0.15
19 47 0.7 0.17
19 48 0.38 0.19
19 49 0.67 0.22
19 50 0.14 0.09
20 21 0.58 0.25
20 22 0.32 0.27
20 23 0.64 0.23
20 24 0.6 0.18
20 25 0.54 0.24
20 26 0.74 0.18
20 27 0.45 0.35
20 28 0.56 0.28
20 29 0.74 0.25
20 30 0.42 0.26
20 31 0.57 0.19
20 32 0.6 0.32
20 33 0.5 0.28
20 34 0.39 0.18
20 35 0.68 0.16
20 36 0.77 0.19
20 37 0.74 0.22
20 38 0.6 0.19
20 39 0.76 0.24
20 40 0.74 0.14
20 41 0.77 0.2
20 42 0.33 0.14
20 43 0.54 0.2
20 44 0.54 0.28
20 45 0.32 0.26
20 46 0.65 0.33
20 47 0.64 0.17
20 48 0.26 0.08
20 49 0.76 0.24
20 50 0.53 0.32
21 22 0.55 0.25
21 23 0.56 0.17
21 24 0.58 0.13
21 25 0.42 0.01
21 26 0.49 0.07
21 27 0.77 0.26
21 28 0.54 0.22
21 29 0.68 0.15
21 30 0.68 0.17
21 31 0.62 0.13
21 32 0.28 0.24
21 33 0.3 0.1
21 34 0.33 0.07
21 35 0.25 0.09
21 36 0.72 0.14
21 37 0.51 0.17
21 38 0.62 0.19
21 39 0.55 0.13
21 40 0.67 0.23
21 41 0.64 0.09
21 42 0.66 0.11
21 43 0.42 0.18
21 44 0.57 0.14
21 45 0.26 0.16
21 46 0.69 0.13
21 47 0.57 0.15
21 48 0.67 0.17
21 49 0.62 0.2
21 50 0.7 0.11
22 23 0.66 0.33
22 24 0.64 0.28
22 25 0.46 0.26
22 26 0.46 0.24
22 27 0.52 0.22
22 28 0.49 0.36
22 29 0.58 0.19
22 30 0.66 0.31
22 31 0.77 0.3
22 32 0.7 0.16
22 33 0.46 0.18
22 34 0.61 0.24
22 35 0.6 0.2
22 36 0.53 0.27
22 37 0.5 0.28
22 38 0.71 0.25
22 39 0.56 0.3
22 40 0.72 0.25
22 41 0.6 0.26
22 42 0.65 0.22
22 43 0.71 0.27
22 44 0.57 0.19
22 45 0.64 0.31
22 46 0.33 0.23
22 47 0.74 0.32
22 48 0.58 0.3
22 49 0.62 0.24
22 50 0.7 0.32
23 24 0.62 0.2
23 25 0.6 0.18
23 26 0.4 0.18
23 27 0.4 0.18
23 28 0.5 0.28
23 29 0.62 0.28
23 30 0.62 0.24
23 31 0.32 0.24
23 32 0.66 0.38
23 33 0.38 0.27
23 34 0.45 0.18
23 35 0.48 0.17
23 36 0.56 0.2
23 37 0.52 0.25
23 38 0.44 0.22
23 39 0.46 0.24
23 40 0.36 0.28
23 41 0.66 0.2
23 42 0.77 0.19
23 43 0.5 0.23
23 44 0.58 0.28
23 45 0.36 0.23
23 46 0.46 0.3
23 47 0.48 0.14
23 48 0.61 0.23
23 49 0.68 0.32
23 50 0.49 0.28
24 25 0.48 0.14
24 26 0.37 0.18
24 27 0.58 0.24
24 28 0.47 0.3
24 29 0.24 0.17
24 30 0.38 0.26
24 31 0.82 0.24
24 32 0.62 0.2
24 33 0.64 0.14
24 34 0.48 0.18
24 35 0.68 0.2
24 36 0.58 0.25
24 37 0.72 0.28
24 38 0.4 0.23
24 39 0.4 0.24
24 40 0.42 0.14
24 41 0.72 0.2
24 42 0.54 0.22
24 43 0.51 0.2
24 44 0.38 0.1
24 45 0.43 0.26
24 46 0.4 0.22
24 47 0.58 0.22
24 48 0.62 0.2
24 49 0.54 0.25
24 50 0.71 0.24
25 26 0.36 0.06
25 27 0.56 0.27
25 28 0.64 0.22
25 29 0.69 0.14
25 30 0.34 0.16
25 31 0.67 0.12
25 32 0.58 0.25
25 33 0.58 0.11
25 34 0.15 0.06
25 35 0.56 0.1
25 36 0.51 0.13
25 37 0.53 0.18
25 38 0.4 0.18
25 39 0.54 0.12
25 40 0.61 0.22
25 41 0.5 0.08
25 42 0.57 0.12
25 43 0.6 0.19
25 44 0.7 0.15
25 45 0.68 0.17
25 46 0.36 0.12
25 47 0.56 0.14
25 48 0.61 0.16
25 49 0.51 0.19
25 50 0.58 0.12
26 27 0.8 0.28
26 28 0.75 0.16
26 29 0.44 0.1
26 30 0.7 0.13
26 31 0.66 0.06
26 32 0.48 0.2
26 33 0.56 0.1
26 34 0.48 0.0
26 35 0.69 0.1
26 36 0.64 0.07
26 37 0.62 0.14
26 38 0.52 0.16
26 39 0.76 0.06
26 40 0.62 0.16
26 41 0.56 0.02
26 42 0.57 0.08
26 43 0.52 0.14
26 44 0.52 0.14
26 45 0.47 0.12
26 46 0.43 0.17
26 47 0.71 0.08
26 48 0.68 0.1
26 49 0.44 0.15
26 50 0.52 0.18
27 28 0.81 0.33
27 29 0.81 0.35
27 30 0.45 0.32
27 31 0.45 0.28
27 32 0.72 0.22
27 33 0.47 0.27
27 34 0.62 0.28
27 35 0.58 0.25
27 36 0.6 0.31
27 37 0.74 0.31
27 38 0.62 0.38
27 39 0.71 0.31
27 40 0.7 0.31
27 41 0.76 0.27
27 42 0.41 0.27
27 43 0.74 0.15
27 44 0.66 0.23
27 45 0.76 0.21
27 46 0.42 0.3
27 47 0.53 0.32
27 48 0.58 0.27
27 49 0.84 0.14
27 50 0.62 0.37
28 29 0.49 0.26
28 30 0.5 0.26
28 31 0.78 0.22
28 32 0.72 0.31
28 33 0.74 0.19
28 34 0.6 0.16
28 35 0.76 0.26
28 36 0.84 0.15
28 37 0.82 0.22
28 38 0.76 0.26
28 39 0.62 0.19
28 40 0.54 0.28
28 41 0.48 0.18
28 42 0.78 0.24
28 43 0.75 0.18
28 44 0.45 0.21
28 45 0.8 0.12
28 46 0.42 0.21
28 47 0.84 0.22
28 48 0.73 0.22
28 49 0.62 0.31
28 50 0.62 0.28
29 30 0.37 0.13
29 31 0.71 0.12
29 32 0.68 0.26
29 33 0.42 0.2
29 34 0.54 0.1
29 35 0.44 0.16
29 36 0.82 0.17
29 37 0.57 0.18
29 38 0.49 0.06
29 39 0.56 0.12
29 40 0.64 0.14
29 41 0.66 0.08
29 42 0.58 0.18
29 43 0.61 0.2
29 44 0.38 0.16
29 45 0.42 0.22
29 46 0.39 0.2
29 47 0.72 0.14
29 48 0.48 0.17
29 49 0.54 0.25
29 50 0.74 0.26
30 31 0.61 0.19
30 32 0.66 0.33
30 33 0.79 0.23
30 34 0.49 0.13
30 35 0.68 0.23
30 36 0.72 0.2
30 37 0.5 0.27
30 38 0.44 0.07
30 39 0.68 0.19
30 40 0.72 0.24
30 41 0.74 0.15
30 42 0.56 0.21
30 43 0.55 0.27
30 44 0.74 0.27
30 45 0.62 0.25
30 46 0.7 0.28
30 47 0.66 0.21
30 48 0.68 0.18
30 49 0.74 0.26
30 50 0.48 0.28
31 32 0.34 0.14
31 33 0.46 0.16
31 34 0.64 0.06
31 35 0.62 0.12
31 36 0.54 0.13
31 37 0.77 0.16
31 38 0.5 0.18
31 39 0.74 0.08
31 40 0.57 0.2
31 41 0.53 0.04
31 42 0.45 0.14
31 43 0.76 0.16
31 44 0.44 0.14
31 45 0.68 0.18
31 46 0.52 0.19
31 47 0.64 0.1
31 48 0.62 0.16
31 49 0.7 0.21
31 50 0.63 0.24
32 33 0.58 0.14
32 34 0.43 0.2
32 35 0.53 0.26
32 36 0.44 0.23
32 37 0.79 0.3
32 38 0.45 0.32
32 39 0.61 0.22
32 40 0.74 0.3
32 41 0.7 0.18
32 42 0.63 0.28
32 43 0.7 0.29
32 44 0.4 0.1
32 45 0.54 0.32
32 46 0.62 0.33
32 47 0.48 0.24
32 48 0.68 0.24
32 49 0.84 0.08
32 50 0.52 0.3
33 34 0.62 0.1
33 35 0.42 0.19
33 36 0.65 0.17
33 37 0.68 0.24
33 38 0.7 0.26
33 39 0.68 0.16
33 40 0.37 0.24
33 41 0.67 0.12
33 42 0.56 0.18
33 43 0.59 0.15
33 44 0.6 0.04
33 45 0.56 0.21
33 46 0.7 0.23
33 47 0.62 0.18
33 48 0.49 0.2
33 49 0.62 0.19
33 50 0.65 0.21
34 35 0.46 0.1
34 36 0.62 0.07
34 37 0.5 0.14
34 38 0.55 0.16
34 39 0.69 0.06
34 40 0.46 0.16
34 41 0.44 0.02
34 42 0.72 0.08
34 43 0.63 0.14
34 44 0.61 0.14
34 45 0.59 0.12
34 46 0.46 0.17
34 47 0.64 0.08
34 48 0.46 0.1
34 49 0.55 0.15
34 50 0.43 0.18
35 36 0.55 0.17
35 37 0.26 0.08
35 38 0.67 0.22
35 39 0.68 0.12
35 40 0.6 0.21
35 41 0.49 0.08
35 42 0.56 0.02
35 43 0.17 0.1
35 44 0.5 0.16
35 45 0.39 0.16
35 46 0.44 0.22
35 47 0.32 0.14
35 48 0.42 0.2
35 49 0.63 0.25
35 50 0.54 0.2
36 37 0.58 0.21
36 38 0.8 0.23
36 39 0.61 0.13
36 40 0.32 0.19
36 41 0.54 0.09
36 42 0.44 0.15
36 43 0.46 0.21
36 44 0.63 0.17
36 45 0.48 0.17
36 46 0.56 0.24
36 47 0.47 0.13
36 48 0.72 0.13
36 49 0.67 0.22
36 50 0.34 0.25
37 38 0.41 0.2
37 39 0.57 0.08
37 40 0.6 0.28
37 41 0.75 0.12
37 42 0.82 0.1
37 43 0.43 0.16
37 44 0.71 0.24
37 45 0.51 0.1
37 46 0.53 0.19
37 47 0.58 0.18
37 48 0.59 0.24
37 49 0.78 0.29
37 50 0.34 0.26
38 39 0.24 0.14
38 40 0.72 0.17
38 41 0.8 0.14
38 42 0.8 0.24
38 43 0.62 0.23
38 44 0.7 0.22
38 45 0.76 0.28
38 46 0.76 0.26
38 47 0.36 0.17
38 48 0.68 0.11
38 49 0.44 0.25
38 50 0.46 0.3
39 40 0.78 0.2
39 41 0.63 0.04
39 42 0.68 0.14
39 43 0.53 0.16
39 44 0.55 0.2
39 45 0.68 0.18
39 46 0.7 0.19
39 47 0.5 0.1
39 48 0.5 0.16
39 49 0.68 0.21
39 50 0.57 0.24
40 41 0.3 0.16
40 42 0.76 0.23
40 43 0.55 0.16
40 44 0.7 0.2
40 45 0.72 0.22
40 46 0.56 0.3
40 47 0.36 0.15
40 48 0.5 0.06
40 49 0.67 0.22
40 50 0.66 0.34
41 42 0.75 0.1
41 43 0.32 0.12
41 44 0.58 0.16
41 45 0.52 0.14
41 46 0.7 0.15
41 47 0.66 0.06
41 48 0.8 0.12
41 49 0.37 0.17
41 50 0.42 0.2
42 43 0.73 0.12
42 44 0.46 0.18
42 45 0.65 0.18
42 46 0.62 0.24
42 47 0.48 0.14
42 48 0.59 0.18
42 49 0.74 0.23
42 50 0.56 0.22
43 44 0.67 0.19
43 45 0.22 0.06
43 46 0.38 0.15
43 47 0.49 0.18
43 48 0.59 0.12
43 49 0.69 0.28
43 50 0.48 0.25
44 45 0.72 0.25
44 46 0.56 0.27
44 47 0.66 0.22
44 48 0.28 0.24
44 49 0.57 0.15
44 50 0.49 0.25
45 46 0.48 0.09
45 47 0.4 0.2
45 48 0.58 0.18
45 49 0.62 0.25
45 50 0.7 0.22
46 47 0.76 0.21
46 48 0.67 0.25
46 49 0.5 0.31
46 50 0.56 0.24
47 48 0.38 0.09
47 49 0.66 0.23
47 50 0.77 0.26
48 49 0.8 0.16
48 50 0.52 0.28
49 50 0.68 0.31
node_demand
0.025
0.175
0.1
0.075
0.175
0.2
0.075
0.075
0.05
0.15
0.1
0.05
0.125
0.125
0.225
0.15
0.025
0.125
0.2
0.125
0.125
0.175
0.025
0.05
0.125
0.025
0.15
0.225
0.175
0.1
0.025
0.075
0.225
0.125
0.175
0.025
0.05
0.2
0.025
0.125
0.2
0.025
0.15
0.175
0.075
0.1
0.075
0.025
0.15
0.175
