50
0 1 0.58 0.27
0 2 0.63 0.11
0 3 0.84 0.16
0 4 0.85 0.25
0 5 0.54 0.23
0 6 0.74 0.2
0 7 0.52 0.06
0 8 0.56 0.14
0 9 0.38 0.2
0 10 0.69 0.1
0 11 0.59 0.16
0 12 0.54 0.16
0 13 0.62 0.13
0 14 0.54 0.11
0 15 0.42 0.17
0 16 0.48 0.16
0 17 0.5 0.2
0 18 0.53 0.18
0 19 0.58 0.18
0 20 0.7 0.22
0 21 0.5 0.05
0 22 0.77 0.21
0 23 0.6 0.16
0 24 0.76 0.24
0 25 0.6 0.21
0 26 0.28 0.06
0 27 0.3 0.11
0 28 0.54 0.18
0 29 0.58 0.2
0 30 0.73 0.15
0 31 0.5 0.18
0 32 0.76 0.25
0 33 0.41 0.13
0 34 0.34 0.07
0 35 0.7 0.18
0 36 0.56 0.12
0 37 0.62 0.2
0 38 0.7 0.13
0 39 0.32 0.12
0 40 0.58 0.16
0 41 0.35 0.11
0 42 0.42 0.02
0 43 0.42 0.04
0 44 0.65 0.06
0 45 0.71 0.21
0 46 0.8 0.04
0 47 0.53 0.15
0 48 0.59 0.1
0 49 0.56 0.17
0 50 0.48 0.04
1 2 0.48 0.29
1 3 0.8 0.28
1 4 0.82 0.4
1 5 0.54 0.24
1 6 0.67 0.27
1 7 0.62 0.28
1 8 0.39 0.31
1 9 0.76 0.2
1 10 0.51 0.18
1 11 0.44 0.26
1 12 0.68 0.26
1 13 0.58 0.25
1 14 0.26 0.18
1 15 0.3 0.11
1 16 0.44 0.23
1 17 0.7 0.22
1 18 0.67 0.25
1 19 0.42 0.19
1 20 0.63 0.35
1 21 0.43 0.24
1 22 0.47 0.34
1 23 0.52 0.21
1 24 0.59 0.32
1 25 0.49 0.16
1 26 0.44 0.21
1 27 0.5 0.21
1 28 0.39 0.27
1 29 0.56 0.28
1 30 0.74 0.23
1 31 0.56 0.33
1 32 0.5 0.33
1 33 0.65 0.28
1 34 0.69 0.21
1 35 0.46 0.25
1 36 0.52 0.3
1 37 0.64 0.31
1 38 0.42 0.2
1 39 0.6 0.22
1 40 0.58 0.32
1 41 0.68 0.26
1 42 0.35 0.25
1 43 0.46 0.3
1 44 0.3 0.27
1 45 0.6 0.21
1 46 0.5 0.23
1 47 0.78 0.12
1 48 0.66 0.26
1 49 0.54 0.31
1 50 0.64 0.23
2 3 0.47 0.23
2 4 0.67 0.35
2 5 0.56 0.22
2 6 0.75 0.24
2 7 0.42 0.17
2 8 0.38 0.12
2 9 0.52 0.21
2 10 0.35 0.17
2 11 0.48 0.23
2 12 0.58 0.26
2 13 0.51 0.19
2 14 0.52 0.18
2 15 0.56 0.18
2 16 0.6 0.23
2 17 0.64 0.28
2 18 0.51 0.22
2 19 0.59 0.25
2 20 0.33 0.23
2 21 0.62 0.12
2 22 0.57 0.2
2 23 0.61 0.25
2 24 0.24 0.18
2 25 0.52 0.23
2 26 0.55 0.13
2 27 0.53 0.22
2 28 0.09 0.08
2 29 0.5 0.27
2 30 0.47 0.22
2 31 0.48 0.28
2 32 0.42 0.26
2 33 0.58 0.2
2 34 0.62 0.18
2 35 0.63 0.22
2 36 0.46 0.23
2 37 0.57 0.29
2 38 0.49 0.2
2 39 0.62 0.23
2 40 0.74 0.26
2 41 0.57 0.22
2 42 0.63 0.09
2 43 0.57 0.15
2 44 0.47 0.13
2 45 0.68 0.14
2 46 0.54 0.11
2 47 0.54 0.18
2 48 0.58 0.17
2 49 0.52 0.26
2 50 0.48 0.11
3 4 0.58 0.24
3 5 0.71 0.12
3 6 0.49 0.15
3 7 0.44 0.1
3 8 0.6 0.19
3 9 0.5 0.08
3 10 0.66 0.19
3 11 0.62 0.25
3 12 0.72 0.18
3 13 0.61 0.21
3 14 0.54 0.16
3 15 0.62 0.22
3 16 0.46 0.23
3 17 0.6 0.22
3 18 0.8 0.23
3 19 0.57 0.27
3 20 0.54 0.18
3 21 0.46 0.17
3 22 0.63 0.18
3 23 0.52 0.21
3 24 0.58 0.2
3 25 0.6 0.21
3 26 0.62 0.11
3 27 0.74 0.23
3 28 0.56 0.21
3 29 0.55 0.2
3 30 0.4 0.24
3 31 0.77 0.22
3 32 0.54 0.21
3 33 0.72 0.09
3 34 0.83 0.22
3 35 0.56 0.23
3 36 0.48 0.04
3 37 0.38 0.15
3 38 0.38 0.14
3 39 0.59 0.2
3 40 0.58 0.07
3 41 0.62 0.18
3 42 0.54 0.14
3 43 0.79 0.12
3 44 0.51 0.18
3 45 0.73 0.27
3 46 0.58 0.13
3 47 0.74 0.2
3 48 0.32 0.06
3 49 0.58 0.12
3 50 0.42 0.13
4 5 0.56 0.19
4 6 0.3 0.16
4 7 0.48 0.19
4 8 0.59 0.28
4 9 0.78 0.23
4 10 0.86 0.31
4 11 0.53 0.32
4 12 0.56 0.22
4 13 0.48 0.24
4 14 0.66 0.26
4 15 0.52 0.29
4 16 0.48 0.17
4 17 0.72 0.34
4 18 0.76 0.3
4 19 0.71 0.3
4 20 0.66 0.2
4 21 0.67 0.29
4 22 0.56 0.3
4 23 0.56 0.19
4 24 0.43 0.32
4 25 0.62 0.28
4 26 0.66 0.23
4 27 0.8 0.27
4 28 0.72 0.32
4 29 0.68 0.32
4 30 0.69 0.32
4 31 0.38 0.25
4 32 0.6 0.3
4 33 0.44 0.3
4 34 0.56 0.32
4 35 0.63 0.3
4 36 0.68 0.28
4 37 0.6 0.28
4 38 0.76 0.24
4 39 0.56 0.29
4 40 0.75 0.29
4 41 0.52 0.28
4 42 0.74 0.26
4 43 0.72 0.21
4 44 0.68 0.27
4 45 0.58 0.36
4 46 0.82 0.25
4 47 0.61 0.32
4 48 0.75 0.18
4 49 0.7 0.31
4 50 0.66 0.25
5 6 0.61 0.03
5 7 0.57 0.18
5 8 0.72 0.15
5 9 0.22 0.04
5 10 0.61 0.24
5 11 0.57 0.22
5 12 0.25 0.08
5 13 0.52 0.23
5 14 0.63 0.24
5 15 0.57 0.3
5 16 0.61 0.25
5 17 0.6 0.18
5 18 0.52 0.22
5 19 0.73 0.29
5 20 0.49 0.26
5 21 0.62 0.25
5 22 0.6 0.16
5 23 0.65 0.27
5 24 0.64 0.27
5 25 0.49 0.28
5 26 0.6 0.19
5 27 0.49 0.13
5 28 0.65 0.17
5 29 0.38 0.14
5 30 0.69 0.26
5 31 0.68 0.28
5 32 0.5 0.2
5 33 0.37 0.21
5 34 0.78 0.27
5 35 0.33 0.22
5 36 0.71 0.16
5 37 0.75 0.14
5 38 0.72 0.24
5 39 0.55 0.26
5 40 0.68 0.19
5 41 0.67 0.24
5 42 0.57 0.22
5 43 0.68 0.19
5 44 0.73 0.23
5 45 0.68 0.23
5 46 0.62 0.21
5 47 0.42 0.28
5 48 0.55 0.14
5 49 0.75 0.17
5 50 0.65 0.21
6 7 0.78 0.18
6 8 0.6 0.12
6 9 0.53 0.07
6 10 0.56 0.27
6 11 0.68 0.25
6 12 0.48 0.11
6 13 0.6 0.2
6 14 0.5 0.27
6 15 0.68 0.32
6 16 0.68 0.27
6 17 0.5 0.21
6 18 0.72 0.22
6 19 0.7 0.26
6 20 0.42 0.28
6 21 0.75 0.25
6 22 0.26 0.17
6 23 0.61 0.29
6 24 0.73 0.24
6 25 0.72 0.31
6 26 0.55 0.22
6 27 0.72 0.16
6 28 0.66 0.16
6 29 0.8 0.17
6 30 0.73 0.28
6 31 0.68 0.3
6 32 0.46 0.23
6 33 0.74 0.24
6 34 0.7 0.27
6 35 0.66 0.22
6 36 0.5 0.19
6 37 0.52 0.17
6 38 0.62 0.26
6 39 0.58 0.24
6 40 0.85 0.22
6 41 0.7 0.23
6 42 0.67 0.22
6 43 0.56 0.16
6 44 0.54 0.2
6 45 0.63 0.22
6 46 0.66 0.24
6 47 0.58 0.31
6 48 0.66 0.17
6 49 0.4 0.2
6 50 0.48 0.24
7 8 0.34 0.17
7 9 0.76 0.14
7 10 0.44 0.16
7 11 0.5 0.22
7 12 0.32 0.22
7 13 0.67 0.11
7 14 0.44 0.1
7 15 0.62 0.18
7 16 0.62 0.18
7 17 0.73 0.18
7 18 0.6 0.16
7 19 0.62 0.17
7 20 0.64 0.16
7 21 0.56 0.11
7 22 0.64 0.25
7 23 0.4 0.2
7 24 0.33 0.23
7 25 0.54 0.16
7 26 0.74 0.09
7 27 0.34 0.17
7 28 0.49 0.21
7 29 0.62 0.18
7 30 0.59 0.21
7 31 0.5 0.12
7 32 0.64 0.26
7 33 0.56 0.16
7 34 0.72 0.13
7 35 0.32 0.16
7 36 0.54 0.14
7 37 0.48 0.22
7 38 0.28 0.08
7 39 0.39 0.1
7 40 0.54 0.1
7 41 0.66 0.09
7 42 0.48 0.08
7 43 0.62 0.02
7 44 0.34 0.12
7 45 0.76 0.27
7 46 0.52 0.1
7 47 0.72 0.18
7 48 0.38 0.04
7 49 0.46 0.19
7 50 0.74 0.1
8 9 0.54 0.17
8 10 0.4 0.2
8 11 0.25 0.2
8 12 0.66 0.22
8 13 0.47 0.15
8 14 0.55 0.17
8 15 0.38 0.2
8 16 0.37 0.18
8 17 0.44 0.26
8 18 0.56 0.1
8 19 0.43 0.21
8 20 0.5 0.16
8 21 0.51 0.15
8 22 0.63 0.16
8 23 0.49 0.2
8 24 0.2 0.12
8 25 0.45 0.25
8 26 0.49 0.16
8 27 0.49 0.25
8 28 0.29 0.04
8 29 0.61 0.27
8 30 0.36 0.16
8 31 0.51 0.24
8 32 0.78 0.26
8 33 0.64 0.23
8 34 0.65 0.21
8 35 0.66 0.1
8 36 0.43 0.23
8 37 0.57 0.25
8 38 0.44 0.19
8 39 0.49 0.22
8 40 0.5 0.25
8 41 0.49 0.2
8 42 0.43 0.12
8 43 0.37 0.18
8 44 0.09 0.08
8 45 0.53 0.1
8 46 0.54 0.14
8 47 0.52 0.22
8 48 0.56 0.13
8 49 0.53 0.22
8 50 0.53 0.14
9 10 0.67 0.2
9 11 0.72 0.26
9 12 0.47 0.12
9 13 0.53 0.24
9 14 0.57 0.22
9 15 0.6 0.26
9 16 0.39 0.22
9 17 0.73 0.14
9 18 0.74 0.26
9 19 0.66 0.3
9 20 0.4 0.22
9 21 0.6 0.21
9 22 0.79 0.2
9 23 0.56 0.24
9 24 0.68 0.28
9 25 0.64 0.28
9 26 0.66 0.15
9 27 0.5 0.16
9 28 0.43 0.13
9 29 0.6 0.18
9 30 0.53 0.25
9 31 0.56 0.26
9 32 0.64 0.16
9 33 0.56 0.17
9 34 0.56 0.24
9 35 0.55 0.26
9 36 0.5 0.12
9 37 0.53 0.11
9 38 0.5 0.2
9 39 0.7 0.22
9 40 0.52 0.15
9 41 0.54 0.23
9 42 0.67 0.18
9 43 0.6 0.16
9 44 0.63 0.22
9 45 0.48 0.19
9 46 0.59 0.17
9 47 0.42 0.24
9 48 0.66 0.1
9 49 0.6 0.14
9 50 0.44 0.17
10 11 0.52 0.18
10 12 0.58 0.18
10 13 0.52 0.18
10 14 0.58 0.17
10 15 0.48 0.18
10 16 0.7 0.16
10 17 0.7 0.26
10 18 0.16 0.12
10 19 0.63 0.2
10 20 0.5 0.17
10 21 0.5 0.11
10 22 0.61 0.23
10 23 0.56 0.18
10 24 0.59 0.14
10 25 0.69 0.23
10 26 0.56 0.08
10 27 0.68 0.21
10 28 0.26 0.2
10 29 0.52 0.22
10 30 0.48 0.05
10 31 0.68 0.28
10 32 0.38 0.27
10 33 0.48 0.15
10 34 0.8 0.17
10 35 0.28 0.12
10 36 0.5 0.2
10 37 0.5 0.26
10 38 0.56 0.19
10 39 0.61 0.22
10 40 0.54 0.23
10 41 0.4 0.21
10 42 0.58 0.08
10 43 0.68 0.14
10 44 0.49 0.12
10 45 0.64 0.26
10 46 0.76 0.06
10 47 0.44 0.17
10 48 0.34 0.13
10 49 0.6 0.26
10 50 0.52 0.06
11 12 0.5 0.14
11 13 0.67 0.22
11 14 0.38 0.12
11 15 0.46 0.16
11 16 0.56 0.15
11 17 0.59 0.32
11 18 0.36 0.1
11 19 0.5 0.26
11 20 0.49 0.3
11 21 0.38 0.17
11 22 0.48 0.22
11 23 0.24 0.13
11 24 0.45 0.27
11 25 0.7 0.21
11 26 0.6 0.14
11 27 0.38 0.19
11 28 0.54 0.24
11 29 0.52 0.22
11 30 0.58 0.23
11 31 0.6 0.27
11 32 0.75 0.33
11 33 0.5 0.21
11 34 0.67 0.23
11 35 0.68 0.1
11 36 0.5 0.24
11 37 0.69 0.26
11 38 0.54 0.14
11 39 0.7 0.28
11 40 0.64 0.26
11 41 0.24 0.2
11 42 0.45 0.14
11 43 0.62 0.2
11 44 0.34 0.18
11 45 0.67 0.26
11 46 0.52 0.12
11 47 0.38 0.23
11 48 0.66 0.19
11 49 0.6 0.26
11 50 0.28 0.12
12 13 0.55 0.21
12 14 0.48 0.22
12 15 0.46 0.22
12 16 0.43 0.26
12 17 0.56 0.18
12 18 0.52 0.24
12 19 0.48 0.27
12 20 0.37 0.3
12 21 0.68 0.21
12 22 0.74 0.08
12 23 0.54 0.27
12 24 0.56 0.32
12 25 0.24 0.2
12 26 0.58 0.22
12 27 0.24 0.05
12 28 0.49 0.18
12 29 0.56 0.12
12 30 0.52 0.23
12 31 0.48 0.34
12 32 0.72 0.28
12 33 0.62 0.22
12 34 0.61 0.23
12 35 0.3 0.24
12 36 0.51 0.17
12 37 0.6 0.17
12 38 0.6 0.24
12 39 0.3 0.23
12 40 0.68 0.25
12 41 0.7 0.27
12 42 0.66 0.18
12 43 0.47 0.2
12 44 0.57 0.16
12 45 0.66 0.24
12 46 0.7 0.2
12 47 0.41 0.2
12 48 0.57 0.21
12 49 0.58 0.14
12 50 0.7 0.2
13 14 0.66 0.21
13 15 0.63 0.19
13 16 0.7 0.07
13 17 0.6 0.25
13 18 0.59 0.25
13 19 0.44 0.06
13 20 0.18 0.12
13 21 0.62 0.17
13 22 0.7 0.23
13 23 0.6 0.09
13 24 0.34 0.26
13 25 0.47 0.24
13 26 0.58 0.15
13 27 0.55 0.16
13 28 0.42 0.11
13 29 0.54 0.29
13 30 0.58 0.22
13 31 0.48 0.2
13 32 0.68 0.22
13 33 0.48 0.22
13 34 0.4 0.17
13 35 0.74 0.25
13 36 0.48 0.25
13 37 0.67 0.18
13 38 0.79 0.19
13 39 0.37 0.17
13 40 0.65 0.21
13 41 0.48 0.16
13 42 0.54 0.14
13 43 0.24 0.09
13 44 0.48 0.1
13 45 0.68 0.17
13 46 0.64 0.16
13 47 0.74 0.16
13 48 0.64 0.15
13 49 0.58 0.21
13 50 0.64 0.16
14 15 0.48 0.08
14 16 0.18 0.16
14 17 0.68 0.28
14 18 0.66 0.07
14 19 0.61 0.25
14 20 0.6 0.2
14 21 0.54 0.06
14 22 0.52 0.26
14 23 0.55 0.18
14 24 0.54 0.24
14 25 0.62 0.1
14 26 0.62 0.13
14 27 0.24 0.22
14 28 0.54 0.21
14 29 0.3 0.1
14 30 0.5 0.21
14 31 0.3 0.15
14 32 0.68 0.29
14 33 0.6 0.17
14 34 0.62 0.18
14 35 0.3 0.07
14 36 0.49 0.12
14 37 0.38 0.23
14 38 0.16 0.02
14 39 0.42 0.2
14 40 0.56 0.2
14 41 0.52 0.08
14 42 0.61 0.09
14 43 0.63 0.12
14 44 0.46 0.13
14 45 0.66 0.18
14 46 0.52 0.11
14 47 0.54 0.22
14 48 0.5 0.14
14 49 0.52 0.2
14 50 0.39 0.11
15 16 0.66 0.12
15 17 0.59 0.26
15 18 0.64 0.15
15 19 0.42 0.25
15 20 0.62 0.25
15 21 0.62 0.14
15 22 0.46 0.25
15 23 0.22 0.1
15 24 0.58 0.25
15 25 0.24 0.05
15 26 0.14 0.11
15 27 0.54 0.26
15 28 0.65 0.16
15 29 0.46 0.18
15 30 0.44 0.13
15 31 0.49 0.23
15 32 0.71 0.26
15 33 0.66 0.17
15 34 0.46 0.1
15 35 0.56 0.15
15 36 0.51 0.2
15 37 0.59 0.2
15 38 0.56 0.1
15 39 0.46 0.28
15 40 0.44 0.21
15 41 0.48 0.16
15 42 0.65 0.15
15 43 0.47 0.2
15 44 0.47 0.19
15 45 0.3 0.1
15 46 0.44 0.13
15 47 0.52 0.2
15 48 0.36 0.16
15 49 0.61 0.2
15 50 0.64 0.13
16 17 0.5 0.26
16 18 0.82 0.23
16 19 0.7 0.13
16 20 0.75 0.19
16 21 0.6 0.17
16 22 0.47 0.2
16 23 0.46 0.02
16 24 0.36 0.3
16 25 0.54 0.17
16 26 0.68 0.18
16 27 0.42 0.23
16 28 0.64 0.18
16 29 0.48 0.26
16 30 0.56 0.21
16 31 0.48 0.27
16 32 0.5 0.28
16 33 0.54 0.25
16 34 0.6 0.22
16 35 0.48 0.23
16 36 0.52 0.22
16 37 0.2 0.11
16 38 0.34 0.18
16 39 0.5 0.22
16 40 0.58 0.2
16 41 0.58 0.23
16 42 0.62 0.14
16 43 0.56 0.16
16 44 0.28 0.1
16 45 0.62 0.19
16 46 0.52 0.16
16 47 0.56 0.16
16 48 0.36 0.22
16 49 0.52 0.14
16 50 0.57 0.16
17 18 0.78 0.33
17 19 0.53 0.31
17 20 0.61 0.27
17 21 0.71 0.25
17 22 0.61 0.23
17 23 0.37 0.24
17 24 0.4 0.26
17 25 0.71 0.31
17 26 0.52 0.18
17 27 0.63 0.23
17 28 0.61 0.22
17 29 0.7 0.3
17 30 0.6 0.31
17 31 0.44 0.26
17 32 0.36 0.17
17 33 0.62 0.25
17 34 0.64 0.22
17 35 0.42 0.33
17 36 0.71 0.25
17 37 0.34 0.2
17 38 0.52 0.26
17 39 0.62 0.08
17 40 0.76 0.28
17 41 0.62 0.23
17 42 0.76 0.22
17 43 0.6 0.16
17 44 0.53 0.22
17 45 0.48 0.16
17 46 0.64 0.2
17 47 0.69 0.1
17 48 0.7 0.22
17 49 0.61 0.17
17 50 0.31 0.2
18 19 0.5 0.24
18 20 0.66 0.26
18 21 0.6 0.13
18 22 0.65 0.22
18 23 0.6 0.23
18 24 0.54 0.17
18 25 0.56 0.17
18 26 0.58 0.2
18 27 0.68 0.29
18 28 0.42 0.14
18 29 0.68 0.17
18 30 0.4 0.17
18 31 0.69 0.22
18 32 0.48 0.3
18 33 0.64 0.24
18 34 0.8 0.25
18 35 0.36 0.0
18 36 0.4 0.19
18 37 0.66 0.19
18 38 0.51 0.09
18 39 0.51 0.25
18 40 0.66 0.16
18 41 0.24 0.1
18 42 0.52 0.16
18 43 0.63 0.17
18 44 0.65 0.18
18 45 0.48 0.2
18 46 0.64 0.18
18 47 0.6 0.29
18 48 0.5 0.2
18 49 0.5 0.16
18 50 0.56 0.18
19 20 0.62 0.18
19 21 0.65 0.19
19 22 0.6 0.2
19 23 0.64 0.15
19 24 0.63 0.28
19 25 0.57 0.3
19 26 0.56 0.16
19 27 0.6 0.22
19 28 0.5 0.17
19 29 0.5 0.3
19 30 0.5 0.25
19 31 0.52 0.26
19 32 0.64 0.28
19 33 0.45 0.2
19 34 0.74 0.23
19 35 0.59 0.24
19 36 0.75 0.25
19 37 0.85 0.24
19 38 0.57 0.25
19 39 0.65 0.23
19 40 0.54 0.27
19 41 0.72 0.22
19 42 0.58 0.16
19 43 0.68 0.15
19 44 0.52 0.16
19 45 0.33 0.22
19 46 0.48 0.14
19 47 0.44 0.22
19 48 0.6 0.21
19 49 0.74 0.26
19 50 0.22 0.14
20 21 0.47 0.23
20 22 0.6 0.22
20 23 0.42 0.21
20 24 0.5 0.28
20 25 0.38 0.3
20 26 0.74 0.17
20 27 0.61 0.28
20 28 0.24 0.16
20 29 0.72 0.26
20 30 0.52 0.12
20 31 0.48 0.2
20 32 0.65 0.1
20 33 0.58 0.22
20 34 0.58 0.29
20 35 0.67 0.26
20 36 0.3 0.2
20 37 0.72 0.27
20 38 0.63 0.22
20 39 0.55 0.26
20 40 0.64 0.25
20 41 0.56 0.25
20 42 0.47 0.2
20 43 0.42 0.18
20 44 0.59 0.22
20 45 0.56 0.22
20 46 0.49 0.18
20 47 0.64 0.26
20 48 0.46 0.12
20 49 0.4 0.24
20 50 0.64 0.18
21 22 0.63 0.22
21 23 0.5 0.19
21 24 0.38 0.25
21 25 0.54 0.16
21 26 0.73 0.07
21 27 0.5 0.16
21 28 0.7 0.19
21 29 0.54 0.16
21 30 0.5 0.16
21 31 0.66 0.21
21 32 0.6 0.26
21 33 0.38 0.14
21 34 0.66 0.12
21 35 0.44 0.13
21 36 0.25 0.17
21 37 0.78 0.24
21 38 0.54 0.08
21 39 0.54 0.17
21 40 0.46 0.2
21 41 0.47 0.14
21 42 0.08 0.03
21 43 0.5 0.09
21 44 0.42 0.07
21 45 0.32 0.16
21 46 0.77 0.05
21 47 0.46 0.16
21 48 0.36 0.11
21 49 0.35 0.21
21 50 0.46 0.05
22 23 0.68 0.22
22 24 0.54 0.26
22 25 0.69 0.28
22 26 0.6 0.19
22 27 0.6 0.13
22 28 0.48 0.12
22 29 0.67 0.2
22 30 0.63 0.28
22 31 0.58 0.32
22 32 0.72 0.2
22 33 0.5 0.19
22 34 0.64 0.16
22 35 0.79 0.22
22 36 0.69 0.14
22 37 0.27 0.09
22 38 0.36 0.24
22 39 0.57 0.15
22 40 0.62 0.25
22 41 0.72 0.28
22 42 0.66 0.19
22 43 0.66 0.23
22 44 0.54 0.2
22 45 0.42 0.18
22 46 0.7 0.17
22 47 0.53 0.28
22 48 0.7 0.24
22 49 0.66 0.06
22 50 0.38 0.17
23 24 0.69 0.31
23 25 0.46 0.15
23 26 0.36 0.2
23 27 0.46 0.25
23 28 0.66 0.2
23 29 0.63 0.28
23 30 0.66 0.22
23 31 0.71 0.29
23 32 0.62 0.3
23 33 0.44 0.27
23 34 0.44 0.2
23 35 0.72 0.23
23 36 0.56 0.24
23 37 0.66 0.13
23 38 0.6 0.2
23 39 0.68 0.24
23 40 0.56 0.18
23 41 0.48 0.25
23 42 0.58 0.16
23 43 0.69 0.18
23 44 0.58 0.12
23 45 0.52 0.17
23 46 0.66 0.18
23 47 0.32 0.14
23 48 0.58 0.24
23 49 0.46 0.16
23 50 0.52 0.18
24 25 0.6 0.2
24 26 0.62 0.22
24 27 0.67 0.34
24 28 0.33 0.16
24 29 0.68 0.28
24 30 0.26 0.16
24 31 0.64 0.31
24 32 0.62 0.24
24 33 0.58 0.29
24 34 0.7 0.3
24 35 0.65 0.17
24 36 0.56 0.24
24 37 0.56 0.23
24 38 0.61 0.26
24 39 0.5 0.28
24 40 0.5 0.13
24 41 0.69 0.27
24 42 0.39 0.22
24 43 0.57 0.25
24 44 0.29 0.2
24 45 0.52 0.22
24 46 0.74 0.2
24 47 0.46 0.3
24 48 0.62 0.25
24 49 0.66 0.2
24 50 0.71 0.2
25 26 0.38 0.16
25 27 0.48 0.25
25 28 0.43 0.21
25 29 0.59 0.2
25 30 0.68 0.18
25 31 0.48 0.25
25 32 0.52 0.24
25 33 0.6 0.12
25 34 0.48 0.15
25 35 0.54 0.17
25 36 0.63 0.17
25 37 0.45 0.25
25 38 0.48 0.08
25 39 0.54 0.26
25 40 0.64 0.16
25 41 0.72 0.18
25 42 0.46 0.19
25 43 0.23 0.18
25 44 0.36 0.23
25 45 0.54 0.15
25 46 0.68 0.18
25 47 0.65 0.25
25 48 0.6 0.2
25 49 0.64 0.25
25 50 0.46 0.18
26 27 0.4 0.17
26 28 0.64 0.18
26 29 0.6 0.18
26 30 0.56 0.13
26 31 0.35 0.21
26 32 0.71 0.19
26 33 0.59 0.07
26 34 0.6 0.13
26 35 0.7 0.2
26 36 0.53 0.12
26 37 0.73 0.23
26 38 0.5 0.15
26 39 0.53 0.18
26 40 0.3 0.15
26 41 0.62 0.17
26 42 0.68 0.04
26 43 0.49 0.1
26 44 0.4 0.08
26 45 0.44 0.21
26 46 0.52 0.02
26 47 0.66 0.09
26 48 0.37 0.05
26 49 0.63 0.2
26 50 0.6 0.02
27 28 0.62 0.23
27 29 0.54 0.17
27 30 0.71 0.26
27 31 0.54 0.29
27 32 0.48 0.23
27 33 0.39 0.19
27 34 0.64 0.18
27 35 0.4 0.29
27 36 0.49 0.22
27 37 0.62 0.17
27 38 0.4 0.24
27 39 0.54 0.23
27 40 0.57 0.27
27 41 0.46 0.22
27 42 0.58 0.13
27 43 0.54 0.15
27 44 0.4 0.17
27 45 0.42 0.29
27 46 0.72 0.15
27 47 0.65 0.25
27 48 0.5 0.21
27 49 0.59 0.14
27 50 0.63 0.15
28 29 0.59 0.3
28 30 0.52 0.2
28 31 0.42 0.2
28 32 0.51 0.26
28 33 0.6 0.25
28 34 0.71 0.25
28 35 0.54 0.14
28 36 0.54 0.25
28 37 0.66 0.21
28 38 0.4 0.23
28 39 0.53 0.26
28 40 0.78 0.28
28 41 0.48 0.2
28 42 0.64 0.16
28 43 0.48 0.2
28 44 0.38 0.12
28 45 0.59 0.06
28 46 0.63 0.16
28 47 0.63 0.24
28 48 0.49 0.17
28 49 0.54 0.18
28 50 0.57 0.16
29 30 0.72 0.27
29 31 0.48 0.25
29 32 0.5 0.34
29 33 0.4 0.25
29 34 0.68 0.27
29 35 0.44 0.17
29 36 0.7 0.22
29 37 0.4 0.18
29 38 0.46 0.12
29 39 0.66 0.28
29 40 0.82 0.27
29 41 0.66 0.18
29 42 0.59 0.18
29 43 0.44 0.2
29 44 0.64 0.22
29 45 0.64 0.28
29 46 0.24 0.16
29 47 0.57 0.27
29 48 0.8 0.14
29 49 0.6 0.21
29 50 0.43 0.16
30 31 0.56 0.28
30 32 0.64 0.22
30 33 0.32 0.2
30 34 0.74 0.22
30 35 0.72 0.17
30 36 0.47 0.25
30 37 0.36 0.3
30 38 0.44 0.23
30 39 0.66 0.27
30 40 0.28 0.26
30 41 0.64 0.26
30 42 0.58 0.13
30 43 0.69 0.19
30 44 0.45 0.17
30 45 0.68 0.23
30 46 0.48 0.11
30 47 0.52 0.22
30 48 0.56 0.18
30 49 0.57 0.31
30 50 0.72 0.11
31 32 0.71 0.28
31 33 0.5 0.16
31 34 0.51 0.25
31 35 0.47 0.22
31 36 0.56 0.21
31 37 0.48 0.3
31 38 0.46 0.17
31 39 0.18 0.18
31 40 0.46 0.18
31 41 0.52 0.21
31 42 0.58 0.2
31 43 0.69 0.14
31 44 0.42 0.2
31 45 0.59 0.24
31 46 0.49 0.22
31 47 0.61 0.3
31 48 0.45 0.16
31 49 0.46 0.27
31 50 0.69 0.22
32 33 0.76 0.12
32 34 0.42 0.24
32 35 0.61 0.3
32 36 0.35 0.17
32 37 0.46 0.17
32 38 0.68 0.27
32 39 0.53 0.23
32 40 0.41 0.28
32 41 0.61 0.31
32 42 0.52 0.23
32 43 0.75 0.28
32 44 0.69 0.27
32 45 0.75 0.32
32 46 0.55 0.21
32 47 0.73 0.27
32 48 0.36 0.22
32 49 0.25 0.14
32 50 0.58 0.21
33 34 0.65 0.2
33 35 0.46 0.24
33 36 0.47 0.05
33 37 0.68 0.16
33 38 0.44 0.15
33 39 0.53 0.22
33 40 0.5 0.16
33 41 0.69 0.19
33 42 0.3 0.11
33 43 0.48 0.17
33 44 0.55 0.15
33 45 0.36 0.27
33 46 0.53 0.09
33 47 0.76 0.16
33 48 0.52 0.12
33 49 0.57 0.13
33 50 0.67 0.09
34 35 0.58 0.25
34 36 0.58 0.18
34 37 0.64 0.13
34 38 0.66 0.2
34 39 0.34 0.19
34 40 0.5 0.23
34 41 0.62 0.18
34 42 0.74 0.09
34 43 0.64 0.11
34 44 0.56 0.13
34 45 0.76 0.2
34 46 0.73 0.11
34 47 0.4 0.22
34 48 0.61 0.17
34 49 0.62 0.1
34 50 0.52 0.11
35 36 0.53 0.19
35 37 0.68 0.19
35 38 0.46 0.09
35 39 0.6 0.25
35 40 0.44 0.16
35 41 0.6 0.1
35 42 0.36 0.16
35 43 0.5 0.17
35 44 0.66 0.18
35 45 0.76 0.2
35 46 0.68 0.18
35 47 0.71 0.29
35 48 0.6 0.2
35 49 0.63 0.16
35 50 0.58 0.18
36 37 0.68 0.11
36 38 0.33 0.1
36 39 0.38 0.17
36 40 0.5 0.11
36 41 0.26 0.14
36 42 0.17 0.14
36 43 0.59 0.16
36 44 0.34 0.18
36 45 0.57 0.3
36 46 0.67 0.14
36 47 0.58 0.21
36 48 0.16 0.1
36 49 0.1 0.08
36 50 0.67 0.14
37 38 0.54 0.21
37 39 0.3 0.12
37 40 0.6 0.22
37 41 0.76 0.25
37 42 0.74 0.21
37 43 0.54 0.2
37 44 0.48 0.17
37 45 0.69 0.27
37 46 0.64 0.23
37 47 0.5 0.26
37 48 0.56 0.21
37 49 0.58 0.03
37 50 0.63 0.23
38 39 0.45 0.18
38 40 0.64 0.18
38 41 0.59 0.1
38 42 0.47 0.11
38 43 0.58 0.1
38 44 0.53 0.15
38 45 0.67 0.2
38 46 0.68 0.13
38 47 0.66 0.24
38 48 0.34 0.12
38 49 0.43 0.18
38 50 0.55 0.13
39 40 0.64 0.2
39 41 0.46 0.15
39 42 0.46 0.14
39 43 0.61 0.08
39 44 0.4 0.14
39 45 0.56 0.24
39 46 0.53 0.16
39 47 0.69 0.18
39 48 0.27 0.14
39 49 0.28 0.09
39 50 0.74 0.16
40 41 0.62 0.19
40 42 0.38 0.17
40 43 0.41 0.12
40 44 0.59 0.21
40 45 0.7 0.31
40 46 0.6 0.17
40 47 0.64 0.24
40 48 0.62 0.13
40 49 0.6 0.19
40 50 0.76 0.17
41 42 0.43 0.13
41 43 0.72 0.07
41 44 0.58 0.17
41 45 0.72 0.26
41 46 0.7 0.15
41 47 0.62 0.26
41 48 0.42 0.13
41 49 0.36 0.22
41 50 0.51 0.15
42 43 0.42 0.06
42 44 0.34 0.04
42 45 0.4 0.19
42 46 0.73 0.02
42 47 0.54 0.13
42 48 0.33 0.08
42 49 0.27 0.18
42 50 0.5 0.02
43 44 0.28 0.1
43 45 0.7 0.25
43 46 0.46 0.08
43 47 0.65 0.19
43 48 0.64 0.06
43 49 0.58 0.17
43 50 0.6 0.08
44 45 0.44 0.18
44 46 0.63 0.06
44 47 0.61 0.17
44 48 0.47 0.12
44 49 0.44 0.14
44 50 0.52 0.06
45 46 0.45 0.21
45 47 0.46 0.22
45 48 0.41 0.23
45 49 0.5 0.24
45 50 0.55 0.21
46 47 0.58 0.11
46 48 0.7 0.07
46 49 0.64 0.2
46 50 0.5 0.0
47 48 0.42 0.14
47 49 0.48 0.23
47 50 0.66 0.11
48 49 0.26 0.18
48 50 0.74 0.07
49 50 0.6 0.2
node_demand
0.075
0.125
0.175
0.175
0.025
0.05
0.2
0.15
0.175
0.15
0.05
0.075
0.2
0.025
0.15
0.1
0.15
0.025
0.025
0.075
0.2
0.025
0.125
0.175
0.175
0.1
0.075
0.1
0.175
0.025
0.225
0.05
0.15
0.225
0.125
0.125
0.075
0.225
0.05
0.1
0.025
0.125
0.175
0.05
0.125
0.075
0.05
0.15
0.075
0.025
