50
0 1 0.46 0.13
0 2 0.38 0.25
0 3 0.47 0.22
0 4 0.61 0.1
0 5 0.49 0.17
0 6 0.57 0.21
0 7 0.7 0.2
0 8 0.45 0.21
0 9 0.44 0.27
0 10 0.69 0.2
0 11 0.65 0.16
0 12 0.5 0.26
0 13 0.65 0.1
0 14 0.57 0.22
0 15 0.74 0.27
0 16 0.42 0.26
0 17 0.61 0.22
0 18 0.43 0.17
0 19 0.42 0.24
0 20 0.66 0.28
0 21 0.59 0.18
0 22 0.49 0.22
0 23 0.47 0.23
0 24 0.64 0.21
0 25 0.1 0.08
0 26 0.58 0.16
0 27 0.36 0.21
0 28 0.61 0.28
0 29 0.64 0.2
0 30 0.5 0.23
0 31 0.54 0.26
0 32 0.4 0.28
0 33 0.59 0.22
0 34 0.68 0.1
0 35 0.61 0.2
0 36 0.48 0.15
0 37 0.7 0.2
0 38 0.49 0.24
0 39 0.56 0.17
0 40 0.44 0.1
0 41 0.62 0.12
0 42 0.29 0.28
0 43 0.66 0.12
0 44 0.35 0.14
0 45 0.6 0.2
0 46 0.37 0.08
0 47 0.21 0.18
0 48 0.49 0.25
0 49 0.71 0.2
0 50 0.39 0.11
1 2 0.53 0.18
1 3 0.56 0.2
1 4 0.6 0.16
1 5 0.64 0.22
1 6 0.57 0.08
1 7 0.41 0.2
1 8 0.56 0.15
1 9 0.52 0.23
1 10 0.42 0.18
1 11 0.3 0.12
1 12 0.58 0.22
1 13 0.53 0.06
1 14 0.53 0.1
1 15 0.62 0.14
1 16 0.7 0.26
1 17 0.7 0.2
1 18 0.42 0.04
1 19 0.39 0.2
1 20 0.46 0.16
1 21 0.6 0.14
1 22 0.7 0.15
1 23 0.69 0.1
1 24 0.47 0.08
1 25 0.36 0.16
1 26 0.54 0.24
1 27 0.46 0.14
1 28 0.46 0.24
1 29 0.6 0.16
1 30 0.67 0.18
1 31 0.4 0.26
1 32 0.72 0.19
1 33 0.5 0.13
1 34 0.62 0.06
1 35 0.54 0.1
1 36 0.49 0.02
1 37 0.64 0.11
1 38 0.74 0.18
1 39 0.24 0.14
1 40 0.48 0.18
1 41 0.28 0.14
1 42 0.46 0.26
1 43 0.73 0.2
1 44 0.5 0.19
1 45 0.63 0.16
1 46 0.33 0.18
1 47 0.47 0.16
1 48 0.62 0.12
1 49 0.34 0.08
1 50 0.37 0.02
2 3 0.43 0.18
2 4 0.6 0.19
2 5 0.62 0.14
2 6 0.66 0.25
2 7 0.48 0.18
2 8 0.58 0.14
2 9 0.62 0.29
2 10 0.55 0.17
2 11 0.61 0.2
2 12 0.46 0.15
2 13 0.57 0.23
2 14 0.5 0.08
2 15 0.59 0.27
2 16 0.24 0.22
2 17 0.74 0.22
2 18 0.44 0.19
2 19 0.6 0.13
2 20 0.69 0.19
2 21 0.75 0.07
2 22 0.51 0.24
2 23 0.43 0.2
2 24 0.62 0.2
2 25 0.28 0.17
2 26 0.4 0.22
2 27 0.58 0.29
2 28 0.52 0.26
2 29 0.64 0.16
2 30 0.66 0.31
2 31 0.64 0.27
2 32 0.43 0.25
2 33 0.34 0.12
2 34 0.56 0.23
2 35 0.42 0.11
2 36 0.58 0.19
2 37 0.64 0.28
2 38 0.59 0.24
2 39 0.31 0.28
2 40 0.21 0.16
2 41 0.32 0.14
2 42 0.6 0.19
2 43 0.42 0.17
2 44 0.48 0.11
2 45 0.6 0.09
2 46 0.52 0.17
2 47 0.17 0.14
2 48 0.66 0.17
2 49 0.52 0.23
2 50 0.46 0.2
3 4 0.46 0.24
3 5 0.74 0.23
3 6 0.63 0.18
3 7 0.61 0.21
3 8 0.54 0.18
3 9 0.6 0.19
3 10 0.71 0.2
3 11 0.7 0.25
3 12 0.58 0.2
3 13 0.7 0.2
3 14 0.57 0.26
3 15 0.63 0.28
3 16 0.66 0.16
3 17 0.62 0.08
3 18 0.28 0.16
3 19 0.58 0.18
3 20 0.64 0.18
3 21 0.42 0.12
3 22 0.6 0.27
3 23 0.52 0.1
3 24 0.6 0.24
3 25 0.37 0.14
3 26 0.5 0.17
3 27 0.42 0.18
3 28 0.66 0.3
3 29 0.39 0.21
3 30 0.47 0.3
3 31 0.41 0.21
3 32 0.72 0.18
3 33 0.66 0.2
3 34 0.52 0.2
3 35 0.61 0.1
3 36 0.49 0.18
3 37 0.61 0.25
3 38 0.28 0.06
3 39 0.44 0.14
3 40 0.52 0.22
3 41 0.6 0.18
3 42 0.76 0.24
3 43 0.5 0.2
3 44 0.62 0.2
3 45 0.6 0.14
3 46 0.52 0.22
3 47 0.26 0.04
3 48 0.64 0.2
3 49 0.57 0.2
3 50 0.61 0.19
4 5 0.64 0.27
4 6 0.38 0.24
4 7 0.66 0.14
4 8 0.46 0.3
4 9 0.64 0.31
4 10 0.46 0.25
4 11 0.54 0.25
4 12 0.36 0.2
4 13 0.6 0.19
4 14 0.48 0.16
4 15 0.46 0.29
4 16 0.54 0.2
4 17 0.76 0.2
4 18 0.18 0.12
4 19 0.64 0.18
4 20 0.56 0.24
4 21 0.53 0.12
4 22 0.44 0.28
4 23 0.74 0.18
4 24 0.5 0.24
4 25 0.51 0.18
4 26 0.47 0.24
4 27 0.52 0.15
4 28 0.52 0.24
4 29 0.58 0.21
4 30 0.57 0.26
4 31 0.58 0.22
4 32 0.61 0.28
4 33 0.76 0.29
4 34 0.6 0.19
4 35 0.68 0.16
4 36 0.67 0.18
4 37 0.54 0.14
4 38 0.54 0.22
4 39 0.67 0.11
4 40 0.64 0.2
4 41 0.64 0.22
4 42 0.54 0.24
4 43 0.84 0.22
4 44 0.5 0.24
4 45 0.78 0.14
4 46 0.28 0.02
4 47 0.62 0.22
4 48 0.34 0.2
4 49 0.47 0.16
4 50 0.55 0.18
5 6 0.36 0.28
5 7 0.56 0.2
5 8 0.24 0.1
5 9 0.57 0.28
5 10 0.74 0.26
5 11 0.35 0.15
5 12 0.46 0.28
5 13 0.52 0.16
5 14 0.53 0.22
5 15 0.7 0.28
5 16 0.57 0.31
5 17 0.79 0.23
5 18 0.61 0.26
5 19 0.5 0.15
5 20 0.8 0.29
5 21 0.58 0.21
5 22 0.46 0.28
5 23 0.74 0.25
5 24 0.76 0.27
5 25 0.39 0.09
5 26 0.6 0.23
5 27 0.52 0.3
5 28 0.42 0.2
5 29 0.45 0.19
5 30 0.64 0.24
5 31 0.69 0.16
5 32 0.54 0.17
5 33 0.66 0.12
5 34 0.42 0.16
5 35 0.64 0.25
5 36 0.5 0.23
5 37 0.48 0.18
5 38 0.6 0.25
5 39 0.6 0.24
5 40 0.61 0.21
5 41 0.77 0.13
5 42 0.44 0.19
5 43 0.54 0.19
5 44 0.14 0.03
5 45 0.5 0.23
5 46 0.44 0.25
5 47 0.5 0.19
5 48 0.64 0.26
5 49 0.56 0.29
5 50 0.5 0.2
6 7 0.55 0.23
6 8 0.6 0.23
6 9 0.57 0.28
6 10 0.6 0.22
6 11 0.56 0.2
6 12 0.37 0.24
6 13 0.71 0.14
6 14 0.5 0.18
6 15 0.6 0.22
6 16 0.44 0.29
6 17 0.54 0.21
6 18 0.56 0.12
6 19 0.26 0.18
6 20 0.65 0.22
6 21 0.56 0.18
6 22 0.51 0.23
6 23 0.54 0.15
6 24 0.71 0.12
6 25 0.51 0.24
6 26 0.6 0.29
6 27 0.21 0.1
6 28 0.64 0.23
6 29 0.5 0.2
6 30 0.7 0.26
6 31 0.8 0.34
6 32 0.59 0.11
6 33 0.45 0.21
6 34 0.56 0.14
6 35 0.55 0.14
6 36 0.32 0.06
6 37 0.66 0.15
6 38 0.76 0.22
6 39 0.59 0.22
6 40 0.59 0.26
6 41 0.49 0.22
6 42 0.68 0.3
6 43 0.56 0.28
6 44 0.5 0.25
6 45 0.65 0.2
6 46 0.56 0.23
6 47 0.62 0.2
6 48 0.55 0.2
6 49 0.63 0.16
6 50 0.2 0.1
7 8 0.34 0.22
7 9 0.58 0.24
7 10 0.64 0.22
7 11 0.36 0.14
7 12 0.5 0.19
7 13 0.61 0.2
7 14 0.55 0.24
7 15 0.54 0.28
7 16 0.64 0.3
7 17 0.62 0.27
7 18 0.52 0.17
7 19 0.6 0.05
7 20 0.56 0.23
7 21 0.74 0.11
7 22 0.5 0.14
7 23 0.52 0.11
7 24 0.2 0.12
7 25 0.65 0.22
7 26 0.56 0.21
7 27 0.34 0.25
7 28 0.14 0.1
7 29 0.58 0.18
7 30 0.62 0.28
7 31 0.76 0.31
7 32 0.64 0.26
7 33 0.58 0.24
7 34 0.77 0.2
7 35 0.58 0.15
7 36 0.6 0.18
7 37 0.59 0.24
7 38 0.48 0.25
7 39 0.65 0.25
7 40 0.69 0.18
7 41 0.36 0.2
7 42 0.6 0.22
7 43 0.39 0.16
7 44 0.44 0.23
7 45 0.55 0.13
7 46 0.49 0.12
7 47 0.65 0.17
7 48 0.7 0.21
7 49 0.6 0.21
7 50 0.54 0.22
8 9 0.64 0.24
8 10 0.58 0.16
8 11 0.42 0.19
8 12 0.58 0.18
8 13 0.52 0.17
8 14 0.49 0.22
8 15 0.52 0.2
8 16 0.68 0.3
8 17 0.61 0.26
8 18 0.64 0.19
8 19 0.59 0.25
8 20 0.58 0.27
8 21 0.54 0.21
8 22 0.64 0.26
8 23 0.7 0.25
8 24 0.54 0.23
8 25 0.35 0.13
8 26 0.75 0.22
8 27 0.42 0.22
8 28 0.48 0.12
8 29 0.56 0.16
8 30 0.7 0.3
8 31 0.58 0.26
8 32 0.5 0.21
8 33 0.46 0.02
8 34 0.62 0.17
8 35 0.6 0.22
8 36 0.52 0.17
8 37 0.25 0.16
8 38 0.59 0.24
8 39 0.72 0.25
8 40 0.5 0.16
8 41 0.57 0.17
8 42 0.46 0.23
8 43 0.73 0.18
8 44 0.1 0.07
8 45 0.58 0.23
8 46 0.62 0.28
8 47 0.46 0.22
8 48 0.66 0.16
8 49 0.8 0.23
8 50 0.51 0.13
9 10 0.67 0.3
9 11 0.22 0.18
9 12 0.52 0.24
9 13 0.42 0.17
9 14 0.46 0.32
9 15 0.76 0.28
9 16 0.67 0.12
9 17 0.54 0.2
9 18 0.61 0.19
9 19 0.43 0.28
9 20 0.78 0.29
9 21 0.54 0.25
9 22 0.68 0.16
9 23 0.71 0.13
9 24 0.74 0.2
9 25 0.34 0.19
9 26 0.74 0.24
9 27 0.36 0.31
9 28 0.44 0.3
9 29 0.61 0.22
9 30 0.52 0.21
9 31 0.72 0.33
9 32 0.62 0.3
9 33 0.6 0.26
9 34 0.36 0.17
9 35 0.56 0.21
9 36 0.6 0.22
9 37 0.74 0.31
9 38 0.66 0.22
9 39 0.55 0.25
9 40 0.68 0.2
9 41 0.64 0.23
9 42 0.5 0.2
9 43 0.45 0.22
9 44 0.56 0.25
9 45 0.58 0.26
9 46 0.44 0.3
9 47 0.45 0.15
9 48 0.3 0.18
9 49 0.32 0.23
9 50 0.72 0.21
10 11 0.45 0.3
10 12 0.56 0.26
10 13 0.61 0.24
10 14 0.52 0.09
10 15 0.5 0.32
10 16 0.37 0.24
10 17 0.44 0.16
10 18 0.5 0.22
10 19 0.62 0.27
10 20 0.48 0.3
10 21 0.5 0.24
10 22 0.69 0.26
10 23 0.66 0.25
10 24 0.55 0.1
10 25 0.61 0.28
10 26 0.21 0.16
10 27 0.64 0.28
10 28 0.54 0.28
10 29 0.36 0.28
10 30 0.71 0.34
10 31 0.63 0.28
10 32 0.74 0.26
10 33 0.5 0.18
10 34 0.7 0.24
10 35 0.43 0.24
10 36 0.52 0.16
10 37 0.66 0.25
10 38 0.68 0.14
10 39 0.4 0.28
10 40 0.34 0.1
10 41 0.68 0.26
10 42 0.4 0.3
10 43 0.61 0.12
10 44 0.66 0.23
10 45 0.55 0.26
10 46 0.7 0.23
10 47 0.6 0.24
10 48 0.44 0.26
10 49 0.42 0.2
10 50 0.4 0.2
11 12 0.56 0.21
11 13 0.64 0.06
11 14 0.68 0.21
11 15 0.69 0.15
11 16 0.8 0.26
11 17 0.67 0.22
11 18 0.58 0.16
11 19 0.65 0.19
11 20 0.64 0.25
11 21 0.57 0.13
11 22 0.81 0.18
11 23 0.54 0.22
11 24 0.52 0.2
11 25 0.55 0.18
11 26 0.64 0.25
11 27 0.58 0.26
11 28 0.22 0.12
11 29 0.5 0.04
11 30 0.58 0.3
11 31 0.61 0.27
11 32 0.55 0.26
11 33 0.72 0.21
11 34 0.58 0.06
11 35 0.62 0.17
11 36 0.38 0.14
11 37 0.56 0.23
11 38 0.62 0.2
11 39 0.54 0.14
11 40 0.78 0.26
11 41 0.58 0.22
11 42 0.48 0.21
11 43 0.59 0.28
11 44 0.49 0.12
11 45 0.63 0.11
11 46 0.63 0.23
11 47 0.44 0.23
11 48 0.52 0.23
11 49 0.54 0.2
11 50 0.5 0.1
12 13 0.69 0.25
12 14 0.48 0.23
12 15 0.64 0.28
12 16 0.68 0.12
12 17 0.61 0.2
12 18 0.52 0.2
12 19 0.63 0.14
12 20 0.44 0.2
12 21 0.59 0.08
12 22 0.68 0.25
12 23 0.38 0.24
12 24 0.41 0.16
12 25 0.6 0.28
12 26 0.54 0.24
12 27 0.16 0.14
12 28 0.64 0.29
12 29 0.54 0.17
12 30 0.5 0.32
12 31 0.86 0.28
12 32 0.62 0.2
12 33 0.4 0.16
12 34 0.68 0.25
12 35 0.48 0.12
12 36 0.4 0.2
12 37 0.38 0.28
12 38 0.45 0.22
12 39 0.77 0.31
12 40 0.67 0.28
12 41 0.56 0.29
12 42 0.42 0.2
12 43 0.67 0.29
12 44 0.54 0.25
12 45 0.6 0.1
12 46 0.54 0.18
12 47 0.59 0.18
12 48 0.22 0.18
12 49 0.26 0.22
12 50 0.52 0.21
13 14 0.5 0.15
13 15 0.52 0.2
13 16 0.56 0.2
13 17 0.51 0.16
13 18 0.42 0.1
13 19 0.53 0.15
13 20 0.74 0.21
13 21 0.34 0.17
13 22 0.66 0.12
13 23 0.72 0.16
13 24 0.74 0.14
13 25 0.75 0.18
13 26 0.72 0.19
13 27 0.68 0.2
13 28 0.64 0.18
13 29 0.57 0.1
13 30 0.6 0.24
13 31 0.66 0.29
13 32 0.72 0.25
13 33 0.66 0.15
13 34 0.42 0.0
13 35 0.6 0.13
13 36 0.68 0.08
13 37 0.56 0.17
13 38 0.56 0.14
13 39 0.64 0.08
13 40 0.78 0.2
13 41 0.25 0.2
13 42 0.59 0.27
13 43 0.37 0.22
13 44 0.62 0.13
13 45 0.64 0.17
13 46 0.7 0.18
13 47 0.73 0.19
13 48 0.59 0.18
13 49 0.58 0.14
13 50 0.56 0.04
14 15 0.46 0.24
14 16 0.47 0.27
14 17 0.72 0.25
14 18 0.5 0.14
14 19 0.6 0.21
14 20 0.8 0.26
14 21 0.65 0.15
14 22 0.39 0.25
14 23 0.62 0.2
14 24 0.35 0.12
14 25 0.52 0.25
14 26 0.63 0.2
14 27 0.58 0.24
14 28 0.48 0.23
14 29 0.67 0.24
14 30 0.54 0.28
14 31 0.42 0.3
14 32 0.76 0.29
14 33 0.64 0.2
14 34 0.35 0.15
14 35 0.5 0.19
14 36 0.44 0.12
14 37 0.74 0.21
14 38 0.6 0.23
14 39 0.59 0.23
14 40 0.44 0.14
14 41 0.59 0.22
14 42 0.42 0.27
14 43 0.72 0.16
14 44 0.39 0.19
14 45 0.57 0.17
14 46 0.2 0.14
14 47 0.41 0.22
14 48 0.62 0.22
14 49 0.65 0.18
14 50 0.56 0.12
15 16 0.58 0.33
15 17 0.52 0.25
15 18 0.62 0.18
15 19 0.56 0.26
15 20 0.38 0.28
15 21 0.52 0.2
15 22 0.58 0.29
15 23 0.5 0.2
15 24 0.6 0.22
15 25 0.64 0.28
15 26 0.42 0.27
15 27 0.48 0.28
15 28 0.61 0.18
15 29 0.58 0.11
15 30 0.48 0.32
15 31 0.22 0.12
15 32 0.64 0.33
15 33 0.6 0.18
15 34 0.46 0.2
15 35 0.5 0.24
15 36 0.68 0.16
15 37 0.71 0.25
15 38 0.55 0.27
15 39 0.72 0.18
15 40 0.38 0.26
15 41 0.77 0.26
15 42 0.54 0.28
15 43 0.54 0.24
15 44 0.62 0.27
15 45 0.62 0.18
15 46 0.6 0.3
15 47 0.56 0.24
15 48 0.74 0.1
15 49 0.86 0.22
15 50 0.56 0.16
16 17 0.72 0.08
16 18 0.53 0.24
16 19 0.7 0.26
16 20 0.81 0.32
16 21 0.6 0.2
16 22 0.75 0.22
16 23 0.52 0.24
16 24 0.44 0.28
16 25 0.46 0.22
16 26 0.16 0.12
16 27 0.64 0.26
16 28 0.58 0.38
16 29 0.72 0.29
16 30 0.56 0.26
16 31 0.42 0.21
16 32 0.67 0.18
16 33 0.45 0.28
16 34 0.72 0.2
16 35 0.66 0.24
16 36 0.42 0.26
16 37 0.48 0.25
16 38 0.63 0.1
16 39 0.55 0.25
16 40 0.45 0.18
16 41 0.56 0.18
16 42 0.63 0.14
16 43 0.56 0.17
16 44 0.58 0.28
16 45 0.5 0.22
16 46 0.39 0.18
16 47 0.41 0.2
16 48 0.6 0.3
16 49 0.75 0.2
16 50 0.54 0.24
17 18 0.62 0.16
17 19 0.72 0.26
17 20 0.88 0.26
17 21 0.59 0.2
17 22 0.52 0.28
17 23 0.77 0.16
17 24 0.54 0.24
17 25 0.64 0.14
17 26 0.64 0.2
17 27 0.58 0.2
17 28 0.76 0.34
17 29 0.66 0.26
17 30 0.74 0.3
17 31 0.3 0.13
17 32 0.62 0.1
17 33 0.72 0.28
17 34 0.48 0.16
17 35 0.73 0.18
17 36 0.39 0.18
17 37 0.56 0.17
17 38 0.8 0.02
17 39 0.74 0.22
17 40 0.78 0.22
17 41 0.42 0.1
17 42 0.76 0.22
17 43 0.4 0.24
17 44 0.65 0.2
17 45 0.46 0.22
17 46 0.87 0.22
17 47 0.67 0.12
17 48 0.71 0.24
17 49 0.56 0.12
17 50 0.51 0.2
18 19 0.65 0.18
18 20 0.53 0.12
18 21 0.6 0.12
18 22 0.62 0.19
18 23 0.7 0.06
18 24 0.32 0.12
18 25 0.33 0.2
18 26 0.58 0.2
18 27 0.68 0.12
18 28 0.56 0.24
18 29 0.67 0.2
18 30 0.39 0.14
18 31 0.4 0.29
18 32 0.44 0.16
18 33 0.59 0.17
18 34 0.47 0.1
18 35 0.66 0.14
18 36 0.72 0.06
18 37 0.72 0.15
18 38 0.56 0.18
18 39 0.66 0.18
18 40 0.65 0.14
18 41 0.64 0.18
18 42 0.56 0.24
18 43 0.66 0.16
18 44 0.58 0.23
18 45 0.6 0.14
18 46 0.46 0.14
18 47 0.44 0.12
18 48 0.52 0.08
18 49 0.29 0.04
18 50 0.6 0.06
19 20 0.57 0.18
19 21 0.48 0.06
19 22 0.55 0.19
19 23 0.69 0.15
19 24 0.64 0.17
19 25 0.32 0.17
19 26 0.68 0.22
19 27 0.47 0.28
19 28 0.46 0.15
19 29 0.52 0.15
19 30 0.64 0.28
19 31 0.62 0.26
19 32 0.56 0.29
19 33 0.4 0.25
19 34 0.73 0.15
19 35 0.7 0.1
19 36 0.5 0.18
19 37 0.5 0.27
19 38 0.56 0.24
19 39 0.44 0.23
19 40 0.45 0.23
19 41 0.5 0.16
19 42 0.66 0.18
19 43 0.74 0.21
19 44 0.49 0.18
19 45 0.82 0.08
19 46 0.56 0.16
19 47 0.43 0.16
19 48 0.73 0.16
19 49 0.44 0.22
19 50 0.46 0.19
20 21 0.65 0.12
20 22 0.67 0.29
20 23 0.52 0.18
20 24 0.64 0.22
20 25 0.76 0.24
20 26 0.69 0.23
20 27 0.44 0.24
20 28 0.42 0.27
20 29 0.64 0.21
20 30 0.54 0.26
20 31 0.6 0.32
20 32 0.26 0.22
20 33 0.6 0.28
20 34 0.6 0.21
20 35 0.46 0.08
20 36 0.58 0.16
20 37 0.33 0.11
20 38 0.75 0.24
20 39 0.62 0.29
20 40 0.67 0.2
20 41 0.54 0.28
20 42 0.54 0.24
20 43 0.87 0.18
20 44 0.66 0.28
20 45 0.62 0.14
20 46 0.6 0.22
20 47 0.72 0.14
20 48 0.48 0.18
20 49 0.68 0.16
20 50 0.54 0.17
21 22 0.75 0.17
21 23 0.65 0.16
21 24 0.59 0.18
21 25 0.69 0.2
21 26 0.71 0.16
21 27 0.43 0.22
21 28 0.68 0.21
21 29 0.56 0.09
21 30 0.61 0.24
21 31 0.32 0.2
21 32 0.56 0.28
21 33 0.62 0.19
21 34 0.69 0.17
21 35 0.76 0.04
21 36 0.42 0.12
21 37 0.7 0.21
21 38 0.56 0.18
21 39 0.47 0.23
21 40 0.62 0.22
21 41 0.59 0.21
21 42 0.62 0.12
21 43 0.53 0.21
21 44 0.46 0.18
21 45 0.87 0.02
21 46 0.45 0.1
21 47 0.68 0.1
21 48 0.42 0.1
21 49 0.81 0.16
21 50 0.45 0.13
22 23 0.52 0.24
22 24 0.48 0.23
22 25 0.59 0.27
22 26 0.62 0.1
22 27 0.56 0.29
22 28 0.64 0.24
22 29 0.88 0.22
22 30 0.89 0.28
22 31 0.7 0.24
22 32 0.42 0.3
22 33 0.69 0.24
22 34 0.67 0.12
22 35 0.63 0.21
22 36 0.81 0.17
22 37 0.7 0.26
22 38 0.35 0.26
22 39 0.49 0.2
22 40 0.58 0.16
22 41 0.83 0.29
22 42 0.66 0.25
22 43 0.7 0.15
22 44 0.54 0.25
22 45 0.74 0.15
22 46 0.57 0.26
22 47 0.53 0.24
22 48 0.69 0.27
22 49 0.65 0.23
22 50 0.71 0.13
23 24 0.59 0.15
23 25 0.37 0.16
23 26 0.62 0.14
23 27 0.54 0.18
23 28 0.51 0.21
23 29 0.67 0.23
23 30 0.53 0.2
23 31 0.72 0.29
23 32 0.32 0.22
23 33 0.57 0.23
23 34 0.73 0.16
23 35 0.66 0.12
23 36 0.72 0.09
23 37 0.76 0.18
23 38 0.41 0.14
23 39 0.64 0.24
23 40 0.64 0.2
23 41 0.61 0.2
23 42 0.54 0.28
23 43 0.85 0.19
23 44 0.6 0.22
23 45 0.87 0.18
23 46 0.72 0.2
23 47 0.26 0.06
23 48 0.6 0.1
23 49 0.64 0.1
23 50 0.68 0.12
24 25 0.56 0.18
24 26 0.6 0.26
24 27 0.5 0.18
24 28 0.34 0.22
24 29 0.58 0.2
24 30 0.6 0.24
24 31 0.72 0.34
24 32 0.54 0.23
24 33 0.5 0.21
24 34 0.6 0.14
24 35 0.54 0.14
24 36 0.63 0.06
24 37 0.56 0.15
24 38 0.56 0.22
24 39 0.7 0.22
24 40 0.62 0.2
24 41 0.56 0.22
24 42 0.4 0.2
24 43 0.59 0.22
24 44 0.64 0.24
24 45 0.62 0.2
24 46 0.36 0.22
24 47 0.45 0.2
24 48 0.6 0.2
24 49 0.61 0.16
24 50 0.51 0.1
25 26 0.62 0.24
25 27 0.46 0.29
25 28 0.51 0.24
25 29 0.67 0.22
25 30 0.41 0.31
25 31 0.44 0.18
25 32 0.5 0.2
25 33 0.62 0.15
25 34 0.65 0.18
25 35 0.51 0.16
25 36 0.51 0.18
25 37 0.6 0.23
25 38 0.53 0.16
25 39 0.46 0.25
25 40 0.34 0.18
25 41 0.52 0.04
25 42 0.39 0.22
25 43 0.56 0.2
25 44 0.25 0.06
25 45 0.5 0.22
25 46 0.47 0.16
25 47 0.11 0.1
25 48 0.59 0.18
25 49 0.61 0.24
25 50 0.39 0.14
26 27 0.53 0.24
26 28 0.42 0.3
26 29 0.56 0.21
26 30 0.71 0.18
26 31 0.42 0.21
26 32 0.7 0.28
26 33 0.29 0.2
26 34 0.56 0.19
26 35 0.64 0.2
26 36 0.58 0.23
26 37 0.64 0.32
26 38 0.47 0.22
26 39 0.61 0.13
26 40 0.55 0.06
26 41 0.56 0.2
26 42 0.61 0.24
26 43 0.4 0.05
26 44 0.66 0.2
26 45 0.34 0.14
26 46 0.55 0.24
26 47 0.57 0.2
26 48 0.44 0.19
26 49 0.59 0.16
26 50 0.61 0.23
27 28 0.48 0.25
27 29 0.7 0.26
27 30 0.49 0.26
27 31 0.7 0.33
27 32 0.46 0.2
27 33 0.24 0.2
27 34 0.54 0.2
27 35 0.52 0.2
27 36 0.45 0.12
27 37 0.54 0.21
27 38 0.56 0.22
27 39 0.63 0.26
27 40 0.56 0.18
27 41 0.43 0.28
27 42 0.58 0.24
27 43 0.51 0.2
27 44 0.38 0.27
27 45 0.44 0.24
27 46 0.38 0.13
27 47 0.57 0.22
27 48 0.38 0.2
27 49 0.42 0.08
27 50 0.41 0.16
28 29 0.46 0.16
28 30 0.76 0.18
28 31 0.64 0.26
28 32 0.68 0.33
28 33 0.5 0.14
28 34 0.63 0.18
28 35 0.44 0.25
28 36 0.46 0.26
28 37 0.56 0.28
28 38 0.4 0.32
28 39 0.6 0.24
28 40 0.64 0.28
28 41 0.44 0.27
28 42 0.7 0.3
28 43 0.53 0.26
28 44 0.56 0.19
28 45 0.41 0.23
28 46 0.5 0.22
28 47 0.62 0.27
28 48 0.58 0.28
28 49 0.46 0.28
28 50 0.56 0.22
29 30 0.6 0.28
29 31 0.36 0.23
29 32 0.76 0.3
29 33 0.78 0.18
29 34 0.56 0.1
29 35 0.76 0.13
29 36 0.56 0.14
29 37 0.68 0.23
29 38 0.64 0.24
29 39 0.6 0.18
29 40 0.7 0.24
29 41 0.32 0.26
29 42 0.52 0.17
29 43 0.68 0.26
29 44 0.59 0.16
29 45 0.76 0.07
29 46 0.86 0.19
29 47 0.65 0.19
29 48 0.32 0.19
29 49 0.7 0.18
29 50 0.68 0.14
30 31 0.7 0.39
30 32 0.47 0.3
30 33 0.73 0.31
30 34 0.34 0.24
30 35 0.52 0.28
30 36 0.74 0.2
30 37 0.75 0.29
30 38 0.66 0.32
30 39 0.73 0.31
30 40 0.6 0.24
30 41 0.5 0.32
30 42 0.31 0.12
30 43 0.56 0.23
30 44 0.6 0.27
30 45 0.46 0.22
30 46 0.34 0.28
30 47 0.52 0.26
30 48 0.48 0.22
30 49 0.68 0.18
30 50 0.67 0.2
31 32 0.68 0.23
31 33 0.71 0.28
31 34 0.68 0.29
31 35 0.64 0.24
31 36 0.48 0.28
31 37 0.66 0.3
31 38 0.69 0.15
31 39 0.64 0.26
31 40 0.6 0.18
31 41 0.68 0.14
31 42 0.63 0.32
31 43 0.68 0.16
31 44 0.68 0.19
31 45 0.58 0.22
31 46 0.62 0.2
31 47 0.47 0.25
31 48 0.68 0.22
31 49 0.69 0.25
31 50 0.6 0.28
32 33 0.7 0.23
32 34 0.41 0.25
32 35 0.63 0.25
32 36 0.58 0.17
32 37 0.59 0.26
32 38 0.73 0.12
32 39 0.74 0.32
32 40 0.56 0.22
32 41 0.56 0.2
32 42 0.53 0.3
32 43 0.62 0.24
32 44 0.4 0.14
32 45 0.63 0.3
32 46 0.66 0.3
32 47 0.48 0.22
32 48 0.64 0.24
32 49 0.42 0.12
32 50 0.46 0.21
33 34 0.7 0.15
33 35 0.46 0.2
33 36 0.44 0.15
33 37 0.64 0.18
33 38 0.76 0.26
33 39 0.39 0.23
33 40 0.55 0.14
33 41 0.46 0.19
33 42 0.48 0.25
33 43 0.42 0.16
33 44 0.52 0.09
33 45 0.48 0.21
33 46 0.56 0.29
33 47 0.51 0.24
33 48 0.62 0.14
33 49 0.62 0.21
33 50 0.32 0.11
34 35 0.56 0.13
34 36 0.4 0.08
34 37 0.74 0.17
34 38 0.32 0.14
34 39 0.63 0.08
34 40 0.36 0.2
34 41 0.58 0.2
34 42 0.49 0.27
34 43 0.73 0.22
34 44 0.52 0.13
34 45 0.22 0.17
34 46 0.55 0.18
34 47 0.54 0.19
34 48 0.66 0.18
34 49 0.68 0.14
34 50 0.52 0.04
35 36 0.34 0.08
35 37 0.79 0.17
35 38 0.82 0.16
35 39 0.73 0.21
35 40 0.63 0.26
35 41 0.46 0.2
35 42 0.73 0.16
35 43 0.58 0.25
35 44 0.5 0.22
35 45 0.75 0.06
35 46 0.7 0.14
35 47 0.4 0.06
35 48 0.53 0.14
35 49 0.72 0.18
35 50 0.36 0.09
36 37 0.46 0.09
36 38 0.68 0.16
36 39 0.73 0.16
36 40 0.48 0.2
36 41 0.48 0.16
36 42 0.6 0.24
36 43 0.43 0.22
36 44 0.52 0.2
36 45 0.61 0.14
36 46 0.48 0.2
36 47 0.62 0.14
36 48 0.5 0.14
36 49 0.66 0.1
36 50 0.12 0.04
37 38 0.42 0.19
37 39 0.88 0.25
37 40 0.67 0.29
37 41 0.36 0.19
37 42 0.44 0.26
37 43 0.54 0.29
37 44 0.35 0.21
37 45 0.83 0.23
37 46 0.54 0.12
37 47 0.71 0.23
37 48 0.6 0.23
37 49 0.57 0.19
37 50 0.51 0.13
38 39 0.72 0.2
38 40 0.68 0.24
38 41 0.56 0.12
38 42 0.64 0.24
38 43 0.6 0.26
38 44 0.69 0.22
38 45 0.54 0.2
38 46 0.5 0.24
38 47 0.42 0.1
38 48 0.51 0.24
38 49 0.4 0.14
38 50 0.56 0.18
39 40 0.4 0.18
39 41 0.52 0.28
39 42 0.58 0.35
39 43 0.66 0.16
39 44 0.67 0.21
39 45 0.59 0.25
39 46 0.39 0.13
39 47 0.48 0.18
39 48 0.68 0.26
39 49 0.58 0.22
39 50 0.61 0.12
40 41 0.53 0.22
40 42 0.7 0.3
40 43 0.6 0.02
40 44 0.59 0.18
40 45 0.48 0.2
40 46 0.36 0.18
40 47 0.38 0.26
40 48 0.78 0.16
40 49 0.71 0.1
40 50 0.6 0.2
41 42 0.54 0.24
41 43 0.62 0.24
41 44 0.66 0.1
41 45 0.7 0.23
41 46 0.54 0.2
41 47 0.49 0.14
41 48 0.34 0.22
41 49 0.62 0.22
41 50 0.36 0.16
42 43 0.76 0.29
42 44 0.56 0.16
42 45 0.56 0.1
42 46 0.62 0.22
42 47 0.5 0.22
42 48 0.2 0.2
42 49 0.68 0.28
42 50 0.6 0.25
43 44 0.66 0.16
43 45 0.51 0.19
43 46 0.64 0.2
43 47 0.59 0.24
43 48 0.56 0.14
43 49 0.77 0.12
43 50 0.36 0.22
44 45 0.58 0.2
44 46 0.52 0.22
44 47 0.36 0.16
44 48 0.63 0.23
44 49 0.7 0.26
44 50 0.6 0.17
45 46 0.72 0.12
45 47 0.61 0.12
45 48 0.54 0.12
45 49 0.47 0.18
45 50 0.49 0.15
46 47 0.58 0.2
46 48 0.56 0.2
46 49 0.61 0.18
46 50 0.36 0.19
47 48 0.56 0.16
47 49 0.69 0.16
47 50 0.5 0.15
48 49 0.48 0.12
48 50 0.62 0.14
49 50 0.71 0.1
node_demand
0.05
0.175
0.1
0.175
0.05
0.2
0.1
0.175
0.225
0.175
0.225
0.175
0.025
0.125
0.05
0.2
0.15
0.15
0.1
0.05
0.1
0.025
0.2
0.15
0.075
0.15
0.1
0.15
0.1
0.125
0.1
0.1
0.225
0.075
0.025
0.225
0.125
0.05
0.025
0.1
0.225
0.225
0.2
0.225
0.225
0.025
0.1
0.025
0.075
0.225
