50
0 1 0.5 0.1
0 2 0.56 0.12
0 3 0.67 0.25
0 4 0.52 0.16
0 5 0.48 0.16
0 6 0.57 0.28
0 7 0.69 0.27
0 8 0.71 0.15
0 9 0.43 0.19
0 10 0.48 0.24
0 11 0.56 0.21
0 12 0.58 0.2
0 13 0.3 0.19
0 14 0.56 0.32
0 15 0.54 0.26
0 16 0.66 0.23
0 17 0.65 0.27
0 18 0.6 0.2
0 19 0.46 0.22
0 20 0.64 0.16
0 21 0.28 0.18
0 22 0.62 0.26
0 23 0.68 0.31
0 24 0.64 0.18
0 25 0.66 0.37
0 26 0.76 0.3
0 27 0.54 0.31
0 28 0.71 0.26
0 29 0.62 0.2
0 30 0.62 0.29
0 31 0.74 0.26
0 32 0.57 0.18
0 33 0.54 0.26
0 34 0.5 0.28
0 35 0.75 0.27
0 36 0.77 0.32
0 37 0.58 0.2
0 38 0.64 0.24
0 39 0.68 0.26
0 40 0.75 0.26
0 41 0.41 0.16
0 42 0.69 0.33
0 43 0.4 0.16
0 44 0.73 0.24
0 45 0.32 0.18
0 46 0.81 0.28
0 47 0.56 0.21
0 48 0.68 0.25
0 49 0.64 0.23
0 50 0.58 0.26
1 2 0.74 0.08
1 3 0.64 0.2
1 4 0.74 0.06
1 5 0.56 0.23
1 6 0.62 0.24
1 7 0.62 0.24
1 8 0.6 0.25
1 9 0.7 0.22
1 10 0.62 0.2
1 11 0.46 0.2
1 12 0.64 0.16
1 13 0.54 0.22
1 14 0.68 0.31
1 15 0.7 0.18
1 16 0.63 0.19
1 17 0.48 0.24
1 18 0.79 0.19
1 19 0.57 0.15
1 20 0.65 0.06
1 21 0.4 0.14
1 22 0.78 0.25
1 23 0.36 0.22
1 24 0.76 0.22
1 25 0.6 0.28
1 26 0.64 0.26
1 27 0.72 0.27
1 28 0.53 0.24
1 29 0.48 0.21
1 30 0.76 0.25
1 31 0.49 0.21
1 32 0.66 0.14
1 33 0.5 0.18
1 34 0.44 0.18
1 35 0.34 0.26
1 36 0.8 0.24
1 37 0.43 0.21
1 38 0.66 0.14
1 39 0.54 0.3
1 40 0.55 0.2
1 41 0.73 0.17
1 42 0.48 0.29
1 43 0.7 0.17
1 44 0.74 0.23
1 45 0.54 0.08
1 46 0.52 0.18
1 47 0.64 0.17
1 48 0.54 0.28
1 49 0.74 0.13
1 50 0.52 0.18
2 3 0.41 0.26
2 4 0.64 0.14
2 5 0.49 0.26
2 6 0.7 0.16
2 7 0.66 0.19
2 8 0.62 0.18
2 9 0.63 0.16
2 10 0.39 0.12
2 11 0.45 0.12
2 12 0.67 0.08
2 13 0.66 0.14
2 14 0.7 0.27
2 15 0.64 0.18
2 16 0.59 0.2
2 17 0.44 0.24
2 18 0.68 0.27
2 19 0.72 0.19
2 20 0.26 0.14
2 21 0.77 0.22
2 22 0.46 0.26
2 23 0.6 0.22
2 24 0.73 0.23
2 25 0.4 0.28
2 26 0.64 0.18
2 27 0.33 0.19
2 28 0.77 0.2
2 29 0.58 0.2
2 30 0.72 0.18
2 31 0.39 0.16
2 32 0.44 0.06
2 33 0.66 0.18
2 34 0.62 0.23
2 35 0.56 0.22
2 36 0.58 0.24
2 37 0.74 0.25
2 38 0.64 0.19
2 39 0.56 0.24
2 40 0.58 0.25
2 41 0.44 0.17
2 42 0.4 0.28
2 43 0.54 0.24
2 44 0.7 0.18
2 45 0.44 0.16
2 46 0.77 0.26
2 47 0.68 0.09
2 48 0.59 0.2
2 49 0.46 0.21
2 50 0.43 0.18
3 4 0.64 0.14
3 5 0.19 0.09
3 6 0.51 0.22
3 7 0.62 0.16
3 8 0.58 0.35
3 9 0.52 0.25
3 10 0.46 0.18
3 11 0.34 0.21
3 12 0.69 0.31
3 13 0.69 0.23
3 14 0.7 0.29
3 15 0.45 0.18
3 16 0.56 0.21
3 17 0.65 0.32
3 18 0.74 0.13
3 19 0.42 0.21
3 20 0.15 0.14
3 21 0.56 0.26
3 22 0.26 0.14
3 23 0.6 0.21
3 24 0.53 0.28
3 25 0.52 0.26
3 26 0.23 0.19
3 27 0.63 0.26
3 28 0.51 0.29
3 29 0.6 0.22
3 30 0.44 0.24
3 31 0.49 0.19
3 32 0.46 0.27
3 33 0.58 0.18
3 34 0.36 0.26
3 35 0.48 0.24
3 36 0.54 0.24
3 37 0.36 0.14
3 38 0.55 0.22
3 39 0.53 0.24
3 40 0.51 0.24
3 41 0.48 0.25
3 42 0.55 0.32
3 43 0.43 0.18
3 44 0.68 0.17
3 45 0.58 0.16
3 46 0.62 0.23
3 47 0.45 0.25
3 48 0.6 0.26
3 49 0.58 0.23
3 50 0.58 0.18
4 5 0.51 0.17
4 6 0.58 0.21
4 7 0.46 0.18
4 8 0.62 0.24
4 9 0.6 0.2
4 10 0.47 0.26
4 11 0.3 0.15
4 12 0.63 0.19
4 13 0.76 0.22
4 14 0.52 0.25
4 15 0.22 0.12
4 16 0.58 0.2
4 17 0.55 0.18
4 18 0.5 0.13
4 19 0.46 0.17
4 20 0.49 0.0
4 21 0.4 0.19
4 22 0.62 0.27
4 23 0.38 0.23
4 24 0.7 0.2
4 25 0.7 0.28
4 26 0.46 0.25
4 27 0.32 0.24
4 28 0.54 0.23
4 29 0.62 0.15
4 30 0.59 0.2
4 31 0.48 0.15
4 32 0.55 0.2
4 33 0.54 0.12
4 34 0.53 0.22
4 35 0.76 0.2
4 36 0.62 0.18
4 37 0.46 0.15
4 38 0.6 0.18
4 39 0.5 0.3
4 40 0.65 0.21
4 41 0.47 0.11
4 42 0.56 0.23
4 43 0.6 0.11
4 44 0.6 0.17
4 45 0.2 0.02
4 46 0.76 0.24
4 47 0.44 0.11
4 48 0.62 0.22
4 49 0.54 0.19
4 50 0.56 0.12
5 6 0.48 0.28
5 7 0.59 0.22
5 8 0.77 0.26
5 9 0.71 0.16
5 10 0.57 0.27
5 11 0.42 0.18
5 12 0.62 0.33
5 13 0.77 0.14
5 14 0.62 0.28
5 15 0.64 0.19
5 16 0.59 0.19
5 17 0.5 0.24
5 18 0.6 0.04
5 19 0.61 0.12
5 20 0.23 0.17
5 21 0.44 0.2
5 22 0.45 0.22
5 23 0.6 0.27
5 24 0.7 0.23
5 25 0.64 0.31
5 26 0.42 0.28
5 27 0.71 0.17
5 28 0.7 0.23
5 29 0.48 0.22
5 30 0.53 0.18
5 31 0.3 0.1
5 32 0.56 0.2
5 33 0.46 0.19
5 34 0.55 0.17
5 35 0.32 0.24
5 36 0.72 0.25
5 37 0.55 0.22
5 38 0.59 0.13
5 39 0.72 0.27
5 40 0.32 0.18
5 41 0.5 0.18
5 42 0.63 0.28
5 43 0.48 0.18
5 44 0.5 0.08
5 45 0.55 0.19
5 46 0.56 0.14
5 47 0.59 0.27
5 48 0.5 0.26
5 49 0.63 0.14
5 50 0.58 0.19
6 7 0.12 0.06
6 8 0.64 0.29
6 9 0.6 0.16
6 10 0.5 0.21
6 11 0.61 0.15
6 12 0.67 0.09
6 13 0.65 0.14
6 14 0.54 0.26
6 15 0.75 0.09
6 16 0.56 0.22
6 17 0.48 0.24
6 18 0.45 0.24
6 19 0.58 0.23
6 20 0.54 0.21
6 21 0.66 0.17
6 22 0.62 0.31
6 23 0.44 0.11
6 24 0.7 0.23
6 25 0.57 0.16
6 26 0.62 0.31
6 27 0.74 0.27
6 28 0.54 0.23
6 29 0.66 0.17
6 30 0.56 0.28
6 31 0.74 0.23
6 32 0.38 0.19
6 33 0.56 0.09
6 34 0.38 0.19
6 35 0.52 0.21
6 36 0.24 0.15
6 37 0.61 0.23
6 38 0.59 0.15
6 39 0.7 0.27
6 40 0.5 0.23
6 41 0.52 0.19
6 42 0.74 0.28
6 43 0.55 0.21
6 44 0.64 0.22
6 45 0.69 0.19
6 46 0.3 0.18
6 47 0.54 0.2
6 48 0.42 0.19
6 49 0.7 0.21
6 50 0.72 0.09
7 8 0.66 0.25
7 9 0.56 0.1
7 10 0.5 0.15
7 11 0.64 0.11
7 12 0.55 0.15
7 13 0.53 0.08
7 14 0.61 0.21
7 15 0.64 0.13
7 16 0.47 0.23
7 17 0.6 0.18
7 18 0.44 0.18
7 19 0.54 0.21
7 20 0.64 0.18
7 21 0.54 0.18
7 22 0.5 0.25
7 23 0.32 0.05
7 24 0.6 0.17
7 25 0.45 0.1
7 26 0.5 0.25
7 27 0.7 0.27
7 28 0.49 0.18
7 29 0.68 0.11
7 30 0.54 0.28
7 31 0.62 0.19
7 32 0.26 0.13
7 33 0.55 0.13
7 34 0.26 0.22
7 35 0.6 0.17
7 36 0.36 0.19
7 37 0.67 0.19
7 38 0.62 0.19
7 39 0.58 0.27
7 40 0.44 0.17
7 41 0.4 0.13
7 42 0.66 0.22
7 43 0.56 0.15
7 44 0.52 0.21
7 45 0.66 0.2
7 46 0.36 0.2
7 47 0.58 0.22
7 48 0.3 0.19
7 49 0.67 0.2
7 50 0.6 0.13
8 9 0.46 0.22
8 10 0.56 0.22
8 11 0.44 0.18
8 12 0.31 0.21
8 13 0.64 0.2
8 14 0.46 0.17
8 15 0.76 0.24
8 16 0.66 0.26
8 17 0.66 0.12
8 18 0.5 0.22
8 19 0.35 0.14
8 20 0.63 0.24
8 21 0.61 0.28
8 22 0.54 0.24
8 23 0.73 0.24
8 24 0.62 0.29
8 25 0.63 0.28
8 26 0.64 0.21
8 27 0.66 0.26
8 28 0.56 0.26
8 29 0.52 0.24
8 30 0.68 0.22
8 31 0.58 0.22
8 32 0.47 0.12
8 33 0.68 0.24
8 34 0.63 0.29
8 35 0.61 0.12
8 36 0.69 0.3
8 37 0.46 0.24
8 38 0.44 0.25
8 39 0.48 0.34
8 40 0.69 0.2
8 41 0.3 0.18
8 42 0.49 0.2
8 43 0.52 0.2
8 44 0.52 0.24
8 45 0.6 0.26
8 46 0.46 0.26
8 47 0.61 0.26
8 48 0.36 0.1
8 49 0.6 0.12
8 50 0.66 0.24
9 10 0.64 0.22
9 11 0.47 0.15
9 12 0.43 0.21
9 13 0.54 0.02
9 14 0.4 0.26
9 15 0.46 0.09
9 16 0.69 0.13
9 17 0.74 0.12
9 18 0.7 0.2
9 19 0.39 0.22
9 20 0.52 0.2
9 21 0.71 0.08
9 22 0.69 0.3
9 23 0.46 0.12
9 24 0.52 0.11
9 25 0.53 0.18
9 26 0.75 0.22
9 27 0.72 0.23
9 28 0.6 0.23
9 29 0.64 0.2
9 30 0.76 0.19
9 31 0.76 0.18
9 32 0.64 0.1
9 33 0.71 0.09
9 34 0.82 0.18
9 35 0.53 0.24
9 36 0.6 0.15
9 37 0.52 0.2
9 38 0.68 0.15
9 39 0.72 0.27
9 40 0.42 0.16
9 41 0.7 0.2
9 42 0.74 0.16
9 43 0.62 0.16
9 44 0.62 0.2
9 45 0.42 0.18
9 46 0.4 0.3
9 47 0.66 0.16
9 48 0.44 0.22
9 49 0.49 0.21
9 50 0.2 0.09
10 11 0.65 0.16
10 12 0.48 0.2
10 13 0.58 0.23
10 14 0.54 0.19
10 15 0.25 0.22
10 16 0.39 0.2
10 17 0.5 0.26
10 18 0.68 0.3
10 19 0.48 0.23
10 20 0.46 0.26
10 21 0.59 0.25
10 22 0.5 0.22
10 23 0.3 0.1
10 24 0.6 0.32
10 25 0.78 0.16
10 26 0.5 0.11
10 27 0.51 0.12
10 28 0.47 0.23
10 29 0.44 0.21
10 30 0.56 0.16
10 31 0.53 0.24
10 32 0.74 0.18
10 33 0.65 0.22
10 34 0.48 0.23
10 35 0.48 0.14
10 36 0.74 0.21
10 37 0.48 0.13
10 38 0.65 0.27
10 39 0.38 0.12
10 40 0.68 0.27
10 41 0.54 0.21
10 42 0.62 0.22
10 43 0.66 0.17
10 44 0.54 0.26
10 45 0.47 0.28
10 46 0.62 0.27
10 47 0.62 0.21
10 48 0.2 0.12
10 49 0.57 0.25
10 50 0.58 0.22
11 12 0.75 0.2
11 13 0.74 0.14
11 14 0.59 0.18
11 15 0.46 0.06
11 16 0.51 0.19
11 17 0.47 0.24
11 18 0.58 0.22
11 19 0.7 0.19
11 20 0.19 0.15
11 21 0.66 0.14
11 22 0.4 0.22
11 23 0.6 0.16
11 24 0.49 0.23
11 25 0.44 0.21
11 26 0.57 0.18
11 27 0.62 0.24
11 28 0.57 0.08
11 29 0.66 0.21
11 30 0.54 0.22
11 31 0.44 0.08
11 32 0.64 0.06
11 33 0.24 0.06
11 34 0.39 0.14
11 35 0.74 0.23
11 36 0.69 0.12
11 37 0.59 0.2
11 38 0.6 0.12
11 39 0.53 0.24
11 40 0.7 0.25
11 41 0.54 0.05
11 42 0.5 0.25
11 43 0.47 0.17
11 44 0.5 0.1
11 45 0.24 0.16
11 46 0.68 0.3
11 47 0.48 0.2
11 48 0.64 0.25
11 49 0.64 0.18
11 50 0.27 0.06
12 13 0.54 0.19
12 14 0.64 0.19
12 15 0.64 0.17
12 16 0.48 0.18
12 17 0.58 0.29
12 18 0.66 0.32
12 19 0.65 0.27
12 20 0.6 0.19
12 21 0.3 0.23
12 22 0.74 0.29
12 23 0.53 0.2
12 24 0.43 0.28
12 25 0.44 0.25
12 26 0.72 0.26
12 27 0.52 0.24
12 28 0.36 0.28
12 29 0.42 0.2
12 30 0.72 0.2
12 31 0.56 0.24
12 32 0.58 0.14
12 33 0.58 0.17
12 34 0.52 0.27
12 35 0.3 0.14
12 36 0.59 0.23
12 37 0.68 0.25
12 38 0.62 0.23
12 39 0.71 0.32
12 40 0.38 0.24
12 41 0.61 0.25
12 42 0.54 0.22
12 43 0.34 0.24
12 44 0.65 0.26
12 45 0.52 0.17
12 46 0.67 0.27
12 47 0.58 0.11
12 48 0.28 0.12
12 49 0.6 0.29
12 50 0.63 0.17
13 14 0.79 0.24
13 15 0.78 0.11
13 16 0.65 0.15
13 17 0.43 0.1
13 18 0.3 0.18
13 19 0.55 0.2
13 20 0.55 0.22
13 21 0.58 0.1
13 22 0.51 0.28
13 23 0.68 0.13
13 24 0.63 0.09
13 25 0.44 0.18
13 26 0.46 0.2
13 27 0.72 0.24
13 28 0.6 0.22
13 29 0.56 0.19
13 30 0.32 0.2
13 31 0.57 0.16
13 32 0.27 0.08
13 33 0.64 0.11
13 34 0.64 0.2
13 35 0.65 0.22
13 36 0.78 0.17
13 37 0.76 0.22
13 38 0.34 0.17
13 39 0.77 0.29
13 40 0.45 0.18
13 41 0.39 0.19
13 42 0.48 0.14
13 43 0.62 0.18
13 44 0.77 0.18
13 45 0.56 0.2
13 46 0.66 0.28
13 47 0.32 0.18
13 48 0.51 0.2
13 49 0.7 0.22
13 50 0.58 0.11
14 15 0.57 0.19
14 16 0.8 0.31
14 17 0.62 0.29
14 18 0.62 0.31
14 19 0.61 0.22
14 20 0.57 0.25
14 21 0.63 0.26
14 22 0.51 0.2
14 23 0.62 0.17
14 24 0.74 0.29
14 25 0.4 0.11
14 26 0.5 0.18
14 27 0.52 0.22
14 28 0.47 0.22
14 29 0.41 0.29
14 30 0.52 0.25
14 31 0.76 0.26
14 32 0.6 0.24
14 33 0.58 0.19
14 34 0.56 0.28
14 35 0.34 0.05
14 36 0.63 0.25
14 37 0.64 0.29
14 38 0.73 0.25
14 39 0.6 0.3
14 40 0.65 0.28
14 41 0.45 0.23
14 42 0.78 0.13
14 43 0.6 0.25
14 44 0.66 0.28
14 45 0.71 0.23
14 46 0.58 0.14
14 47 0.47 0.3
14 48 0.74 0.07
14 49 0.68 0.24
14 50 0.32 0.19
15 16 0.5 0.13
15 17 0.69 0.21
15 18 0.54 0.21
15 19 0.68 0.14
15 20 0.59 0.12
15 21 0.34 0.08
15 22 0.64 0.22
15 23 0.55 0.18
15 24 0.48 0.18
15 25 0.58 0.23
15 26 0.68 0.22
15 27 0.54 0.18
15 28 0.46 0.14
15 29 0.62 0.2
15 30 0.6 0.19
15 31 0.64 0.14
15 32 0.77 0.12
15 33 0.4 0.0
15 34 0.55 0.1
15 35 0.54 0.24
15 36 0.67 0.06
15 37 0.3 0.14
15 38 0.54 0.06
15 39 0.5 0.18
15 40 0.63 0.2
15 41 0.52 0.11
15 42 0.37 0.24
15 43 0.62 0.16
15 44 0.64 0.16
15 45 0.22 0.1
15 46 0.78 0.24
15 47 0.46 0.19
15 48 0.4 0.26
15 49 0.32 0.12
15 50 0.5 0.0
16 17 0.48 0.16
16 18 0.71 0.2
16 19 0.58 0.17
16 20 0.63 0.2
16 21 0.63 0.05
16 22 0.63 0.27
16 23 0.69 0.25
16 24 0.72 0.24
16 25 0.52 0.25
16 26 0.41 0.26
16 27 0.39 0.1
16 28 0.64 0.21
16 29 0.5 0.15
16 30 0.6 0.06
16 31 0.66 0.13
16 32 0.48 0.14
16 33 0.37 0.13
16 34 0.4 0.15
16 35 0.63 0.26
16 36 0.57 0.19
16 37 0.2 0.07
16 38 0.56 0.18
16 39 0.5 0.27
16 40 0.51 0.21
16 41 0.6 0.23
16 42 0.26 0.19
16 43 0.62 0.11
16 44 0.7 0.11
16 45 0.38 0.22
16 46 0.62 0.32
16 47 0.62 0.15
16 48 0.51 0.26
16 49 0.2 0.18
16 50 0.52 0.13
17 18 0.6 0.24
17 19 0.78 0.22
17 20 0.5 0.18
17 21 0.76 0.2
17 22 0.56 0.3
17 23 0.61 0.23
17 24 0.7 0.19
17 25 0.68 0.28
17 26 0.56 0.25
17 27 0.67 0.14
17 28 0.47 0.28
17 29 0.7 0.22
17 30 0.34 0.1
17 31 0.73 0.26
17 32 0.62 0.18
17 33 0.71 0.21
17 34 0.46 0.22
17 35 0.44 0.24
17 36 0.44 0.26
17 37 0.39 0.23
17 38 0.54 0.18
17 39 0.64 0.34
17 40 0.46 0.16
17 41 0.79 0.2
17 42 0.52 0.2
17 43 0.66 0.26
17 44 0.7 0.27
17 45 0.54 0.16
17 46 0.61 0.36
17 47 0.59 0.19
17 48 0.3 0.22
17 49 0.47 0.24
17 50 0.54 0.21
18 19 0.5 0.12
18 20 0.77 0.13
18 21 0.61 0.22
18 22 0.8 0.22
18 23 0.74 0.23
18 24 0.61 0.27
18 25 0.64 0.28
18 26 0.69 0.24
18 27 0.82 0.18
18 28 0.67 0.24
18 29 0.62 0.22
18 30 0.3 0.14
18 31 0.42 0.14
18 32 0.57 0.24
18 33 0.34 0.21
18 34 0.7 0.21
18 35 0.56 0.26
18 36 0.69 0.27
18 37 0.82 0.22
18 38 0.52 0.17
18 39 0.5 0.23
18 40 0.52 0.18
18 41 0.52 0.22
18 42 0.6 0.32
18 43 0.74 0.18
18 44 0.69 0.12
18 45 0.66 0.15
18 46 0.75 0.18
18 47 0.62 0.23
18 48 0.62 0.27
18 49 0.63 0.1
18 50 0.8 0.21
19 20 0.57 0.17
19 21 0.54 0.14
19 22 0.3 0.1
19 23 0.52 0.18
19 24 0.61 0.29
19 25 0.72 0.24
19 26 0.52 0.16
19 27 0.78 0.27
19 28 0.4 0.12
19 29 0.59 0.1
19 30 0.56 0.23
19 31 0.7 0.22
19 32 0.28 0.13
19 33 0.67 0.14
19 34 0.43 0.18
19 35 0.66 0.17
19 36 0.34 0.2
19 37 0.7 0.1
19 38 0.52 0.2
19 39 0.66 0.2
19 40 0.6 0.06
19 41 0.65 0.18
19 42 0.7 0.25
19 43 0.62 0.06
19 44 0.67 0.2
19 45 0.66 0.19
19 46 0.46 0.15
19 47 0.58 0.21
19 48 0.68 0.15
19 49 0.73 0.02
19 50 0.59 0.14
20 21 0.6 0.19
20 22 0.41 0.27
20 23 0.7 0.23
20 24 0.47 0.2
20 25 0.54 0.28
20 26 0.38 0.25
20 27 0.48 0.24
20 28 0.66 0.23
20 29 0.5 0.15
20 30 0.52 0.2
20 31 0.53 0.15
20 32 0.54 0.2
20 33 0.43 0.12
20 34 0.51 0.22
20 35 0.55 0.2
20 36 0.66 0.18
20 37 0.48 0.15
20 38 0.7 0.18
20 39 0.58 0.3
20 40 0.55 0.21
20 41 0.6 0.11
20 42 0.4 0.23
20 43 0.28 0.11
20 44 0.53 0.17
20 45 0.43 0.02
20 46 0.62 0.24
20 47 0.55 0.11
20 48 0.45 0.22
20 49 0.72 0.19
20 50 0.46 0.12
21 22 0.76 0.22
21 23 0.65 0.2
21 24 0.64 0.19
21 25 0.68 0.26
21 26 0.5 0.22
21 27 0.6 0.15
21 28 0.66 0.16
21 29 0.42 0.12
21 30 0.53 0.11
21 31 0.74 0.14
21 32 0.62 0.18
21 33 0.68 0.08
21 34 0.45 0.1
21 35 0.6 0.28
21 36 0.68 0.14
21 37 0.56 0.12
21 38 0.6 0.13
21 39 0.46 0.22
21 40 0.66 0.18
21 41 0.33 0.19
21 42 0.52 0.24
21 43 0.64 0.08
21 44 0.54 0.12
21 45 0.56 0.18
21 46 0.56 0.29
21 47 0.62 0.2
21 48 0.48 0.29
21 49 0.51 0.16
21 50 0.54 0.08
22 23 0.6 0.2
22 24 0.34 0.32
22 25 0.68 0.26
22 26 0.46 0.24
22 27 0.79 0.34
22 28 0.46 0.18
22 29 0.34 0.2
22 30 0.52 0.33
22 31 0.47 0.22
22 32 0.24 0.2
22 33 0.64 0.22
22 34 0.6 0.12
22 35 0.44 0.15
22 36 0.64 0.28
22 37 0.62 0.2
22 38 0.52 0.16
22 39 0.36 0.1
22 40 0.56 0.16
22 41 0.53 0.18
22 42 0.52 0.23
22 43 0.46 0.16
22 44 0.74 0.2
22 45 0.5 0.29
22 46 0.76 0.14
22 47 0.54 0.31
22 48 0.7 0.17
22 49 0.43 0.12
22 50 0.67 0.22
23 24 0.47 0.22
23 25 0.64 0.06
23 26 0.41 0.21
23 27 0.64 0.22
23 28 0.17 0.13
23 29 0.68 0.16
23 30 0.79 0.24
23 31 0.68 0.24
23 32 0.54 0.18
23 33 0.5 0.18
23 34 0.41 0.19
23 35 0.7 0.12
23 36 0.68 0.24
23 37 0.59 0.23
23 38 0.43 0.23
23 39 0.26 0.22
23 40 0.71 0.22
23 41 0.5 0.18
23 42 0.73 0.2
23 43 0.51 0.2
23 44 0.63 0.26
23 45 0.36 0.25
23 46 0.63 0.25
23 47 0.58 0.27
23 48 0.5 0.14
23 49 0.51 0.2
23 50 0.46 0.18
24 25 0.34 0.27
24 26 0.76 0.29
24 27 0.59 0.33
24 28 0.64 0.19
24 29 0.49 0.28
24 30 0.68 0.29
24 31 0.58 0.25
24 32 0.58 0.17
24 33 0.62 0.18
24 34 0.73 0.25
24 35 0.6 0.24
24 36 0.7 0.24
24 37 0.7 0.31
24 38 0.53 0.24
24 39 0.7 0.36
24 40 0.72 0.27
24 41 0.57 0.28
24 42 0.76 0.23
24 43 0.49 0.27
24 44 0.53 0.27
24 45 0.68 0.22
24 46 0.46 0.37
24 47 0.72 0.27
24 48 0.4 0.22
24 49 0.52 0.3
24 50 0.7 0.18
25 26 0.64 0.27
25 27 0.68 0.28
25 28 0.63 0.19
25 29 0.36 0.21
25 30 0.34 0.3
25 31 0.55 0.21
25 32 0.62 0.23
25 33 0.37 0.23
25 34 0.39 0.25
25 35 0.58 0.16
25 36 0.7 0.29
25 37 0.36 0.18
25 38 0.73 0.29
25 39 0.66 0.28
25 40 0.6 0.27
25 41 0.46 0.23
25 42 0.63 0.24
25 43 0.26 0.22
25 44 0.56 0.23
25 45 0.58 0.3
25 46 0.71 0.25
25 47 0.52 0.32
25 48 0.58 0.18
25 49 0.5 0.26
25 50 0.68 0.23
26 27 0.53 0.23
26 28 0.58 0.18
26 29 0.44 0.21
26 30 0.39 0.2
26 31 0.5 0.22
26 32 0.24 0.12
26 33 0.6 0.22
26 34 0.48 0.12
26 35 0.62 0.23
26 36 0.64 0.28
26 37 0.5 0.24
26 38 0.73 0.16
26 39 0.59 0.23
26 40 0.51 0.22
26 41 0.56 0.23
26 42 0.6 0.24
26 43 0.38 0.22
26 44 0.5 0.24
26 45 0.66 0.23
26 46 0.47 0.16
26 47 0.56 0.26
26 48 0.51 0.23
26 49 0.61 0.14
26 50 0.81 0.22
27 28 0.76 0.3
27 29 0.62 0.24
27 30 0.58 0.04
27 31 0.66 0.23
27 32 0.7 0.2
27 33 0.62 0.18
27 34 0.52 0.24
27 35 0.58 0.24
27 36 0.61 0.24
27 37 0.59 0.17
27 38 0.52 0.2
27 39 0.66 0.24
27 40 0.76 0.29
27 41 0.53 0.29
27 42 0.65 0.29
27 43 0.42 0.21
27 44 0.66 0.21
27 45 0.52 0.22
27 46 0.44 0.27
27 47 0.72 0.13
27 48 0.4 0.24
27 49 0.59 0.26
27 50 0.76 0.18
28 29 0.6 0.22
28 30 0.71 0.27
28 31 0.52 0.16
28 32 0.68 0.14
28 33 0.33 0.14
28 34 0.24 0.06
28 35 0.66 0.25
28 36 0.57 0.2
28 37 0.72 0.22
28 38 0.26 0.1
28 39 0.35 0.18
28 40 0.54 0.18
28 41 0.57 0.13
28 42 0.59 0.17
28 43 0.56 0.18
28 44 0.54 0.18
28 45 0.53 0.24
28 46 0.46 0.27
28 47 0.58 0.28
28 48 0.48 0.25
28 49 0.62 0.14
28 50 0.63 0.14
29 30 0.62 0.2
29 31 0.56 0.22
29 32 0.48 0.23
29 33 0.63 0.2
29 34 0.46 0.21
29 35 0.72 0.24
29 36 0.56 0.26
29 37 0.64 0.08
29 38 0.76 0.25
29 39 0.66 0.28
29 40 0.24 0.06
29 41 0.72 0.16
29 42 0.66 0.32
29 43 0.22 0.04
29 44 0.73 0.2
29 45 0.76 0.17
29 46 0.67 0.2
29 47 0.52 0.11
29 48 0.64 0.25
29 49 0.49 0.12
29 50 0.47 0.2
30 31 0.72 0.19
30 32 0.28 0.16
30 33 0.6 0.19
30 34 0.54 0.21
30 35 0.42 0.2
30 36 0.64 0.25
30 37 0.59 0.13
30 38 0.66 0.24
30 39 0.78 0.28
30 40 0.6 0.26
30 41 0.66 0.27
30 42 0.34 0.25
30 43 0.6 0.17
30 44 0.55 0.17
30 45 0.68 0.18
30 46 0.62 0.31
30 47 0.44 0.09
30 48 0.48 0.22
30 49 0.72 0.22
30 50 0.66 0.19
31 32 0.45 0.1
31 33 0.48 0.14
31 34 0.54 0.22
31 35 0.62 0.3
31 36 0.56 0.2
31 37 0.46 0.2
31 38 0.54 0.2
31 39 0.77 0.32
31 40 0.39 0.28
31 41 0.51 0.13
31 42 0.72 0.3
31 43 0.34 0.18
31 44 0.67 0.02
31 45 0.68 0.17
31 46 0.79 0.24
31 47 0.6 0.24
31 48 0.45 0.28
31 49 0.48 0.24
31 50 0.57 0.14
32 33 0.52 0.12
32 34 0.52 0.17
32 35 0.38 0.24
32 36 0.62 0.18
32 37 0.67 0.21
32 38 0.49 0.13
32 39 0.5 0.29
32 40 0.32 0.19
32 41 0.58 0.11
32 42 0.48 0.22
32 43 0.62 0.19
32 44 0.5 0.12
32 45 0.56 0.22
32 46 0.62 0.28
32 47 0.32 0.14
32 48 0.56 0.22
32 49 0.56 0.15
32 50 0.78 0.12
33 34 0.57 0.1
33 35 0.55 0.24
33 36 0.6 0.06
33 37 0.57 0.14
33 38 0.36 0.06
33 39 0.29 0.18
33 40 0.68 0.2
33 41 0.4 0.11
33 42 0.26 0.24
33 43 0.63 0.16
33 44 0.7 0.16
33 45 0.48 0.1
33 46 0.7 0.24
33 47 0.66 0.19
33 48 0.54 0.26
33 49 0.4 0.12
33 50 0.51 0.0
34 35 0.68 0.27
34 36 0.62 0.16
34 37 0.6 0.22
34 38 0.5 0.04
34 39 0.4 0.12
34 40 0.54 0.24
34 41 0.33 0.19
34 42 0.41 0.23
34 43 0.32 0.18
34 44 0.66 0.22
34 45 0.53 0.2
34 46 0.62 0.22
34 47 0.62 0.29
34 48 0.56 0.29
34 49 0.53 0.2
34 50 0.66 0.1
35 36 0.76 0.3
35 37 0.74 0.24
35 38 0.56 0.3
35 39 0.52 0.25
35 40 0.52 0.23
35 41 0.79 0.28
35 42 0.62 0.08
35 43 0.51 0.2
35 44 0.56 0.28
35 45 0.56 0.18
35 46 0.66 0.19
35 47 0.59 0.25
35 48 0.58 0.02
35 49 0.43 0.19
35 50 0.66 0.24
36 37 0.37 0.2
36 38 0.68 0.12
36 39 0.68 0.24
36 40 0.69 0.26
36 41 0.56 0.17
36 42 0.77 0.3
36 43 0.51 0.22
36 44 0.56 0.22
36 45 0.45 0.16
36 46 0.54 0.3
36 47 0.59 0.25
36 48 0.66 0.32
36 49 0.73 0.18
36 50 0.69 0.06
37 38 0.46 0.2
37 39 0.6 0.2
37 40 0.71 0.14
37 41 0.76 0.16
37 42 0.46 0.26
37 43 0.42 0.04
37 44 0.63 0.18
37 45 0.52 0.17
37 46 0.66 0.25
37 47 0.72 0.19
37 48 0.46 0.25
37 49 0.4 0.12
37 50 0.32 0.14
38 39 0.6 0.16
38 40 0.67 0.26
38 41 0.72 0.17
38 42 0.56 0.27
38 43 0.74 0.21
38 44 0.78 0.21
38 45 0.52 0.16
38 46 0.54 0.18
38 47 0.44 0.25
38 48 0.68 0.32
38 49 0.36 0.18
38 50 0.48 0.06
39 40 0.5 0.26
39 41 0.69 0.28
39 42 0.55 0.3
39 43 0.44 0.24
39 44 0.66 0.3
39 45 0.62 0.28
39 46 0.69 0.24
39 47 0.74 0.33
39 48 0.58 0.24
39 49 0.69 0.22
39 50 0.72 0.18
40 41 0.48 0.22
40 42 0.42 0.31
40 43 0.46 0.1
40 44 0.49 0.26
40 45 0.58 0.23
40 46 0.65 0.21
40 47 0.36 0.17
40 48 0.53 0.21
40 49 0.31 0.08
40 50 0.58 0.2
41 42 0.34 0.3
41 43 0.55 0.12
41 44 0.51 0.15
41 45 0.3 0.13
41 46 0.76 0.32
41 47 0.54 0.18
41 48 0.66 0.28
41 49 0.79 0.2
41 50 0.5 0.11
42 43 0.6 0.28
42 44 0.72 0.3
42 45 0.37 0.21
42 46 0.44 0.16
42 47 0.4 0.3
42 48 0.76 0.1
42 49 0.46 0.27
42 50 0.77 0.24
43 44 0.81 0.16
43 45 0.54 0.13
43 46 0.45 0.21
43 47 0.3 0.15
43 48 0.62 0.21
43 49 0.64 0.08
43 50 0.5 0.16
44 45 0.48 0.19
44 46 0.64 0.22
44 47 0.72 0.26
44 48 0.45 0.26
44 49 0.52 0.22
44 50 0.77 0.16
45 46 0.81 0.26
45 47 0.24 0.09
45 48 0.62 0.2
45 49 0.54 0.21
45 50 0.5 0.1
46 47 0.75 0.31
46 48 0.66 0.21
46 49 0.63 0.17
46 50 0.6 0.24
47 48 0.57 0.23
47 49 0.58 0.23
47 50 0.54 0.19
48 49 0.48 0.17
48 50 0.64 0.26
49 50 0.69 0.12
node_demand
0.125
0.05
0.125
0.225
0.075
0.15
0.225
0.075
0.15
0.225
0.225
0.225
0.125
0.05
0.1
0.2
0.125
0.1
0.025
0.225
0.025
0.1
0.15
0.225
0.15
0.175
0.075
0.15
0.15
0.025
0.175
0.175
0.175
0.175
0.125
0.15
0.2
0.225
0.075
0.125
0.225
0.225
0.15
0.15
0.05
0.1
0.05
0.15
0.225
0.025
