50
0 1 0.62 0.25
0 2 0.52 0.23
0 3 0.64 0.3
0 4 0.28 0.23
0 5 0.52 0.19
0 6 0.48 0.17
0 7 0.18 0.13
0 8 0.26 0.26
0 9 0.5 0.24
0 10 0.58 0.2
0 11 0.52 0.24
0 12 0.6 0.29
0 13 0.56 0.26
0 14 0.5 0.2
0 15 0.65 0.21
0 16 0.4 0.2
0 17 0.44 0.16
0 18 0.44 0.2
0 19 0.42 0.21
0 20 0.49 0.23
0 21 0.52 0.21
0 22 0.48 0.23
0 23 0.12 0.12
0 24 0.55 0.3
0 25 0.23 0.2
0 26 0.49 0.16
0 27 0.6 0.28
0 28 0.76 0.24
0 29 0.56 0.2
0 30 0.44 0.06
0 31 0.54 0.22
0 32 0.66 0.18
0 33 0.52 0.3
0 34 0.54 0.2
0 35 0.48 0.22
0 36 0.66 0.28
0 37 0.6 0.17
0 38 0.64 0.2
0 39 0.72 0.26
0 40 0.66 0.38
0 41 0.69 0.22
0 42 0.45 0.18
0 43 0.5 0.24
0 44 0.52 0.26
0 45 0.72 0.36
0 46 0.62 0.28
0 47 0.74 0.29
0 48 0.51 0.23
0 49 0.18 0.04
0 50 0.44 0.26
1 2 0.67 0.25
1 3 0.54 0.32
1 4 0.57 0.32
1 5 0.42 0.24
1 6 0.68 0.17
1 7 0.63 0.32
1 8 0.62 0.28
1 9 0.54 0.25
1 10 0.56 0.28
1 11 0.54 0.17
1 12 0.5 0.32
1 13 0.45 0.2
1 14 0.28 0.18
1 15 0.51 0.1
1 16 0.48 0.27
1 17 0.6 0.28
1 18 0.51 0.25
1 19 0.52 0.32
1 20 0.68 0.25
1 21 0.51 0.24
1 22 0.65 0.16
1 23 0.73 0.34
1 24 0.6 0.25
1 25 0.59 0.23
1 26 0.28 0.09
1 27 0.53 0.17
1 28 0.52 0.25
1 29 0.52 0.19
1 30 0.7 0.31
1 31 0.5 0.26
1 32 0.29 0.12
1 33 0.6 0.28
1 34 0.29 0.09
1 35 0.59 0.28
1 36 0.73 0.21
1 37 0.58 0.22
1 38 0.57 0.14
1 39 0.7 0.22
1 40 0.79 0.27
1 41 0.61 0.25
1 42 0.32 0.11
1 43 0.63 0.23
1 44 0.58 0.29
1 45 0.59 0.25
1 46 0.46 0.25
1 47 0.46 0.26
1 48 0.28 0.12
1 49 0.44 0.25
1 50 0.63 0.18
2 3 0.61 0.18
2 4 0.5 0.15
2 5 0.6 0.2
2 6 0.67 0.24
2 7 0.51 0.1
2 8 0.75 0.33
2 9 0.5 0.24
2 10 0.6 0.23
2 11 0.53 0.25
2 12 0.6 0.21
2 13 0.7 0.21
2 14 0.54 0.27
2 15 0.51 0.19
2 16 0.48 0.26
2 17 0.7 0.26
2 18 0.54 0.08
2 19 0.44 0.29
2 20 0.49 0.2
2 21 0.56 0.22
2 22 0.62 0.26
2 23 0.64 0.17
2 24 0.69 0.26
2 25 0.48 0.31
2 26 0.39 0.32
2 27 0.62 0.23
2 28 0.76 0.24
2 29 0.7 0.16
2 30 0.54 0.17
2 31 0.24 0.1
2 32 0.74 0.13
2 33 0.6 0.21
2 34 0.38 0.18
2 35 0.63 0.19
2 36 0.64 0.29
2 37 0.36 0.18
2 38 0.56 0.14
2 39 0.53 0.2
2 40 0.64 0.29
2 41 0.54 0.21
2 42 0.43 0.31
2 43 0.42 0.2
2 44 0.31 0.15
2 45 0.84 0.26
2 46 0.57 0.21
2 47 0.59 0.12
2 48 0.67 0.21
2 49 0.7 0.27
2 50 0.57 0.16
3 4 0.54 0.16
3 5 0.58 0.18
3 6 0.38 0.32
3 7 0.66 0.17
3 8 0.48 0.26
3 9 0.62 0.24
3 10 0.56 0.15
3 11 0.64 0.31
3 12 0.3 0.1
3 13 0.68 0.26
3 14 0.56 0.18
3 15 0.5 0.23
3 16 0.54 0.33
3 17 0.48 0.3
3 18 0.66 0.23
3 19 0.62 0.32
3 20 0.4 0.12
3 21 0.54 0.12
3 22 0.68 0.3
3 23 0.69 0.25
3 24 0.65 0.08
3 25 0.53 0.33
3 26 0.26 0.24
3 27 0.6 0.27
3 28 0.6 0.24
3 29 0.6 0.22
3 30 0.44 0.32
3 31 0.42 0.28
3 32 0.44 0.24
3 33 0.66 0.22
3 34 0.56 0.24
3 35 0.26 0.16
3 36 0.46 0.27
3 37 0.34 0.16
3 38 0.71 0.26
3 39 0.59 0.14
3 40 0.42 0.31
3 41 0.12 0.11
3 42 0.3 0.25
3 43 0.56 0.21
3 44 0.3 0.17
3 45 0.65 0.24
3 46 0.44 0.23
3 47 0.59 0.2
3 48 0.58 0.24
3 49 0.62 0.29
3 50 0.56 0.24
4 5 0.68 0.16
4 6 0.68 0.28
4 7 0.44 0.14
4 8 0.5 0.36
4 9 0.46 0.2
4 10 0.69 0.26
4 11 0.58 0.28
4 12 0.32 0.06
4 13 0.63 0.19
4 14 0.68 0.16
4 15 0.45 0.24
4 16 0.64 0.34
4 17 0.2 0.2
4 18 0.16 0.07
4 19 0.42 0.28
4 20 0.68 0.24
4 21 0.43 0.1
4 22 0.64 0.27
4 23 0.3 0.16
4 24 0.5 0.24
4 25 0.51 0.33
4 26 0.29 0.24
4 27 0.7 0.22
4 28 0.73 0.2
4 29 0.47 0.21
4 30 0.52 0.29
4 31 0.26 0.14
4 32 0.38 0.24
4 33 0.59 0.23
4 34 0.54 0.25
4 35 0.54 0.23
4 36 0.58 0.24
4 37 0.62 0.14
4 38 0.44 0.26
4 39 0.49 0.19
4 40 0.57 0.31
4 41 0.5 0.11
4 42 0.25 0.22
4 43 0.44 0.23
4 44 0.24 0.17
4 45 0.63 0.36
4 46 0.47 0.23
4 47 0.46 0.2
4 48 0.45 0.22
4 49 0.46 0.27
4 50 0.5 0.16
5 6 0.52 0.26
5 7 0.65 0.21
5 8 0.5 0.32
5 9 0.52 0.21
5 10 0.42 0.19
5 11 0.6 0.19
5 12 0.62 0.2
5 13 0.46 0.2
5 14 0.56 0.12
5 15 0.54 0.22
5 16 0.48 0.3
5 17 0.5 0.28
5 18 0.58 0.19
5 19 0.69 0.3
5 20 0.53 0.16
5 21 0.44 0.06
5 22 0.61 0.27
5 23 0.5 0.18
5 24 0.6 0.26
5 25 0.66 0.29
5 26 0.52 0.21
5 27 0.32 0.2
5 28 0.51 0.21
5 29 0.54 0.19
5 30 0.54 0.18
5 31 0.55 0.28
5 32 0.5 0.12
5 33 0.36 0.19
5 34 0.42 0.23
5 35 0.52 0.12
5 36 0.4 0.13
5 37 0.24 0.02
5 38 0.59 0.14
5 39 0.4 0.26
5 40 0.54 0.22
5 41 0.46 0.07
5 42 0.48 0.22
5 43 0.37 0.19
5 44 0.46 0.13
5 45 0.8 0.34
5 46 0.68 0.19
5 47 0.66 0.16
5 48 0.67 0.24
5 49 0.58 0.15
5 50 0.72 0.26
6 7 0.54 0.25
6 8 0.54 0.12
6 9 0.66 0.2
6 10 0.45 0.23
6 11 0.71 0.27
6 12 0.36 0.32
6 13 0.56 0.22
6 14 0.4 0.2
6 15 0.41 0.1
6 16 0.62 0.26
6 17 0.48 0.26
6 18 0.77 0.26
6 19 0.7 0.29
6 20 0.64 0.24
6 21 0.51 0.2
6 22 0.44 0.15
6 23 0.45 0.17
6 24 0.52 0.25
6 25 0.71 0.22
6 26 0.52 0.08
6 27 0.57 0.19
6 28 0.5 0.2
6 29 0.58 0.28
6 30 0.54 0.23
6 31 0.47 0.14
6 32 0.7 0.27
6 33 0.59 0.24
6 34 0.63 0.11
6 35 0.64 0.28
6 36 0.66 0.2
6 37 0.31 0.24
6 38 0.63 0.25
6 39 0.6 0.21
6 40 0.64 0.26
6 41 0.5 0.21
6 42 0.56 0.1
6 43 0.65 0.24
6 44 0.6 0.18
6 45 0.3 0.26
6 46 0.58 0.12
6 47 0.73 0.21
6 48 0.62 0.12
6 49 0.66 0.21
6 50 0.5 0.18
7 8 0.44 0.29
7 9 0.52 0.2
7 10 0.56 0.16
7 11 0.44 0.15
7 12 0.72 0.2
7 13 0.44 0.27
7 14 0.61 0.28
7 15 0.55 0.26
7 16 0.22 0.21
7 17 0.42 0.29
7 18 0.28 0.07
7 19 0.6 0.2
7 20 0.31 0.13
7 21 0.54 0.23
7 22 0.49 0.24
7 23 0.3 0.08
7 24 0.37 0.17
7 25 0.41 0.33
7 26 0.64 0.26
7 27 0.53 0.2
7 28 0.7 0.2
7 29 0.6 0.18
7 30 0.26 0.19
7 31 0.5 0.18
7 32 0.5 0.23
7 33 0.34 0.23
7 34 0.52 0.25
7 35 0.45 0.09
7 36 0.67 0.28
7 37 0.42 0.19
7 38 0.66 0.24
7 39 0.62 0.14
7 40 0.62 0.3
7 41 0.54 0.23
7 42 0.63 0.25
7 43 0.64 0.14
7 44 0.38 0.17
7 45 0.6 0.36
7 46 0.57 0.23
7 47 0.56 0.2
7 48 0.58 0.28
7 49 0.36 0.17
7 50 0.62 0.22
8 9 0.47 0.24
8 10 0.46 0.16
8 11 0.29 0.16
8 12 0.56 0.3
8 13 0.49 0.28
8 14 0.66 0.26
8 15 0.6 0.22
8 16 0.5 0.26
8 17 0.3 0.16
8 18 0.61 0.36
8 19 0.51 0.24
8 20 0.36 0.19
8 21 0.36 0.29
8 22 0.71 0.25
8 23 0.38 0.29
8 24 0.48 0.24
8 25 0.49 0.33
8 26 0.36 0.19
8 27 0.61 0.29
8 28 0.7 0.24
8 29 0.57 0.26
8 30 0.7 0.32
8 31 0.76 0.26
8 32 0.62 0.21
8 33 0.62 0.33
8 34 0.52 0.23
8 35 0.22 0.2
8 36 0.64 0.28
8 37 0.56 0.31
8 38 0.42 0.19
8 39 0.75 0.32
8 40 0.82 0.2
8 41 0.6 0.28
8 42 0.4 0.21
8 43 0.6 0.22
8 44 0.63 0.27
8 45 0.53 0.32
8 46 0.54 0.24
8 47 0.79 0.24
8 48 0.46 0.24
8 49 0.44 0.3
8 50 0.62 0.26
9 10 0.52 0.17
9 11 0.76 0.08
9 12 0.78 0.14
9 13 0.43 0.2
9 14 0.26 0.13
9 15 0.62 0.23
9 16 0.43 0.29
9 17 0.52 0.2
9 18 0.36 0.2
9 19 0.68 0.24
9 20 0.62 0.18
9 21 0.58 0.15
9 22 0.58 0.27
9 23 0.62 0.12
9 24 0.68 0.31
9 25 0.73 0.28
9 26 0.58 0.2
9 27 0.68 0.25
9 28 0.46 0.0
9 29 0.58 0.27
9 30 0.68 0.22
9 31 0.48 0.14
9 32 0.56 0.23
9 33 0.55 0.28
9 34 0.56 0.24
9 35 0.69 0.14
9 36 0.44 0.11
9 37 0.66 0.19
9 38 0.76 0.25
9 39 0.52 0.28
9 40 0.54 0.3
9 41 0.72 0.16
9 42 0.59 0.22
9 43 0.58 0.23
9 44 0.7 0.22
9 45 0.69 0.19
9 46 0.64 0.21
9 47 0.7 0.25
9 48 0.77 0.21
9 49 0.62 0.28
9 50 0.68 0.15
10 11 0.48 0.25
10 12 0.51 0.25
10 13 0.46 0.25
10 14 0.63 0.22
10 15 0.63 0.25
10 16 0.37 0.25
10 17 0.67 0.29
10 18 0.73 0.22
10 19 0.7 0.29
10 20 0.66 0.03
10 21 0.62 0.16
10 22 0.8 0.16
10 23 0.62 0.21
10 24 0.58 0.14
10 25 0.44 0.28
10 26 0.48 0.19
10 27 0.6 0.18
10 28 0.8 0.17
10 29 0.68 0.1
10 30 0.6 0.26
10 31 0.56 0.19
10 32 0.51 0.17
10 33 0.48 0.18
10 34 0.62 0.24
10 35 0.58 0.07
10 36 0.81 0.12
10 37 0.66 0.2
10 38 0.61 0.19
10 39 0.44 0.21
10 40 0.76 0.24
10 41 0.61 0.17
10 42 0.44 0.21
10 43 0.54 0.06
10 44 0.64 0.12
10 45 0.72 0.33
10 46 0.55 0.18
10 47 0.57 0.15
10 48 0.64 0.27
10 49 0.4 0.16
10 50 0.51 0.25
11 12 0.4 0.22
11 13 0.54 0.12
11 14 0.5 0.21
11 15 0.32 0.17
11 16 0.66 0.31
11 17 0.54 0.27
11 18 0.48 0.22
11 19 0.22 0.16
11 20 0.48 0.26
11 21 0.58 0.23
11 22 0.42 0.26
11 23 0.4 0.2
11 24 0.5 0.32
11 25 0.58 0.26
11 26 0.56 0.26
11 27 0.4 0.25
11 28 0.6 0.08
11 29 0.58 0.27
11 30 0.42 0.18
11 31 0.66 0.22
11 32 0.7 0.2
11 33 0.62 0.2
11 34 0.54 0.18
11 35 0.49 0.22
11 36 0.5 0.18
11 37 0.42 0.21
11 38 0.62 0.22
11 39 0.46 0.29
11 40 0.58 0.32
11 41 0.58 0.24
11 42 0.52 0.28
11 43 0.48 0.24
11 44 0.34 0.18
11 45 0.68 0.27
11 46 0.72 0.24
11 47 0.76 0.21
11 48 0.52 0.19
11 49 0.69 0.28
11 50 0.6 0.23
12 13 0.38 0.25
12 14 0.55 0.2
12 15 0.62 0.22
12 16 0.52 0.33
12 17 0.52 0.24
12 18 0.48 0.13
12 19 0.62 0.28
12 20 0.52 0.22
12 21 0.44 0.14
12 22 0.52 0.31
12 23 0.62 0.22
12 24 0.73 0.18
12 25 0.83 0.3
12 26 0.38 0.25
12 27 0.79 0.28
12 28 0.55 0.14
12 29 0.66 0.26
12 30 0.67 0.34
12 31 0.58 0.2
12 32 0.5 0.28
12 33 0.64 0.22
12 34 0.55 0.23
12 35 0.56 0.26
12 36 0.74 0.25
12 37 0.64 0.18
12 38 0.76 0.3
12 39 0.72 0.24
12 40 0.64 0.3
12 41 0.18 0.13
12 42 0.42 0.27
12 43 0.71 0.22
12 44 0.52 0.16
12 45 0.35 0.3
12 46 0.51 0.22
12 47 0.78 0.19
12 48 0.32 0.2
12 49 0.74 0.31
12 50 0.48 0.14
13 14 0.17 0.1
13 15 0.56 0.15
13 16 0.66 0.33
13 17 0.6 0.32
13 18 0.65 0.26
13 19 0.56 0.28
13 20 0.72 0.28
13 21 0.28 0.14
13 22 0.65 0.22
13 23 0.6 0.29
13 24 0.57 0.24
13 25 0.46 0.14
13 26 0.6 0.28
13 27 0.49 0.22
13 28 0.65 0.2
13 29 0.8 0.15
13 30 0.59 0.22
13 31 0.7 0.22
13 32 0.43 0.08
13 33 0.72 0.24
13 34 0.47 0.14
13 35 0.58 0.32
13 36 0.78 0.29
13 37 0.48 0.18
13 38 0.71 0.1
13 39 0.42 0.29
13 40 0.48 0.32
13 41 0.56 0.15
13 42 0.64 0.26
13 43 0.52 0.19
13 44 0.39 0.21
13 45 0.72 0.3
13 46 0.66 0.18
13 47 0.72 0.24
13 48 0.51 0.17
13 49 0.38 0.22
13 50 0.64 0.23
14 15 0.52 0.25
14 16 0.69 0.3
14 17 0.68 0.22
14 18 0.52 0.21
14 19 0.42 0.32
14 20 0.74 0.2
14 21 0.4 0.06
14 22 0.66 0.27
14 23 0.62 0.21
14 24 0.61 0.26
14 25 0.63 0.24
14 26 0.52 0.21
14 27 0.42 0.32
14 28 0.48 0.13
14 29 0.74 0.2
14 30 0.42 0.26
14 31 0.53 0.27
14 32 0.3 0.14
14 33 0.71 0.19
14 34 0.3 0.24
14 35 0.6 0.24
14 36 0.7 0.21
14 37 0.6 0.1
14 38 0.58 0.16
14 39 0.58 0.32
14 40 0.65 0.22
14 41 0.48 0.07
14 42 0.56 0.22
14 43 0.35 0.19
14 44 0.56 0.13
14 45 0.7 0.32
14 46 0.62 0.08
14 47 0.58 0.16
14 48 0.56 0.24
14 49 0.55 0.16
14 50 0.68 0.28
15 16 0.44 0.2
15 17 0.56 0.18
15 18 0.42 0.24
15 19 0.54 0.22
15 20 0.64 0.24
15 21 0.48 0.2
15 22 0.58 0.09
15 23 0.58 0.27
15 24 0.18 0.15
15 25 0.54 0.26
15 26 0.24 0.15
15 27 0.46 0.09
15 28 0.52 0.23
15 29 0.46 0.23
15 30 0.56 0.23
15 31 0.38 0.18
15 32 0.56 0.17
15 33 0.49 0.29
15 34 0.22 0.01
15 35 0.52 0.2
15 36 0.74 0.21
15 37 0.61 0.2
15 38 0.64 0.15
15 39 0.19 0.14
15 40 0.28 0.19
15 41 0.62 0.21
15 42 0.2 0.14
15 43 0.56 0.19
15 44 0.61 0.24
15 45 0.56 0.29
15 46 0.42 0.18
15 47 0.56 0.24
15 48 0.48 0.02
15 49 0.58 0.17
15 50 0.6 0.08
16 17 0.52 0.36
16 18 0.5 0.27
16 19 0.7 0.35
16 20 0.42 0.22
16 21 0.59 0.24
16 22 0.43 0.11
16 23 0.52 0.29
16 24 0.59 0.35
16 25 0.6 0.28
16 26 0.57 0.18
16 27 0.31 0.22
16 28 0.66 0.29
16 29 0.38 0.21
16 30 0.48 0.14
16 31 0.6 0.34
16 32 0.7 0.27
16 33 0.12 0.11
16 34 0.55 0.19
16 35 0.28 0.18
16 36 0.45 0.18
16 37 0.49 0.28
16 38 0.44 0.25
16 39 0.4 0.27
16 40 0.58 0.27
16 41 0.52 0.23
16 42 0.61 0.16
16 43 0.42 0.21
16 44 0.6 0.17
16 45 0.38 0.25
16 46 0.75 0.23
16 47 0.58 0.14
16 48 0.36 0.22
16 49 0.49 0.24
16 50 0.71 0.28
17 18 0.36 0.27
17 19 0.62 0.24
17 20 0.61 0.26
17 21 0.63 0.27
17 22 0.5 0.26
17 23 0.5 0.28
17 24 0.62 0.23
17 25 0.55 0.2
17 26 0.32 0.29
17 27 0.71 0.15
17 28 0.73 0.2
17 29 0.27 0.21
17 30 0.68 0.22
17 31 0.46 0.34
17 32 0.52 0.26
17 33 0.56 0.26
17 34 0.66 0.19
17 35 0.52 0.26
17 36 0.64 0.23
17 37 0.45 0.26
17 38 0.24 0.24
17 39 0.69 0.32
17 40 0.57 0.25
17 41 0.56 0.26
17 42 0.36 0.31
17 43 0.56 0.25
17 44 0.44 0.2
17 45 0.57 0.39
17 46 0.47 0.14
17 47 0.66 0.23
17 48 0.64 0.16
17 49 0.38 0.2
17 50 0.6 0.1
18 19 0.56 0.21
18 20 0.59 0.2
18 21 0.58 0.17
18 22 0.7 0.26
18 23 0.46 0.09
18 24 0.34 0.24
18 25 0.67 0.26
18 26 0.45 0.25
18 27 0.62 0.15
18 28 0.6 0.2
18 29 0.63 0.14
18 30 0.54 0.25
18 31 0.42 0.18
18 32 0.22 0.21
18 33 0.62 0.16
18 34 0.38 0.23
18 35 0.68 0.16
18 36 0.63 0.28
18 37 0.7 0.17
18 38 0.5 0.22
18 39 0.35 0.12
18 40 0.7 0.24
18 41 0.54 0.16
18 42 0.41 0.23
18 43 0.6 0.16
18 44 0.4 0.1
18 45 0.47 0.34
18 46 0.63 0.16
18 47 0.56 0.13
18 48 0.61 0.26
18 49 0.62 0.24
18 50 0.66 0.23
19 20 0.56 0.26
19 21 0.78 0.27
19 22 0.5 0.29
19 23 0.54 0.12
19 24 0.68 0.33
19 25 0.46 0.25
19 26 0.71 0.33
19 27 0.56 0.18
19 28 0.7 0.24
19 29 0.8 0.3
19 30 0.64 0.22
19 31 0.58 0.22
19 32 0.64 0.3
19 33 0.82 0.3
19 34 0.44 0.23
19 35 0.42 0.22
19 36 0.7 0.27
19 37 0.6 0.31
19 38 0.74 0.32
19 39 0.63 0.27
19 40 0.78 0.28
19 41 0.5 0.28
19 42 0.67 0.34
19 43 0.52 0.3
19 44 0.52 0.24
19 45 0.76 0.43
19 46 0.76 0.3
19 47 0.54 0.21
19 48 0.6 0.2
19 49 0.6 0.25
19 50 0.62 0.14
20 21 0.72 0.14
20 22 0.67 0.19
20 23 0.61 0.18
20 24 0.68 0.17
20 25 0.58 0.3
20 26 0.4 0.16
20 27 0.58 0.15
20 28 0.72 0.18
20 29 0.34 0.13
20 30 0.57 0.29
20 31 0.73 0.22
20 32 0.78 0.2
20 33 0.45 0.21
20 34 0.44 0.23
20 35 0.14 0.04
20 36 0.53 0.15
20 37 0.57 0.18
20 38 0.77 0.22
20 39 0.52 0.18
20 40 0.53 0.25
20 41 0.52 0.15
20 42 0.44 0.18
20 43 0.67 0.09
20 44 0.58 0.15
20 45 0.6 0.3
20 46 0.5 0.21
20 47 0.76 0.18
20 48 0.57 0.26
20 49 0.67 0.19
20 50 0.55 0.28
21 22 0.62 0.21
21 23 0.53 0.15
21 24 0.64 0.2
21 25 0.56 0.23
21 26 0.52 0.15
21 27 0.46 0.26
21 28 0.68 0.15
21 29 0.54 0.14
21 30 0.48 0.2
21 31 0.68 0.23
21 32 0.7 0.14
21 33 0.71 0.13
21 34 0.58 0.21
21 35 0.58 0.18
21 36 0.5 0.15
21 37 0.2 0.04
21 38 0.66 0.16
21 39 0.49 0.26
21 40 0.76 0.21
21 41 0.48 0.01
21 42 0.51 0.16
21 43 0.5 0.13
21 44 0.67 0.07
21 45 0.62 0.34
21 46 0.5 0.13
21 47 0.44 0.1
21 48 0.23 0.18
21 49 0.6 0.17
21 50 0.58 0.24
22 23 0.6 0.32
22 24 0.42 0.24
22 25 0.71 0.17
22 26 0.45 0.07
22 27 0.5 0.11
22 28 0.79 0.27
22 29 0.6 0.14
22 30 0.58 0.25
22 31 0.38 0.23
22 32 0.64 0.21
22 33 0.55 0.22
22 34 0.36 0.08
22 35 0.66 0.22
22 36 0.49 0.19
22 37 0.52 0.25
22 38 0.74 0.23
22 39 0.52 0.16
22 40 0.64 0.2
22 41 0.7 0.21
22 42 0.49 0.05
22 43 0.56 0.1
22 44 0.63 0.16
22 45 0.7 0.36
22 46 0.63 0.22
22 47 0.51 0.19
22 48 0.74 0.11
22 49 0.66 0.24
22 50 0.77 0.17
23 24 0.67 0.25
23 25 0.35 0.32
23 26 0.5 0.25
23 27 0.55 0.24
23 28 0.78 0.12
23 29 0.44 0.18
23 30 0.56 0.18
23 31 0.51 0.1
23 32 0.68 0.25
23 33 0.6 0.25
23 34 0.65 0.28
23 35 0.5 0.14
23 36 0.77 0.23
23 37 0.72 0.19
23 38 0.62 0.27
23 39 0.64 0.21
23 40 0.54 0.33
23 41 0.57 0.16
23 42 0.46 0.27
23 43 0.45 0.22
23 44 0.54 0.19
23 45 0.62 0.31
23 46 0.5 0.25
23 47 0.74 0.22
23 48 0.63 0.29
23 49 0.29 0.16
23 50 0.55 0.25
24 25 0.6 0.38
24 26 0.42 0.3
24 27 0.28 0.24
24 28 0.63 0.31
24 29 0.42 0.2
24 30 0.63 0.36
24 31 0.56 0.29
24 32 0.48 0.16
24 33 0.67 0.28
24 34 0.31 0.16
24 35 0.61 0.21
24 36 0.77 0.25
24 37 0.54 0.24
24 38 0.63 0.18
24 39 0.37 0.22
24 40 0.46 0.34
24 41 0.76 0.19
24 42 0.38 0.29
24 43 0.47 0.16
24 44 0.74 0.22
24 45 0.74 0.28
24 46 0.45 0.28
24 47 0.5 0.25
24 48 0.41 0.17
24 49 0.58 0.3
24 50 0.57 0.23
25 26 0.45 0.14
25 27 0.68 0.28
25 28 0.6 0.28
25 29 0.44 0.26
25 30 0.44 0.26
25 31 0.48 0.27
25 32 0.58 0.22
25 33 0.5 0.22
25 34 0.52 0.25
25 35 0.63 0.34
25 36 0.77 0.26
25 37 0.42 0.27
25 38 0.66 0.24
25 39 0.62 0.23
25 40 0.56 0.3
25 41 0.65 0.22
25 42 0.49 0.12
25 43 0.66 0.22
25 44 0.46 0.16
25 45 0.5 0.43
25 46 0.56 0.22
25 47 0.56 0.19
25 48 0.74 0.28
25 49 0.41 0.24
25 50 0.52 0.3
26 27 0.44 0.18
26 28 0.52 0.2
26 29 0.34 0.2
26 30 0.58 0.22
26 31 0.55 0.22
26 32 0.4 0.21
26 33 0.53 0.22
26 34 0.4 0.14
26 35 0.52 0.2
26 36 0.5 0.12
26 37 0.45 0.19
26 38 0.45 0.23
26 39 0.43 0.13
26 40 0.52 0.27
26 41 0.38 0.16
26 42 0.04 0.02
26 43 0.58 0.17
26 44 0.53 0.22
26 45 0.68 0.33
26 46 0.18 0.16
26 47 0.59 0.25
26 48 0.32 0.17
26 49 0.36 0.2
26 50 0.53 0.19
27 28 0.35 0.25
27 29 0.69 0.25
27 30 0.56 0.3
27 31 0.5 0.27
27 32 0.72 0.26
27 33 0.43 0.3
27 34 0.24 0.08
27 35 0.54 0.11
27 36 0.67 0.3
27 37 0.26 0.22
27 38 0.47 0.24
27 39 0.55 0.23
27 40 0.74 0.1
27 41 0.68 0.27
27 42 0.48 0.16
27 43 0.68 0.21
27 44 0.46 0.24
27 45 0.48 0.27
27 46 0.56 0.24
27 47 0.4 0.27
27 48 0.62 0.11
27 49 0.6 0.24
27 50 0.7 0.17
28 29 0.49 0.27
28 30 0.73 0.22
28 31 0.78 0.14
28 32 0.38 0.23
28 33 0.56 0.28
28 34 0.59 0.24
28 35 0.86 0.14
28 36 0.46 0.11
28 37 0.61 0.19
28 38 0.66 0.25
28 39 0.71 0.28
28 40 0.8 0.3
28 41 0.7 0.16
28 42 0.48 0.22
28 43 0.72 0.23
28 44 0.51 0.22
28 45 0.8 0.19
28 46 0.7 0.21
28 47 0.69 0.25
28 48 0.5 0.21
28 49 0.58 0.28
28 50 0.73 0.15
29 30 0.44 0.26
29 31 0.6 0.17
29 32 0.44 0.07
29 33 0.5 0.1
29 34 0.68 0.22
29 35 0.48 0.17
29 36 0.73 0.22
29 37 0.5 0.17
29 38 0.47 0.09
29 39 0.52 0.26
29 40 0.74 0.22
29 41 0.48 0.15
29 42 0.38 0.19
29 43 0.49 0.04
29 44 0.62 0.1
29 45 0.76 0.26
29 46 0.52 0.16
29 47 0.66 0.13
29 48 0.56 0.25
29 49 0.59 0.2
29 50 0.82 0.29
30 31 0.46 0.22
30 32 0.64 0.24
30 33 0.6 0.25
30 34 0.49 0.22
30 35 0.7 0.28
30 36 0.44 0.27
30 37 0.3 0.16
30 38 0.52 0.26
30 39 0.51 0.32
30 40 0.73 0.4
30 41 0.53 0.21
30 42 0.6 0.24
30 43 0.4 0.24
30 44 0.4 0.27
30 45 0.36 0.34
30 46 0.6 0.33
30 47 0.65 0.28
30 48 0.56 0.25
30 49 0.62 0.1
30 50 0.66 0.31
31 32 0.64 0.23
31 33 0.55 0.25
31 34 0.6 0.19
31 35 0.68 0.24
31 36 0.62 0.25
31 37 0.6 0.27
31 38 0.7 0.24
31 39 0.57 0.3
31 40 0.6 0.31
31 41 0.54 0.22
31 42 0.51 0.24
31 43 0.18 0.13
31 44 0.5 0.19
31 45 0.63 0.22
31 46 0.73 0.25
31 47 0.44 0.22
31 48 0.71 0.2
31 49 0.62 0.26
31 50 0.4 0.24
32 33 0.6 0.16
32 34 0.58 0.18
32 35 0.7 0.24
32 36 0.61 0.21
32 37 0.53 0.1
32 38 0.28 0.02
32 39 0.57 0.31
32 40 0.74 0.29
32 41 0.32 0.15
32 42 0.36 0.23
32 43 0.56 0.11
32 44 0.6 0.17
32 45 0.52 0.22
32 46 0.58 0.18
32 47 0.34 0.16
32 48 0.57 0.19
32 49 0.54 0.14
32 50 0.54 0.25
33 34 0.67 0.29
33 35 0.4 0.25
33 36 0.33 0.22
33 37 0.54 0.17
33 38 0.32 0.14
33 39 0.3 0.25
33 40 0.64 0.2
33 41 0.58 0.12
33 42 0.56 0.24
33 43 0.37 0.12
33 44 0.66 0.06
33 45 0.5 0.36
33 46 0.71 0.12
33 47 0.6 0.09
33 48 0.48 0.31
33 49 0.61 0.28
33 50 0.63 0.25
34 35 0.3 0.19
34 36 0.75 0.22
34 37 0.5 0.21
34 38 0.42 0.16
34 39 0.41 0.15
34 40 0.5 0.18
34 41 0.68 0.22
34 42 0.42 0.13
34 43 0.65 0.18
34 44 0.69 0.23
34 45 0.72 0.3
34 46 0.32 0.17
34 47 0.64 0.25
34 48 0.38 0.03
34 49 0.36 0.16
34 50 0.46 0.09
35 36 0.6 0.19
35 37 0.6 0.14
35 38 0.64 0.26
35 39 0.66 0.14
35 40 0.6 0.21
35 41 0.38 0.19
35 42 0.56 0.22
35 43 0.53 0.13
35 44 0.52 0.19
35 45 0.66 0.33
35 46 0.62 0.25
35 47 0.72 0.22
35 48 0.43 0.22
35 49 0.66 0.23
35 50 0.69 0.28
36 37 0.64 0.11
36 38 0.63 0.23
36 39 0.63 0.25
36 40 0.73 0.35
36 41 0.58 0.16
36 42 0.54 0.14
36 43 0.68 0.18
36 44 0.53 0.21
36 45 0.56 0.3
36 46 0.68 0.27
36 47 0.27 0.18
36 48 0.5 0.19
36 49 0.48 0.24
36 50 0.7 0.13
37 38 0.69 0.12
37 39 0.64 0.28
37 40 0.7 0.24
37 41 0.46 0.05
37 42 0.41 0.2
37 43 0.6 0.17
37 44 0.64 0.11
37 45 0.61 0.32
37 46 0.44 0.17
37 47 0.42 0.14
37 48 0.43 0.22
37 49 0.62 0.13
37 50 0.49 0.24
38 39 0.6 0.29
38 40 0.69 0.3
38 41 0.6 0.17
38 42 0.49 0.25
38 43 0.69 0.13
38 44 0.58 0.19
38 45 0.7 0.24
38 46 0.56 0.16
38 47 0.62 0.18
38 48 0.77 0.17
38 49 0.46 0.16
38 50 0.56 0.23
39 40 0.47 0.24
39 41 0.65 0.25
39 42 0.39 0.11
39 43 0.42 0.25
39 44 0.7 0.19
39 45 0.69 0.38
39 46 0.58 0.25
39 47 0.37 0.16
39 48 0.67 0.16
39 49 0.54 0.22
39 50 0.62 0.22
40 41 0.46 0.2
40 42 0.48 0.25
40 43 0.46 0.18
40 44 0.33 0.14
40 45 0.48 0.22
40 46 0.55 0.14
40 47 0.46 0.17
40 48 0.65 0.21
40 49 0.78 0.34
40 50 0.59 0.27
41 42 0.42 0.16
41 43 0.53 0.12
41 44 0.42 0.06
41 45 0.53 0.35
41 46 0.56 0.12
41 47 0.66 0.09
41 48 0.5 0.19
41 49 0.72 0.18
41 50 0.64 0.25
42 43 0.62 0.15
42 44 0.49 0.21
42 45 0.64 0.31
42 46 0.22 0.18
42 47 0.63 0.24
42 48 0.28 0.16
42 49 0.4 0.22
42 50 0.49 0.21
43 44 0.68 0.06
43 45 0.68 0.3
43 46 0.75 0.12
43 47 0.52 0.09
43 48 0.64 0.21
43 49 0.68 0.22
43 50 0.58 0.25
44 45 0.53 0.36
44 46 0.66 0.06
44 47 0.62 0.03
44 48 0.56 0.25
44 49 0.52 0.22
44 50 0.26 0.19
45 46 0.65 0.36
45 47 0.5 0.38
45 48 0.67 0.27
45 49 0.62 0.32
45 50 0.56 0.33
46 47 0.7 0.09
46 48 0.5 0.2
46 49 0.54 0.24
46 50 0.4 0.24
47 48 0.54 0.22
47 49 0.75 0.25
47 50 0.57 0.16
48 49 0.61 0.19
48 50 0.35 0.06
49 50 0.26 0.24
node_demand
0.1
0.15
0.125
0.025
0.225
0.2
0.225
0.15
0.2
0.025
0.15
0.175
0.225
0.05
0.1
0.125
0.225
0.1
0.225
0.025
0.025
0.075
0.075
0.025
0.075
0.1
0.05
0.1
0.175
0.025
0.05
0.1
0.175
0.225
0.025
0.15
0.225
0.05
0.225
0.175
0.075
0.1
0.175
0.075
0.2
0.125
0.075
0.2
0.075
0.05
