50
0 1 0.63 0.22
0 2 0.74 0.08
0 3 0.57 0.14
0 4 0.64 0.26
0 5 0.57 0.19
0 6 0.5 0.26
0 7 0.77 0.26
0 8 0.8 0.24
0 9 0.59 0.16
0 10 0.28 0.16
0 11 0.52 0.28
0 12 0.58 0.16
0 13 0.38 0.07
0 14 0.62 0.15
0 15 0.64 0.23
0 16 0.66 0.26
0 17 0.28 0.14
0 18 0.6 0.12
0 19 0.52 0.2
0 20 0.5 0.22
0 21 0.6 0.22
0 22 0.62 0.19
0 23 0.51 0.19
0 24 0.72 0.27
0 25 0.68 0.21
0 26 0.62 0.06
0 27 0.58 0.11
0 28 0.52 0.28
0 29 0.49 0.06
0 30 0.56 0.22
0 31 0.56 0.16
0 32 0.3 0.21
0 33 0.7 0.22
0 34 0.74 0.24
0 35 0.7 0.26
0 36 0.48 0.15
0 37 0.61 0.12
0 38 0.61 0.16
0 39 0.6 0.14
0 40 0.66 0.22
0 41 0.55 0.12
0 42 0.58 0.1
0 43 0.65 0.22
0 44 0.42 0.06
0 45 0.56 0.18
0 46 0.71 0.16
0 47 0.7 0.26
0 48 0.4 0.3
0 49 0.68 0.16
0 50 0.74 0.31
1 2 0.64 0.2
1 3 0.4 0.24
1 4 0.74 0.34
1 5 0.38 0.14
1 6 0.48 0.21
1 7 0.8 0.2
1 8 0.72 0.16
1 9 0.61 0.26
1 10 0.8 0.12
1 11 0.6 0.18
1 12 0.4 0.06
1 13 0.78 0.22
1 14 0.5 0.25
1 15 0.57 0.22
1 16 0.5 0.29
1 17 0.76 0.31
1 18 0.62 0.22
1 19 0.58 0.1
1 20 0.42 0.08
1 21 0.8 0.18
1 22 0.88 0.26
1 23 0.52 0.19
1 24 0.48 0.26
1 25 0.66 0.24
1 26 0.48 0.22
1 27 0.67 0.27
1 28 0.62 0.26
1 29 0.52 0.16
1 30 0.76 0.12
1 31 0.52 0.08
1 32 0.5 0.21
1 33 0.49 0.22
1 34 0.44 0.14
1 35 0.49 0.2
1 36 0.59 0.22
1 37 0.65 0.22
1 38 0.79 0.23
1 39 0.76 0.2
1 40 0.64 0.19
1 41 0.64 0.22
1 42 0.4 0.2
1 43 0.8 0.18
1 44 0.6 0.16
1 45 0.76 0.28
1 46 0.52 0.26
1 47 0.38 0.18
1 48 0.72 0.28
1 49 0.66 0.18
1 50 0.76 0.22
2 3 0.5 0.12
2 4 0.43 0.23
2 5 0.42 0.17
2 6 0.57 0.18
2 7 0.48 0.24
2 8 0.67 0.21
2 9 0.36 0.12
2 10 0.8 0.18
2 11 0.51 0.27
2 12 0.5 0.14
2 13 0.51 0.15
2 14 0.51 0.13
2 15 0.72 0.21
2 16 0.6 0.18
2 17 0.46 0.11
2 18 0.69 0.1
2 19 0.52 0.18
2 20 0.64 0.18
2 21 0.4 0.14
2 22 0.7 0.17
2 23 0.4 0.15
2 24 0.56 0.25
2 25 0.44 0.22
2 26 0.16 0.02
2 27 0.5 0.07
2 28 0.7 0.26
2 29 0.62 0.04
2 30 0.76 0.17
2 31 0.64 0.14
2 32 0.5 0.17
2 33 0.58 0.2
2 34 0.74 0.22
2 35 0.6 0.18
2 36 0.54 0.18
2 37 0.67 0.1
2 38 0.78 0.14
2 39 0.61 0.12
2 40 0.43 0.3
2 41 0.78 0.1
2 42 0.72 0.08
2 43 0.88 0.2
2 44 0.62 0.04
2 45 0.7 0.24
2 46 0.28 0.14
2 47 0.32 0.24
2 48 0.44 0.28
2 49 0.72 0.08
2 50 0.7 0.29
3 4 0.56 0.26
3 5 0.36 0.19
3 6 0.72 0.3
3 7 0.68 0.28
3 8 0.38 0.2
3 9 0.46 0.1
3 10 0.84 0.18
3 11 0.67 0.26
3 12 0.4 0.18
3 13 0.54 0.2
3 14 0.41 0.17
3 15 0.54 0.22
3 16 0.74 0.24
3 17 0.61 0.23
3 18 0.53 0.02
3 19 0.58 0.22
3 20 0.68 0.19
3 21 0.54 0.24
3 22 0.62 0.21
3 23 0.67 0.14
3 24 0.64 0.26
3 25 0.38 0.26
3 26 0.6 0.14
3 27 0.34 0.15
3 28 0.7 0.18
3 29 0.28 0.08
3 30 0.52 0.24
3 31 0.38 0.18
3 32 0.61 0.16
3 33 0.6 0.24
3 34 0.57 0.1
3 35 0.47 0.16
3 36 0.54 0.25
3 37 0.39 0.02
3 38 0.73 0.18
3 39 0.43 0.16
3 40 0.63 0.28
3 41 0.58 0.14
3 42 0.68 0.12
3 43 0.7 0.24
3 44 0.36 0.08
3 45 0.85 0.16
3 46 0.22 0.2
3 47 0.38 0.28
3 48 0.48 0.28
3 49 0.62 0.2
3 50 0.64 0.3
4 5 0.64 0.31
4 6 0.8 0.36
4 7 0.48 0.34
4 8 0.42 0.34
4 9 0.47 0.27
4 10 0.65 0.22
4 11 0.68 0.18
4 12 0.58 0.28
4 13 0.55 0.32
4 14 0.56 0.32
4 15 0.58 0.37
4 16 0.24 0.07
4 17 0.58 0.22
4 18 0.56 0.24
4 19 0.6 0.29
4 20 0.58 0.28
4 21 0.2 0.19
4 22 0.56 0.35
4 23 0.44 0.3
4 24 0.79 0.38
4 25 0.5 0.2
4 26 0.27 0.21
4 27 0.56 0.26
4 28 0.67 0.08
4 29 0.46 0.24
4 30 0.76 0.32
4 31 0.56 0.26
4 32 0.65 0.32
4 33 0.54 0.22
4 34 0.71 0.22
4 35 0.28 0.16
4 36 0.66 0.37
4 37 0.52 0.24
4 38 0.62 0.2
4 39 0.2 0.16
4 40 0.53 0.32
4 41 0.64 0.3
4 42 0.52 0.27
4 43 0.72 0.38
4 44 0.38 0.24
4 45 0.48 0.24
4 46 0.66 0.23
4 47 0.41 0.26
4 48 0.48 0.18
4 49 0.51 0.26
4 50 0.58 0.34
5 6 0.44 0.19
5 7 0.7 0.22
5 8 0.34 0.11
5 9 0.46 0.21
5 10 0.64 0.22
5 11 0.39 0.24
5 12 0.24 0.16
5 13 0.6 0.16
5 14 0.46 0.21
5 15 0.47 0.13
5 16 0.6 0.3
5 17 0.38 0.24
5 18 0.69 0.19
5 19 0.65 0.08
5 20 0.64 0.19
5 21 0.57 0.25
5 22 0.58 0.15
5 23 0.42 0.05
5 24 0.57 0.17
5 25 0.3 0.22
5 26 0.55 0.18
5 27 0.59 0.13
5 28 0.62 0.26
5 29 0.36 0.13
5 30 0.38 0.1
5 31 0.56 0.18
5 32 0.63 0.07
5 33 0.52 0.26
5 34 0.58 0.28
5 35 0.52 0.27
5 36 0.4 0.08
5 37 0.75 0.19
5 38 0.66 0.23
5 39 0.44 0.15
5 40 0.53 0.26
5 41 0.65 0.19
5 42 0.48 0.09
5 43 0.46 0.21
5 44 0.44 0.13
5 45 0.6 0.27
5 46 0.14 0.13
5 47 0.69 0.27
5 48 0.34 0.28
5 49 0.67 0.19
5 50 0.44 0.29
6 7 0.49 0.27
6 8 0.72 0.24
6 9 0.54 0.3
6 10 0.7 0.28
6 11 0.68 0.3
6 12 0.59 0.22
6 13 0.42 0.32
6 14 0.63 0.31
6 15 0.3 0.26
6 16 0.56 0.29
6 17 0.6 0.29
6 18 0.66 0.28
6 19 0.24 0.11
6 20 0.46 0.2
6 21 0.76 0.32
6 22 0.4 0.14
6 23 0.44 0.19
6 24 0.66 0.3
6 25 0.44 0.23
6 26 0.56 0.2
6 27 0.54 0.25
6 28 0.46 0.35
6 29 0.5 0.22
6 30 0.5 0.19
6 31 0.55 0.24
6 32 0.47 0.18
6 33 0.74 0.24
6 34 0.72 0.26
6 35 0.62 0.2
6 36 0.52 0.27
6 37 0.66 0.28
6 38 0.54 0.16
6 39 0.62 0.3
6 40 0.72 0.32
6 41 0.6 0.28
6 42 0.34 0.24
6 43 0.57 0.12
6 44 0.58 0.22
6 45 0.6 0.38
6 46 0.58 0.32
6 47 0.44 0.28
6 48 0.54 0.32
6 49 0.69 0.1
6 50 0.72 0.34
7 8 0.56 0.2
7 9 0.48 0.3
7 10 0.58 0.32
7 11 0.75 0.22
7 12 0.64 0.26
7 13 0.55 0.22
7 14 0.45 0.2
7 15 0.34 0.26
7 16 0.46 0.34
7 17 0.49 0.3
7 18 0.65 0.26
7 19 0.52 0.29
7 20 0.57 0.12
7 21 0.48 0.3
7 22 0.7 0.3
7 23 0.71 0.26
7 24 0.44 0.3
7 25 0.64 0.34
7 26 0.64 0.26
7 27 0.58 0.31
7 28 0.59 0.4
7 29 0.52 0.2
7 30 0.73 0.31
7 31 0.54 0.28
7 32 0.5 0.28
7 33 0.5 0.26
7 34 0.69 0.34
7 35 0.52 0.32
7 36 0.54 0.14
7 37 0.6 0.26
7 38 0.58 0.28
7 39 0.28 0.18
7 40 0.86 0.39
7 41 0.5 0.26
7 42 0.82 0.24
7 43 0.82 0.22
7 44 0.46 0.2
7 45 0.76 0.28
7 46 0.76 0.28
7 47 0.59 0.35
7 48 0.61 0.32
7 49 0.43 0.22
7 50 0.68 0.36
8 9 0.69 0.1
8 10 0.7 0.26
8 11 0.62 0.18
8 12 0.58 0.22
8 13 0.63 0.22
8 14 0.38 0.22
8 15 0.74 0.14
8 16 0.66 0.3
8 17 0.72 0.32
8 18 0.5 0.18
8 19 0.49 0.19
8 20 0.3 0.08
8 21 0.62 0.26
8 22 0.5 0.1
8 23 0.36 0.06
8 24 0.39 0.18
8 25 0.5 0.3
8 26 0.51 0.19
8 27 0.72 0.14
8 28 0.74 0.28
8 29 0.46 0.23
8 30 0.39 0.21
8 31 0.76 0.22
8 32 0.57 0.08
8 33 0.74 0.22
8 34 0.76 0.18
8 35 0.54 0.21
8 36 0.46 0.19
8 37 0.75 0.18
8 38 0.7 0.24
8 39 0.28 0.23
8 40 0.54 0.28
8 41 0.68 0.23
8 42 0.38 0.2
8 43 0.54 0.18
8 44 0.46 0.23
8 45 0.82 0.28
8 46 0.48 0.24
8 47 0.56 0.3
8 48 0.42 0.24
8 49 0.7 0.18
8 50 0.68 0.3
9 10 0.69 0.24
9 11 0.57 0.28
9 12 0.58 0.24
9 13 0.36 0.23
9 14 0.59 0.23
9 15 0.46 0.24
9 16 0.28 0.24
9 17 0.54 0.23
9 18 0.71 0.08
9 19 0.59 0.28
9 20 0.7 0.18
9 21 0.59 0.26
9 22 0.7 0.2
9 23 0.6 0.16
9 24 0.44 0.24
9 25 0.52 0.32
9 26 0.2 0.1
9 27 0.54 0.15
9 28 0.71 0.24
9 29 0.46 0.14
9 30 0.55 0.29
9 31 0.76 0.24
9 32 0.42 0.18
9 33 0.66 0.18
9 34 0.5 0.17
9 35 0.39 0.11
9 36 0.36 0.26
9 37 0.64 0.08
9 38 0.51 0.18
9 39 0.56 0.22
9 40 0.61 0.27
9 41 0.79 0.2
9 42 0.52 0.18
9 43 0.82 0.28
9 44 0.38 0.14
9 45 0.68 0.22
9 46 0.6 0.26
9 47 0.5 0.28
9 48 0.54 0.28
9 49 0.66 0.2
9 50 0.64 0.36
10 11 0.6 0.3
10 12 0.6 0.06
10 13 0.65 0.1
10 14 0.69 0.23
10 15 0.75 0.28
10 16 0.41 0.29
10 17 0.43 0.25
10 18 0.48 0.16
10 19 0.54 0.17
10 20 0.68 0.2
10 21 0.54 0.06
10 22 0.37 0.27
10 23 0.51 0.2
10 24 0.52 0.29
10 25 0.6 0.24
10 26 0.77 0.2
10 27 0.62 0.25
10 28 0.24 0.14
10 29 0.56 0.14
10 30 0.81 0.12
10 31 0.6 0.04
10 32 0.3 0.22
10 33 0.53 0.28
10 34 0.46 0.12
10 35 0.69 0.18
10 36 0.47 0.18
10 37 0.46 0.16
10 38 0.39 0.19
10 39 0.62 0.2
10 40 0.38 0.27
10 41 0.56 0.2
10 42 0.41 0.18
10 43 0.48 0.22
10 44 0.48 0.14
10 45 0.56 0.3
10 46 0.72 0.19
10 47 0.66 0.14
10 48 0.66 0.24
10 49 0.54 0.2
10 50 0.46 0.22
11 12 0.63 0.24
11 13 0.62 0.33
11 14 0.63 0.14
11 15 0.41 0.22
11 16 0.54 0.12
11 17 0.28 0.2
11 18 0.39 0.24
11 19 0.44 0.28
11 20 0.59 0.1
11 21 0.56 0.29
11 22 0.85 0.28
11 23 0.52 0.24
11 24 0.58 0.26
11 25 0.66 0.19
11 26 0.62 0.29
11 27 0.63 0.32
11 28 0.65 0.26
11 29 0.61 0.23
11 30 0.62 0.29
11 31 0.64 0.26
11 32 0.5 0.26
11 33 0.36 0.24
11 34 0.52 0.32
11 35 0.7 0.3
11 36 0.54 0.32
11 37 0.69 0.24
11 38 0.49 0.25
11 39 0.64 0.31
11 40 0.39 0.2
11 41 0.8 0.29
11 42 0.6 0.22
11 43 0.54 0.2
11 44 0.64 0.23
11 45 0.4 0.1
11 46 0.53 0.24
11 47 0.54 0.32
11 48 0.46 0.17
11 49 0.36 0.2
11 50 0.6 0.24
12 13 0.58 0.16
12 14 0.25 0.19
12 15 0.44 0.26
12 16 0.69 0.3
12 17 0.45 0.25
12 18 0.74 0.16
12 19 0.41 0.11
12 20 0.67 0.14
12 21 0.78 0.12
12 22 0.67 0.23
12 23 0.64 0.18
12 24 0.38 0.23
12 25 0.48 0.18
12 26 0.62 0.16
12 27 0.38 0.21
12 28 0.54 0.2
12 29 0.12 0.1
12 30 0.62 0.06
12 31 0.46 0.02
12 32 0.55 0.2
12 33 0.48 0.26
12 34 0.76 0.18
12 35 0.46 0.22
12 36 0.42 0.22
12 37 0.58 0.16
12 38 0.71 0.17
12 39 0.38 0.14
12 40 0.56 0.25
12 41 0.41 0.16
12 42 0.38 0.14
12 43 0.58 0.2
12 44 0.2 0.1
12 45 0.69 0.28
12 46 0.38 0.22
12 47 0.61 0.12
12 48 0.58 0.3
12 49 0.62 0.15
12 50 0.5 0.16
13 14 0.42 0.22
13 15 0.44 0.24
13 16 0.64 0.33
13 17 0.55 0.21
13 18 0.63 0.18
13 19 0.46 0.24
13 20 0.6 0.29
13 21 0.73 0.16
13 22 0.51 0.22
13 23 0.56 0.16
13 24 0.71 0.26
13 25 0.3 0.14
13 26 0.36 0.13
13 27 0.2 0.18
13 28 0.74 0.24
13 29 0.46 0.13
13 30 0.38 0.22
13 31 0.53 0.14
13 32 0.35 0.14
13 33 0.6 0.26
13 34 0.58 0.22
13 35 0.32 0.2
13 36 0.48 0.08
13 37 0.28 0.18
13 38 0.74 0.23
13 39 0.35 0.21
13 40 0.49 0.26
13 41 0.58 0.19
13 42 0.64 0.17
13 43 0.68 0.29
13 44 0.53 0.13
13 45 0.38 0.24
13 46 0.46 0.22
13 47 0.48 0.24
13 48 0.72 0.32
13 49 0.62 0.23
13 50 0.66 0.32
14 15 0.41 0.08
14 16 0.46 0.26
14 17 0.38 0.13
14 18 0.66 0.15
14 19 0.4 0.23
14 20 0.68 0.22
14 21 0.62 0.27
14 22 0.66 0.22
14 23 0.65 0.16
14 24 0.63 0.12
14 25 0.48 0.25
14 26 0.67 0.15
14 27 0.62 0.2
14 28 0.55 0.31
14 29 0.13 0.09
14 30 0.53 0.25
14 31 0.47 0.19
14 32 0.64 0.18
14 33 0.49 0.25
14 34 0.76 0.27
14 35 0.64 0.31
14 36 0.52 0.29
14 37 0.59 0.15
14 38 0.68 0.19
14 39 0.38 0.17
14 40 0.57 0.34
14 41 0.34 0.15
14 42 0.54 0.13
14 43 0.67 0.22
14 44 0.21 0.09
14 45 0.44 0.24
14 46 0.32 0.21
14 47 0.52 0.29
14 48 0.66 0.31
14 49 0.63 0.21
14 50 0.65 0.34
15 16 0.34 0.31
15 17 0.59 0.21
15 18 0.48 0.23
15 19 0.54 0.21
15 20 0.44 0.14
15 21 0.48 0.28
15 22 0.56 0.18
15 23 0.42 0.08
15 24 0.44 0.04
15 25 0.3 0.17
15 26 0.56 0.21
15 27 0.24 0.16
15 28 0.52 0.3
15 29 0.54 0.17
15 30 0.6 0.23
15 31 0.82 0.24
15 32 0.63 0.1
15 33 0.6 0.22
15 34 0.51 0.32
15 35 0.56 0.26
15 36 0.7 0.21
15 37 0.58 0.23
15 38 0.68 0.19
15 39 0.62 0.25
15 40 0.53 0.3
15 41 0.57 0.23
15 42 0.64 0.21
15 43 0.56 0.24
15 44 0.62 0.17
15 45 0.74 0.3
15 46 0.46 0.26
15 47 0.56 0.31
15 48 0.6 0.34
15 49 0.54 0.16
15 50 0.48 0.32
16 17 0.8 0.29
16 18 0.56 0.26
16 19 0.6 0.22
16 20 0.42 0.22
16 21 0.31 0.26
16 22 0.42 0.28
16 23 0.66 0.33
16 24 0.7 0.35
16 25 0.39 0.27
16 26 0.46 0.2
16 27 0.58 0.25
16 28 0.43 0.15
16 29 0.59 0.22
16 30 0.74 0.28
16 31 0.48 0.28
16 32 0.54 0.35
16 33 0.58 0.2
16 34 0.69 0.29
16 35 0.46 0.23
16 36 0.54 0.36
16 37 0.5 0.26
16 38 0.7 0.13
16 39 0.44 0.23
16 40 0.54 0.31
16 41 0.6 0.28
16 42 0.57 0.26
16 43 0.54 0.32
16 44 0.54 0.22
16 45 0.64 0.22
16 46 0.55 0.3
16 47 0.44 0.25
16 48 0.26 0.19
16 49 0.67 0.19
16 50 0.53 0.35
17 18 0.53 0.21
17 19 0.72 0.29
17 20 0.51 0.28
17 21 0.54 0.25
17 22 0.79 0.28
17 23 0.57 0.26
17 24 0.54 0.24
17 25 0.68 0.33
17 26 0.34 0.13
17 27 0.35 0.18
17 28 0.67 0.3
17 29 0.33 0.15
17 30 0.7 0.26
17 31 0.67 0.25
17 32 0.56 0.28
17 33 0.64 0.26
17 34 0.73 0.33
17 35 0.42 0.29
17 36 0.44 0.16
17 37 0.59 0.21
17 38 0.33 0.16
17 39 0.59 0.23
17 40 0.64 0.36
17 41 0.6 0.21
17 42 0.78 0.19
17 43 0.6 0.18
17 44 0.41 0.15
17 45 0.68 0.3
17 46 0.52 0.25
17 47 0.69 0.28
17 48 0.67 0.37
17 49 0.48 0.19
17 50 0.54 0.38
18 19 0.52 0.2
18 20 0.2 0.17
18 21 0.36 0.22
18 22 0.52 0.19
18 23 0.29 0.16
18 24 0.64 0.27
18 25 0.74 0.24
18 26 0.66 0.12
18 27 0.5 0.13
18 28 0.67 0.16
18 29 0.65 0.06
18 30 0.62 0.22
18 31 0.63 0.16
18 32 0.36 0.18
18 33 0.65 0.22
18 34 0.6 0.12
18 35 0.62 0.18
18 36 0.7 0.23
18 37 0.62 0.0
18 38 0.2 0.16
18 39 0.7 0.14
18 40 0.54 0.26
18 41 0.59 0.12
18 42 0.36 0.1
18 43 0.48 0.22
18 44 0.57 0.06
18 45 0.62 0.14
18 46 0.71 0.18
18 47 0.6 0.26
18 48 0.52 0.26
18 49 0.35 0.18
18 50 0.63 0.28
19 20 0.32 0.18
19 21 0.64 0.23
19 22 0.64 0.23
19 23 0.45 0.13
19 24 0.49 0.25
19 25 0.68 0.16
19 26 0.39 0.2
19 27 0.66 0.21
19 28 0.66 0.24
19 29 0.53 0.14
19 30 0.6 0.17
19 31 0.78 0.13
19 32 0.24 0.15
19 33 0.7 0.3
19 34 0.56 0.24
19 35 0.68 0.3
19 36 0.53 0.16
19 37 0.42 0.2
19 38 0.65 0.24
19 39 0.6 0.22
19 40 0.48 0.29
19 41 0.36 0.2
19 42 0.58 0.17
19 43 0.7 0.23
19 44 0.53 0.14
19 45 0.5 0.34
19 46 0.66 0.21
19 47 0.2 0.19
19 48 0.5 0.34
19 49 0.7 0.21
19 50 0.5 0.27
20 21 0.38 0.26
20 22 0.51 0.18
20 23 0.49 0.14
20 24 0.52 0.18
20 25 0.74 0.22
20 26 0.53 0.2
20 27 0.68 0.22
20 28 0.63 0.28
20 29 0.55 0.16
20 30 0.69 0.19
20 31 0.54 0.16
20 32 0.56 0.16
20 33 0.52 0.14
20 34 0.57 0.22
20 35 0.53 0.2
20 36 0.66 0.26
20 37 0.53 0.17
20 38 0.4 0.16
20 39 0.5 0.22
20 40 0.66 0.27
20 41 0.68 0.22
20 42 0.56 0.12
20 43 0.68 0.1
20 44 0.63 0.16
20 45 0.62 0.2
20 46 0.72 0.28
20 47 0.52 0.26
20 48 0.38 0.2
20 49 0.55 0.1
20 50 0.74 0.24
21 22 0.51 0.3
21 23 0.6 0.2
21 24 0.72 0.32
21 25 0.43 0.3
21 26 0.47 0.16
21 27 0.64 0.21
21 28 0.63 0.2
21 29 0.66 0.18
21 30 0.85 0.18
21 31 0.64 0.1
21 32 0.55 0.22
21 33 0.34 0.27
21 34 0.66 0.18
21 35 0.48 0.16
21 36 0.75 0.24
21 37 0.7 0.22
21 38 0.48 0.25
21 39 0.4 0.26
21 40 0.73 0.27
21 41 0.78 0.24
21 42 0.72 0.22
21 43 0.52 0.28
21 44 0.58 0.18
21 45 0.68 0.27
21 46 0.5 0.25
21 47 0.54 0.2
21 48 0.57 0.3
21 49 0.36 0.22
21 50 0.78 0.28
22 23 0.66 0.1
22 24 0.67 0.22
22 25 0.74 0.31
22 26 0.78 0.19
22 27 0.44 0.18
22 28 0.6 0.28
22 29 0.58 0.13
22 30 0.76 0.25
22 31 0.63 0.23
22 32 0.67 0.08
22 33 0.49 0.29
22 34 0.81 0.28
22 35 0.4 0.26
22 36 0.5 0.23
22 37 0.53 0.19
22 38 0.71 0.23
22 39 0.42 0.21
22 40 0.46 0.28
22 41 0.5 0.19
22 42 0.66 0.17
22 43 0.48 0.26
22 44 0.6 0.13
22 45 0.59 0.28
22 46 0.58 0.25
22 47 0.74 0.33
22 48 0.4 0.18
22 49 0.64 0.24
22 50 0.82 0.34
23 24 0.75 0.12
23 25 0.66 0.25
23 26 0.56 0.13
23 27 0.38 0.08
23 28 0.38 0.22
23 29 0.52 0.18
23 30 0.36 0.15
23 31 0.75 0.16
23 32 0.21 0.02
23 33 0.58 0.27
23 34 0.66 0.24
23 35 0.64 0.22
23 36 0.67 0.13
23 37 0.48 0.16
23 38 0.48 0.27
23 39 0.64 0.2
23 40 0.66 0.22
23 41 0.56 0.17
23 42 0.48 0.14
23 43 0.6 0.24
23 44 0.6 0.18
23 45 0.47 0.22
23 46 0.56 0.18
23 47 0.65 0.26
23 48 0.5 0.28
23 49 0.56 0.23
23 50 0.34 0.24
24 25 0.59 0.21
24 26 0.52 0.25
24 27 0.51 0.2
24 28 0.74 0.32
24 29 0.5 0.21
24 30 0.78 0.27
24 31 0.64 0.25
24 32 0.73 0.14
24 33 0.48 0.18
24 34 0.86 0.36
24 35 0.52 0.3
24 36 0.8 0.25
24 37 0.79 0.27
24 38 0.47 0.23
24 39 0.63 0.22
24 40 0.49 0.32
24 41 0.62 0.27
24 42 0.48 0.25
24 43 0.82 0.28
24 44 0.58 0.21
24 45 0.66 0.26
24 46 0.43 0.3
24 47 0.6 0.35
24 48 0.54 0.38
24 49 0.62 0.2
24 50 0.7 0.36
25 26 0.6 0.24
25 27 0.5 0.21
25 28 0.59 0.28
25 29 0.36 0.18
25 30 0.45 0.12
25 31 0.56 0.2
25 32 0.65 0.27
25 33 0.3 0.22
25 34 0.81 0.22
25 35 0.54 0.28
25 36 0.4 0.22
25 37 0.58 0.24
25 38 0.7 0.24
25 39 0.62 0.26
25 40 0.58 0.31
25 41 0.4 0.12
25 42 0.62 0.22
25 43 0.66 0.18
25 44 0.44 0.18
25 45 0.58 0.29
25 46 0.16 0.13
25 47 0.71 0.3
25 48 0.48 0.33
25 49 0.6 0.18
25 50 0.58 0.33
26 27 0.34 0.05
26 28 0.82 0.28
26 29 0.64 0.06
26 30 0.61 0.19
26 31 0.64 0.16
26 32 0.48 0.15
26 33 0.59 0.22
26 34 0.66 0.24
26 35 0.55 0.2
26 36 0.56 0.16
26 37 0.58 0.12
26 38 0.62 0.16
26 39 0.45 0.14
26 40 0.59 0.28
26 41 0.63 0.12
26 42 0.58 0.1
26 43 0.82 0.21
26 44 0.56 0.06
26 45 0.57 0.24
26 46 0.44 0.16
26 47 0.35 0.24
26 48 0.56 0.26
26 49 0.77 0.1
26 50 0.76 0.31
27 28 0.76 0.29
27 29 0.5 0.11
27 30 0.36 0.16
27 31 0.66 0.21
27 32 0.55 0.1
27 33 0.62 0.19
27 34 0.64 0.25
27 35 0.52 0.25
27 36 0.63 0.21
27 37 0.34 0.13
27 38 0.6 0.21
27 39 0.55 0.19
27 40 0.29 0.26
27 41 0.38 0.09
27 42 0.5 0.15
27 43 0.48 0.16
27 44 0.58 0.11
27 45 0.58 0.27
27 46 0.56 0.21
27 47 0.52 0.29
27 48 0.57 0.31
27 49 0.58 0.15
27 50 0.62 0.3
28 29 0.42 0.22
28 30 0.69 0.26
28 31 0.42 0.18
28 32 0.54 0.24
28 33 0.29 0.14
28 34 0.67 0.26
28 35 0.48 0.24
28 36 0.7 0.32
28 37 0.58 0.16
28 38 0.63 0.28
28 39 0.68 0.24
28 40 0.62 0.26
28 41 0.7 0.24
28 42 0.64 0.26
28 43 0.56 0.36
28 44 0.5 0.22
28 45 0.72 0.16
28 46 0.48 0.25
28 47 0.58 0.18
28 48 0.69 0.1
28 49 0.59 0.29
28 50 0.6 0.26
29 30 0.66 0.16
29 31 0.34 0.1
29 32 0.67 0.2
29 33 0.36 0.16
29 34 0.72 0.18
29 35 0.58 0.22
29 36 0.54 0.21
29 37 0.46 0.06
29 38 0.6 0.1
29 39 0.26 0.08
29 40 0.44 0.28
29 41 0.47 0.06
29 42 0.45 0.04
29 43 0.54 0.16
29 44 0.08 0.0
29 45 0.57 0.2
29 46 0.34 0.12
29 47 0.65 0.2
29 48 0.68 0.31
29 49 0.5 0.12
29 50 0.52 0.25
30 31 0.63 0.08
30 32 0.57 0.17
30 33 0.51 0.3
30 34 0.82 0.24
30 35 0.7 0.19
30 36 0.52 0.18
30 37 0.66 0.22
30 38 0.42 0.15
30 39 0.67 0.2
30 40 0.65 0.2
30 41 0.6 0.2
30 42 0.44 0.19
30 43 0.46 0.26
30 44 0.7 0.16
30 45 0.56 0.22
30 46 0.52 0.23
30 47 0.59 0.18
30 48 0.54 0.3
30 49 0.57 0.09
30 50 0.69 0.22
31 32 0.77 0.18
31 33 0.58 0.26
31 34 0.66 0.16
31 35 0.38 0.2
31 36 0.62 0.22
31 37 0.7 0.16
31 38 0.43 0.15
31 39 0.6 0.16
31 40 0.76 0.27
31 41 0.5 0.16
31 42 0.74 0.14
31 43 0.88 0.18
31 44 0.42 0.1
31 45 0.78 0.3
31 46 0.42 0.22
31 47 0.63 0.1
31 48 0.56 0.28
31 49 0.28 0.16
31 50 0.74 0.18
32 33 0.68 0.25
32 34 0.66 0.26
32 35 0.63 0.24
32 36 0.46 0.15
32 37 0.46 0.18
32 38 0.56 0.29
32 39 0.62 0.22
32 40 0.68 0.2
32 41 0.54 0.19
32 42 0.56 0.16
32 43 0.78 0.26
32 44 0.69 0.2
32 45 0.26 0.2
32 46 0.7 0.2
32 47 0.44 0.28
32 48 0.7 0.26
32 49 0.49 0.25
32 50 0.46 0.26
33 34 0.58 0.34
33 35 0.66 0.29
33 36 0.41 0.18
33 37 0.66 0.22
33 38 0.45 0.26
33 39 0.46 0.24
33 40 0.75 0.2
33 41 0.7 0.1
33 42 0.56 0.2
33 43 0.37 0.24
33 44 0.28 0.16
33 45 0.76 0.3
33 46 0.38 0.28
33 47 0.8 0.24
33 48 0.51 0.24
33 49 0.3 0.24
33 50 0.8 0.31
34 35 0.58 0.06
34 36 0.68 0.22
34 37 0.56 0.12
34 38 0.4 0.22
34 39 0.51 0.26
34 40 0.68 0.22
34 41 0.86 0.24
34 42 0.38 0.22
34 43 0.64 0.32
34 44 0.69 0.18
34 45 0.48 0.26
34 46 0.72 0.26
34 47 0.42 0.26
34 48 0.66 0.36
34 49 0.45 0.16
34 50 0.32 0.32
35 36 0.58 0.28
35 37 0.6 0.18
35 38 0.42 0.16
35 39 0.48 0.3
35 40 0.56 0.16
35 41 0.46 0.28
35 42 0.36 0.26
35 43 0.56 0.3
35 44 0.66 0.22
35 45 0.7 0.28
35 46 0.38 0.2
35 47 0.48 0.28
35 48 0.48 0.32
35 49 0.57 0.1
35 50 0.67 0.34
36 37 0.38 0.23
36 38 0.74 0.31
36 39 0.46 0.23
36 40 0.42 0.32
36 41 0.62 0.27
36 42 0.34 0.17
36 43 0.7 0.29
36 44 0.51 0.21
36 45 0.52 0.32
36 46 0.42 0.14
36 47 0.41 0.21
36 48 0.28 0.24
36 49 0.6 0.26
36 50 0.69 0.37
37 38 0.64 0.16
37 39 0.56 0.14
37 40 0.52 0.26
37 41 0.54 0.12
37 42 0.37 0.1
37 43 0.71 0.22
37 44 0.38 0.06
37 45 0.66 0.14
37 46 0.61 0.18
37 47 0.62 0.26
37 48 0.66 0.26
37 49 0.68 0.18
37 50 0.75 0.28
38 39 0.57 0.18
38 40 0.68 0.32
38 41 0.79 0.16
38 42 0.56 0.14
38 43 0.46 0.26
38 44 0.52 0.1
38 45 0.75 0.3
38 46 0.54 0.22
38 47 0.65 0.12
38 48 0.46 0.28
38 49 0.15 0.06
38 50 0.59 0.22
39 40 0.66 0.24
39 41 0.56 0.14
39 42 0.65 0.12
39 43 0.66 0.24
39 44 0.18 0.08
39 45 0.68 0.28
39 46 0.58 0.2
39 47 0.61 0.26
39 48 0.68 0.3
39 49 0.42 0.2
39 50 0.4 0.3
40 41 0.62 0.3
40 42 0.75 0.32
40 43 0.64 0.2
40 44 0.52 0.28
40 45 0.79 0.12
40 46 0.62 0.18
40 47 0.28 0.22
40 48 0.28 0.16
40 49 0.62 0.26
40 50 0.54 0.26
41 42 0.79 0.1
41 43 0.39 0.22
41 44 0.55 0.06
41 45 0.78 0.26
41 46 0.56 0.18
41 47 0.56 0.26
41 48 0.34 0.3
41 49 0.7 0.18
41 50 0.54 0.21
42 43 0.7 0.12
42 44 0.53 0.04
42 45 0.45 0.24
42 46 0.46 0.16
42 47 0.47 0.24
42 48 0.62 0.32
42 49 0.64 0.16
42 50 0.38 0.21
43 44 0.62 0.16
43 45 0.76 0.3
43 46 0.6 0.25
43 47 0.72 0.28
43 48 0.73 0.3
43 49 0.61 0.2
43 50 0.53 0.23
44 45 0.58 0.2
44 46 0.42 0.12
44 47 0.68 0.2
44 48 0.76 0.31
44 49 0.42 0.12
44 50 0.58 0.25
45 46 0.68 0.26
45 47 0.64 0.22
45 48 0.62 0.26
45 49 0.6 0.3
45 50 0.46 0.14
46 47 0.55 0.2
46 48 0.34 0.2
46 49 0.68 0.22
46 50 0.42 0.37
47 48 0.56 0.28
47 49 0.5 0.18
47 50 0.6 0.28
48 49 0.61 0.22
48 50 0.76 0.36
49 50 0.52 0.24
node_demand
0.225
0.175
0.15
0.125
0.2
0.15
0.225
0.125
0.225
0.225
0.1
0.05
0.2
0.025
0.075
0.2
0.15
0.15
0.05
0.125
0.075
0.225
0.075
0.025
0.05
0.075
0.2
0.05
0.2
0.175
0.1
0.2
0.125
0.125
0.2
0.05
0.05
0.2
0.05
0.15
0.175
0.2
0.2
0.05
0.15
0.125
0.025
0.225
0.1
0.05
