50
0 1 0.7 0.3
0 2 0.58 0.24
0 3 0.71 0.22
0 4 0.61 0.12
0 5 0.7 0.28
0 6 0.54 0.22
0 7 0.48 0.16
0 8 0.36 0.17
0 9 0.48 0.13
0 10 0.65 0.26
0 11 0.56 0.16
0 12 0.58 0.14
0 13 0.42 0.11
0 14 0.7 0.09
0 15 0.52 0.18
0 16 0.52 0.1
0 17 0.76 0.27
0 18 0.61 0.12
0 19 0.5 0.13
0 20 0.56 0.24
0 21 0.7 0.22
0 22 0.38 0.11
0 23 0.68 0.16
0 24 0.57 0.24
0 25 0.54 0.19
0 26 0.68 0.2
0 27 0.55 0.22
0 28 0.5 0.16
0 29 0.32 0.18
0 30 0.62 0.26
0 31 0.62 0.22
0 32 0.48 0.13
0 33 0.6 0.12
0 34 0.59 0.14
0 35 0.84 0.19
0 36 0.88 0.16
0 37 0.46 0.22
0 38 0.3 0.04
0 39 0.64 0.19
0 40 0.44 0.08
0 41 0.46 0.1
0 42 0.68 0.2
0 43 0.62 0.2
0 44 0.54 0.23
0 45 0.52 0.15
0 46 0.6 0.17
0 47 0.66 0.22
0 48 0.64 0.22
0 49 0.74 0.18
0 50 0.58 0.14
1 2 0.54 0.3
1 3 0.58 0.29
1 4 0.46 0.21
1 5 0.44 0.15
1 6 0.65 0.31
1 7 0.36 0.15
1 8 0.62 0.16
1 9 0.62 0.28
1 10 0.48 0.24
1 11 0.64 0.2
1 12 0.52 0.26
1 13 0.7 0.26
1 14 0.56 0.23
1 15 0.69 0.22
1 16 0.7 0.27
1 17 0.23 0.18
1 18 0.6 0.23
1 19 0.49 0.28
1 20 0.7 0.14
1 21 0.52 0.25
1 22 0.7 0.26
1 23 0.5 0.2
1 24 0.56 0.28
1 25 0.2 0.18
1 26 0.63 0.21
1 27 0.48 0.26
1 28 0.2 0.14
1 29 0.56 0.32
1 30 0.48 0.16
1 31 0.48 0.09
1 32 0.38 0.24
1 33 0.49 0.19
1 34 0.52 0.21
1 35 0.57 0.22
1 36 0.51 0.19
1 37 0.75 0.13
1 38 0.62 0.27
1 39 0.19 0.15
1 40 0.52 0.23
1 41 0.49 0.21
1 42 0.36 0.23
1 43 0.56 0.28
1 44 0.36 0.24
1 45 0.75 0.18
1 46 0.54 0.27
1 47 0.55 0.18
1 48 0.32 0.18
1 49 0.69 0.16
1 50 0.38 0.17
2 3 0.63 0.28
2 4 0.72 0.18
2 5 0.6 0.27
2 6 0.75 0.28
2 7 0.66 0.24
2 8 0.46 0.28
2 9 0.5 0.18
2 10 0.64 0.31
2 11 0.6 0.11
2 12 0.52 0.36
2 13 0.34 0.22
2 14 0.44 0.3
2 15 0.52 0.32
2 16 0.63 0.32
2 17 0.6 0.33
2 18 0.46 0.23
2 19 0.42 0.24
2 20 0.63 0.19
2 21 0.66 0.22
2 22 0.32 0.16
2 23 0.5 0.23
2 24 0.64 0.31
2 25 0.48 0.26
2 26 0.53 0.26
2 27 0.52 0.17
2 28 0.34 0.24
2 29 0.7 0.25
2 30 0.64 0.21
2 31 0.58 0.24
2 32 0.52 0.29
2 33 0.7 0.23
2 34 0.45 0.19
2 35 0.76 0.26
2 36 0.32 0.2
2 37 0.39 0.24
2 38 0.42 0.28
2 39 0.53 0.15
2 40 0.62 0.19
2 41 0.66 0.2
2 42 0.68 0.24
2 43 0.66 0.24
2 44 0.59 0.29
2 45 0.62 0.26
2 46 0.6 0.26
2 47 0.64 0.23
2 48 0.68 0.17
2 49 0.47 0.22
2 50 0.37 0.18
3 4 0.43 0.18
3 5 0.61 0.21
3 6 0.56 0.26
3 7 0.6 0.24
3 8 0.5 0.16
3 9 0.58 0.25
3 10 0.43 0.14
3 11 0.48 0.17
3 12 0.75 0.26
3 13 0.63 0.17
3 14 0.7 0.15
3 15 0.72 0.22
3 16 0.72 0.21
3 17 0.81 0.26
3 18 0.68 0.16
3 19 0.61 0.19
3 20 0.59 0.25
3 21 0.56 0.26
3 22 0.76 0.23
3 23 0.46 0.22
3 24 0.39 0.29
3 25 0.69 0.26
3 26 0.66 0.26
3 27 0.8 0.23
3 28 0.38 0.26
3 29 0.64 0.27
3 30 0.7 0.27
3 31 0.68 0.27
3 32 0.54 0.18
3 33 0.24 0.1
3 34 0.63 0.18
3 35 0.42 0.18
3 36 0.64 0.22
3 37 0.54 0.26
3 38 0.41 0.26
3 39 0.54 0.19
3 40 0.45 0.14
3 41 0.63 0.2
3 42 0.68 0.22
3 43 0.47 0.04
3 44 0.8 0.28
3 45 0.62 0.14
3 46 0.43 0.18
3 47 0.68 0.28
3 48 0.52 0.23
3 49 0.67 0.24
3 50 0.26 0.2
4 5 0.42 0.27
4 6 0.52 0.24
4 7 0.67 0.06
4 8 0.64 0.1
4 9 0.58 0.07
4 10 0.48 0.28
4 11 0.5 0.11
4 12 0.5 0.2
4 13 0.54 0.21
4 14 0.46 0.14
4 15 0.64 0.16
4 16 0.7 0.15
4 17 0.49 0.2
4 18 0.5 0.14
4 19 0.58 0.13
4 20 0.62 0.19
4 21 0.63 0.2
4 22 0.58 0.05
4 23 0.22 0.07
4 24 0.36 0.15
4 25 0.26 0.14
4 26 0.5 0.08
4 27 0.54 0.17
4 28 0.61 0.09
4 29 0.53 0.17
4 30 0.7 0.21
4 31 0.32 0.21
4 32 0.64 0.18
4 33 0.67 0.16
4 34 0.5 0.2
4 35 0.58 0.12
4 36 0.48 0.16
4 37 0.5 0.17
4 38 0.6 0.16
4 39 0.46 0.1
4 40 0.38 0.18
4 41 0.58 0.02
4 42 0.34 0.12
4 43 0.22 0.14
4 44 0.65 0.22
4 45 0.62 0.08
4 46 0.2 0.08
4 47 0.5 0.19
4 48 0.54 0.17
4 49 0.5 0.11
4 50 0.64 0.15
5 6 0.64 0.28
5 7 0.49 0.24
5 8 0.6 0.22
5 9 0.37 0.23
5 10 0.5 0.18
5 11 0.59 0.16
5 12 0.56 0.2
5 13 0.62 0.23
5 14 0.66 0.2
5 15 0.63 0.16
5 16 0.28 0.22
5 17 0.64 0.24
5 18 0.58 0.24
5 19 0.55 0.24
5 20 0.54 0.1
5 21 0.41 0.22
5 22 0.36 0.22
5 23 0.63 0.2
5 24 0.45 0.24
5 25 0.45 0.33
5 26 0.4 0.19
5 27 0.61 0.22
5 28 0.5 0.2
5 29 0.64 0.26
5 30 0.52 0.12
5 31 0.1 0.06
5 32 0.28 0.22
5 33 0.4 0.24
5 34 0.61 0.18
5 35 0.68 0.28
5 36 0.6 0.16
5 37 0.43 0.1
5 38 0.6 0.24
5 39 0.63 0.21
5 40 0.48 0.2
5 41 0.66 0.27
5 42 0.28 0.2
5 43 0.64 0.25
5 44 0.49 0.1
5 45 0.58 0.24
5 46 0.55 0.24
5 47 0.61 0.14
5 48 0.12 0.1
5 49 0.34 0.18
5 50 0.44 0.14
6 7 0.59 0.22
6 8 0.56 0.27
6 9 0.81 0.26
6 10 0.8 0.33
6 11 0.65 0.24
6 12 0.66 0.22
6 13 0.62 0.23
6 14 0.75 0.24
6 15 0.64 0.26
6 16 0.36 0.12
6 17 0.7 0.36
6 18 0.58 0.16
6 19 0.33 0.25
6 20 0.4 0.27
6 21 0.46 0.06
6 22 0.81 0.28
6 23 0.74 0.17
6 24 0.4 0.09
6 25 0.45 0.33
6 26 0.43 0.3
6 27 0.69 0.3
6 28 0.6 0.23
6 29 0.61 0.2
6 30 0.5 0.29
6 31 0.71 0.26
6 32 0.58 0.15
6 33 0.75 0.24
6 34 0.5 0.27
6 35 0.68 0.33
6 36 0.64 0.24
6 37 0.7 0.22
6 38 0.68 0.26
6 39 0.84 0.16
6 40 0.53 0.2
6 41 0.7 0.26
6 42 0.47 0.2
6 43 0.7 0.28
6 44 0.62 0.32
6 45 0.76 0.29
6 46 0.56 0.19
6 47 0.7 0.31
6 48 0.74 0.18
6 49 0.49 0.25
6 50 0.64 0.23
7 8 0.73 0.16
7 9 0.51 0.13
7 10 0.7 0.32
7 11 0.49 0.14
7 12 0.7 0.26
7 13 0.63 0.15
7 14 0.4 0.2
7 15 0.6 0.22
7 16 0.6 0.21
7 17 0.59 0.26
7 18 0.5 0.08
7 19 0.58 0.17
7 20 0.62 0.17
7 21 0.3 0.16
7 22 0.68 0.11
7 23 0.64 0.13
7 24 0.67 0.21
7 25 0.54 0.2
7 26 0.37 0.14
7 27 0.58 0.2
7 28 0.5 0.13
7 29 0.63 0.23
7 30 0.62 0.19
7 31 0.54 0.22
7 32 0.67 0.24
7 33 0.47 0.16
7 34 0.52 0.26
7 35 0.36 0.18
7 36 0.49 0.2
7 37 0.48 0.23
7 38 0.46 0.2
7 39 0.55 0.16
7 40 0.38 0.12
7 41 0.57 0.06
7 42 0.72 0.18
7 43 0.46 0.2
7 44 0.6 0.27
7 45 0.64 0.14
7 46 0.68 0.14
7 47 0.36 0.13
7 48 0.51 0.2
7 49 0.43 0.15
7 50 0.58 0.18
8 9 0.62 0.17
8 10 0.76 0.22
8 11 0.56 0.21
8 12 0.52 0.1
8 13 0.5 0.2
8 14 0.72 0.08
8 15 0.53 0.06
8 16 0.82 0.2
8 17 0.64 0.1
8 18 0.38 0.23
8 19 0.66 0.23
8 20 0.64 0.22
8 21 0.58 0.21
8 22 0.58 0.15
8 23 0.42 0.15
8 24 0.82 0.23
8 25 0.5 0.24
8 26 0.49 0.18
8 27 0.5 0.24
8 28 0.63 0.12
8 29 0.54 0.16
8 30 0.55 0.2
8 31 0.5 0.22
8 32 0.74 0.23
8 33 0.38 0.24
8 34 0.6 0.14
8 35 0.58 0.06
8 36 0.71 0.2
8 37 0.38 0.22
8 38 0.36 0.21
8 39 0.68 0.2
8 40 0.59 0.22
8 41 0.6 0.12
8 42 0.63 0.2
8 43 0.48 0.12
8 44 0.67 0.12
8 45 0.32 0.02
8 46 0.68 0.17
8 47 0.6 0.24
8 48 0.66 0.19
8 49 0.43 0.14
8 50 0.54 0.18
9 10 0.64 0.35
9 11 0.7 0.08
9 12 0.63 0.22
9 13 0.7 0.14
9 14 0.68 0.17
9 15 0.73 0.23
9 16 0.65 0.22
9 17 0.5 0.27
9 18 0.24 0.15
9 19 0.48 0.06
9 20 0.69 0.16
9 21 0.44 0.25
9 22 0.55 0.02
9 23 0.68 0.14
9 24 0.56 0.22
9 25 0.7 0.21
9 26 0.7 0.15
9 27 0.56 0.14
9 28 0.42 0.16
9 29 0.6 0.22
9 30 0.46 0.18
9 31 0.47 0.2
9 32 0.6 0.25
9 33 0.67 0.15
9 34 0.52 0.27
9 35 0.8 0.18
9 36 0.78 0.19
9 37 0.66 0.23
9 38 0.78 0.17
9 39 0.63 0.17
9 40 0.68 0.11
9 41 0.86 0.09
9 42 0.65 0.19
9 43 0.62 0.21
9 44 0.58 0.26
9 45 0.56 0.15
9 46 0.48 0.15
9 47 0.74 0.16
9 48 0.44 0.14
9 49 0.71 0.18
9 50 0.52 0.17
10 11 0.42 0.27
10 12 0.34 0.2
10 13 0.42 0.31
10 14 0.59 0.29
10 15 0.65 0.23
10 16 0.44 0.21
10 17 0.4 0.19
10 18 0.83 0.24
10 19 0.61 0.29
10 20 0.55 0.27
10 21 0.69 0.33
10 22 0.54 0.33
10 23 0.52 0.34
10 24 0.56 0.28
10 25 0.68 0.4
10 26 0.6 0.33
10 27 0.77 0.33
10 28 0.43 0.28
10 29 0.33 0.13
10 30 0.51 0.25
10 31 0.57 0.24
10 32 0.48 0.24
10 33 0.46 0.24
10 34 0.66 0.29
10 35 0.8 0.28
10 36 0.64 0.31
10 37 0.44 0.28
10 38 0.84 0.3
10 39 0.56 0.23
10 40 0.54 0.28
10 41 0.78 0.3
10 42 0.69 0.32
10 43 0.62 0.18
10 44 0.39 0.17
10 45 0.44 0.24
10 46 0.66 0.28
10 47 0.72 0.31
10 48 0.57 0.28
10 49 0.54 0.3
10 50 0.4 0.29
11 12 0.48 0.26
11 13 0.65 0.11
11 14 0.48 0.21
11 15 0.42 0.24
11 16 0.62 0.21
11 17 0.66 0.22
11 18 0.46 0.12
11 19 0.32 0.13
11 20 0.53 0.08
11 21 0.55 0.18
11 22 0.28 0.06
11 23 0.36 0.18
11 24 0.72 0.26
11 25 0.52 0.25
11 26 0.63 0.19
11 27 0.62 0.06
11 28 0.58 0.2
11 29 0.56 0.14
11 30 0.58 0.1
11 31 0.5 0.13
11 32 0.54 0.18
11 33 0.42 0.12
11 34 0.54 0.25
11 35 0.7 0.15
11 36 0.75 0.16
11 37 0.82 0.17
11 38 0.54 0.2
11 39 0.72 0.19
11 40 0.12 0.08
11 41 0.66 0.13
11 42 0.68 0.2
11 43 0.58 0.13
11 44 0.46 0.18
11 45 0.5 0.19
11 46 0.33 0.19
11 47 0.46 0.12
11 48 0.7 0.06
11 49 0.57 0.18
11 50 0.38 0.14
12 13 0.6 0.23
12 14 0.52 0.18
12 15 0.8 0.04
12 16 0.59 0.18
12 17 0.64 0.2
12 18 0.66 0.24
12 19 0.62 0.25
12 20 0.68 0.2
12 21 0.75 0.16
12 22 0.2 0.2
12 23 0.64 0.2
12 24 0.36 0.28
12 25 0.6 0.23
12 26 0.58 0.28
12 27 0.61 0.32
12 28 0.44 0.22
12 29 0.48 0.14
12 30 0.56 0.18
12 31 0.46 0.25
12 32 0.58 0.21
12 33 0.56 0.22
12 34 0.53 0.24
12 35 0.92 0.16
12 36 0.8 0.23
12 37 0.52 0.29
12 38 0.74 0.18
12 39 0.56 0.26
12 40 0.42 0.2
12 41 0.82 0.22
12 42 0.49 0.19
12 43 0.28 0.22
12 44 0.44 0.1
12 45 0.53 0.12
12 46 0.66 0.15
12 47 0.52 0.24
12 48 0.54 0.28
12 49 0.64 0.24
12 50 0.68 0.25
13 14 0.56 0.18
13 15 0.61 0.19
13 16 0.84 0.21
13 17 0.66 0.26
13 18 0.7 0.07
13 19 0.38 0.08
13 20 0.59 0.19
13 21 0.73 0.17
13 22 0.56 0.16
13 23 0.6 0.21
13 24 0.36 0.23
13 25 0.66 0.23
13 26 0.26 0.18
13 27 0.38 0.17
13 28 0.68 0.15
13 29 0.65 0.24
13 30 0.47 0.21
13 31 0.72 0.17
13 32 0.54 0.24
13 33 0.47 0.07
13 34 0.6 0.17
13 35 0.6 0.26
13 36 0.54 0.11
13 37 0.53 0.21
13 38 0.48 0.15
13 39 0.69 0.16
13 40 0.53 0.03
13 41 0.72 0.21
13 42 0.34 0.15
13 43 0.32 0.19
13 44 0.59 0.25
13 45 0.76 0.22
13 46 0.74 0.19
13 47 0.77 0.17
13 48 0.7 0.17
13 49 0.32 0.13
13 50 0.67 0.09
14 15 0.42 0.14
14 16 0.6 0.19
14 17 0.52 0.18
14 18 0.54 0.21
14 19 0.56 0.21
14 20 0.61 0.19
14 21 0.6 0.29
14 22 0.38 0.15
14 23 0.49 0.07
14 24 0.35 0.15
14 25 0.38 0.26
14 26 0.52 0.2
14 27 0.57 0.16
14 28 0.67 0.13
14 29 0.64 0.24
14 30 0.32 0.21
14 31 0.56 0.14
14 32 0.46 0.22
14 33 0.46 0.21
14 34 0.52 0.18
14 35 0.41 0.1
14 36 0.53 0.21
14 37 0.56 0.18
14 38 0.4 0.13
14 39 0.61 0.24
14 40 0.36 0.17
14 41 0.64 0.16
14 42 0.56 0.25
14 43 0.24 0.11
14 44 0.2 0.14
14 45 0.52 0.06
14 46 0.66 0.22
14 47 0.7 0.23
14 48 0.62 0.27
14 49 0.58 0.15
14 50 0.62 0.19
15 16 0.64 0.14
15 17 0.75 0.16
15 18 0.49 0.2
15 19 0.49 0.21
15 20 0.7 0.16
15 21 0.69 0.2
15 22 0.66 0.21
15 23 0.71 0.21
15 24 0.77 0.29
15 25 0.74 0.27
15 26 0.35 0.24
15 27 0.61 0.3
15 28 0.56 0.18
15 29 0.32 0.1
15 30 0.56 0.14
15 31 0.6 0.21
15 32 0.54 0.17
15 33 0.48 0.18
15 34 0.54 0.2
15 35 0.69 0.12
15 36 0.63 0.19
15 37 0.62 0.25
15 38 0.52 0.22
15 39 0.5 0.26
15 40 0.54 0.16
15 41 0.55 0.18
15 42 0.54 0.15
15 43 0.56 0.18
15 44 0.62 0.06
15 45 0.5 0.08
15 46 0.65 0.11
15 47 0.63 0.2
15 48 0.7 0.24
15 49 0.29 0.2
15 50 0.58 0.21
16 17 0.72 0.3
16 18 0.5 0.22
16 19 0.59 0.23
16 20 0.64 0.29
16 21 0.3 0.18
16 22 0.64 0.2
16 23 0.51 0.22
16 24 0.73 0.16
16 25 0.57 0.22
16 26 0.68 0.23
16 27 0.81 0.27
16 28 0.62 0.23
16 29 0.77 0.08
16 30 0.52 0.27
16 31 0.38 0.25
16 32 0.32 0.03
16 33 0.54 0.22
16 34 0.62 0.23
16 35 0.6 0.26
16 36 0.74 0.15
16 37 0.71 0.29
16 38 0.58 0.14
16 39 0.74 0.25
16 40 0.5 0.18
16 41 0.5 0.17
16 42 0.5 0.11
16 43 0.69 0.17
16 44 0.58 0.2
16 45 0.76 0.22
16 46 0.8 0.07
16 47 0.62 0.25
16 48 0.4 0.15
16 49 0.62 0.21
16 50 0.6 0.17
17 18 0.74 0.2
17 19 0.64 0.28
17 20 0.72 0.14
17 21 0.7 0.3
17 22 0.7 0.25
17 23 0.44 0.25
17 24 0.59 0.31
17 25 0.43 0.28
17 26 0.4 0.26
17 27 0.62 0.28
17 28 0.43 0.22
17 29 0.56 0.26
17 30 0.3 0.16
17 31 0.71 0.19
17 32 0.61 0.33
17 33 0.64 0.27
17 34 0.75 0.24
17 35 0.47 0.16
17 36 0.28 0.15
17 37 0.67 0.23
17 38 0.51 0.31
17 39 0.42 0.25
17 40 0.75 0.23
17 41 0.42 0.22
17 42 0.59 0.19
17 43 0.71 0.22
17 44 0.42 0.22
17 45 0.52 0.12
17 46 0.69 0.23
17 47 0.49 0.18
17 48 0.52 0.28
17 49 0.46 0.21
17 50 0.61 0.17
18 19 0.66 0.09
18 20 0.76 0.2
18 21 0.2 0.1
18 22 0.46 0.17
18 23 0.56 0.21
18 24 0.6 0.24
18 25 0.46 0.24
18 26 0.58 0.19
18 27 0.32 0.18
18 28 0.4 0.16
18 29 0.63 0.25
18 30 0.6 0.22
18 31 0.48 0.18
18 32 0.36 0.2
18 33 0.62 0.08
18 34 0.69 0.24
18 35 0.84 0.26
18 36 0.76 0.12
18 37 0.69 0.22
18 38 0.6 0.16
18 39 0.7 0.17
18 40 0.58 0.04
18 41 0.68 0.14
18 42 0.56 0.16
18 43 0.52 0.12
18 44 0.54 0.26
18 45 0.66 0.22
18 46 0.3 0.18
18 47 0.5 0.18
18 48 0.52 0.18
18 49 0.64 0.14
18 50 0.48 0.1
19 20 0.21 0.14
19 21 0.63 0.19
19 22 0.56 0.08
19 23 0.61 0.2
19 24 0.73 0.25
19 25 0.6 0.15
19 26 0.56 0.2
19 27 0.6 0.19
19 28 0.69 0.17
19 29 0.28 0.16
19 30 0.5 0.16
19 31 0.46 0.19
19 32 0.6 0.26
19 33 0.56 0.09
19 34 0.51 0.25
19 35 0.71 0.24
19 36 0.68 0.13
19 37 0.58 0.23
19 38 0.54 0.17
19 39 0.56 0.18
19 40 0.2 0.05
19 41 0.51 0.15
19 42 0.36 0.17
19 43 0.61 0.2
19 44 0.38 0.24
19 45 0.77 0.21
19 46 0.61 0.21
19 47 0.61 0.1
19 48 0.67 0.19
19 49 0.62 0.15
19 50 0.46 0.11
20 21 0.75 0.21
20 22 0.7 0.14
20 23 0.77 0.19
20 24 0.62 0.27
20 25 0.62 0.27
20 26 0.54 0.18
20 27 0.44 0.14
20 28 0.74 0.17
20 29 0.49 0.22
20 30 0.62 0.02
20 31 0.44 0.05
20 32 0.47 0.26
20 33 0.35 0.2
20 34 0.52 0.17
20 35 0.5 0.23
20 36 0.78 0.15
20 37 0.63 0.09
20 38 0.54 0.23
20 39 0.6 0.11
20 40 0.41 0.16
20 41 0.3 0.19
20 42 0.57 0.19
20 43 0.4 0.21
20 44 0.59 0.1
20 45 0.76 0.24
20 46 0.71 0.23
20 47 0.49 0.04
20 48 0.63 0.14
20 49 0.48 0.16
20 50 0.64 0.13
21 22 0.57 0.24
21 23 0.62 0.23
21 24 0.59 0.15
21 25 0.66 0.31
21 26 0.48 0.25
21 27 0.51 0.24
21 28 0.32 0.21
21 29 0.52 0.26
21 30 0.67 0.23
21 31 0.31 0.2
21 32 0.54 0.21
21 33 0.53 0.18
21 34 0.63 0.21
21 35 0.66 0.27
21 36 0.58 0.2
21 37 0.57 0.16
21 38 0.4 0.26
21 39 0.7 0.1
21 40 0.43 0.14
21 41 0.64 0.22
21 42 0.69 0.24
21 43 0.47 0.22
21 44 0.74 0.26
21 45 0.81 0.23
21 46 0.5 0.25
21 47 0.6 0.25
21 48 0.38 0.12
21 49 0.54 0.22
21 50 0.3 0.18
22 23 0.6 0.12
22 24 0.56 0.2
22 25 0.5 0.19
22 26 0.38 0.13
22 27 0.62 0.12
22 28 0.64 0.14
22 29 0.68 0.2
22 30 0.64 0.16
22 31 0.26 0.18
22 32 0.64 0.23
22 33 0.7 0.17
22 34 0.54 0.25
22 35 0.72 0.16
22 36 0.63 0.21
22 37 0.59 0.21
22 38 0.59 0.15
22 39 0.68 0.15
22 40 0.37 0.13
22 41 0.82 0.07
22 42 0.64 0.17
22 43 0.4 0.19
22 44 0.52 0.24
22 45 0.6 0.13
22 46 0.5 0.13
22 47 0.32 0.18
22 48 0.48 0.12
22 49 0.44 0.16
22 50 0.63 0.19
23 24 0.58 0.08
23 25 0.46 0.21
23 26 0.38 0.13
23 27 0.64 0.23
23 28 0.6 0.06
23 29 0.62 0.24
23 30 0.48 0.21
23 31 0.54 0.14
23 32 0.69 0.21
23 33 0.67 0.2
23 34 0.53 0.25
23 35 0.4 0.17
23 36 0.58 0.14
23 37 0.65 0.18
23 38 0.38 0.2
23 39 0.64 0.17
23 40 0.41 0.18
23 41 0.62 0.09
23 42 0.55 0.18
23 43 0.38 0.18
23 44 0.43 0.21
23 45 0.4 0.13
23 46 0.42 0.15
23 47 0.28 0.18
23 48 0.74 0.24
23 49 0.42 0.08
23 50 0.52 0.12
24 25 0.36 0.26
24 26 0.44 0.21
24 27 0.48 0.31
24 28 0.76 0.14
24 29 0.52 0.24
24 30 0.59 0.29
24 31 0.55 0.22
24 32 0.54 0.13
24 33 0.44 0.24
24 34 0.24 0.2
24 35 0.76 0.25
24 36 0.45 0.16
24 37 0.46 0.26
24 38 0.54 0.28
24 39 0.66 0.25
24 40 0.6 0.2
24 41 0.68 0.17
24 42 0.7 0.2
24 43 0.52 0.26
24 44 0.55 0.29
24 45 0.52 0.21
24 46 0.56 0.23
24 47 0.79 0.26
24 48 0.57 0.25
24 49 0.5 0.16
24 50 0.65 0.14
25 26 0.54 0.22
25 27 0.28 0.27
25 28 0.4 0.23
25 29 0.48 0.3
25 30 0.68 0.25
25 31 0.35 0.27
25 32 0.48 0.19
25 33 0.51 0.24
25 34 0.6 0.33
25 35 0.77 0.26
25 36 0.71 0.28
25 37 0.65 0.31
25 38 0.56 0.23
25 39 0.39 0.24
25 40 0.4 0.2
25 41 0.32 0.16
25 42 0.56 0.26
25 43 0.48 0.23
25 44 0.56 0.26
25 45 0.8 0.22
25 46 0.46 0.22
25 47 0.57 0.25
25 48 0.52 0.31
25 49 0.52 0.25
25 50 0.58 0.26
26 27 0.26 0.14
26 28 0.48 0.07
26 29 0.56 0.2
26 30 0.63 0.16
26 31 0.5 0.13
26 32 0.68 0.26
26 33 0.49 0.19
26 34 0.57 0.17
26 35 0.34 0.16
26 36 0.4 0.11
26 37 0.27 0.09
26 38 0.49 0.24
26 39 0.72 0.18
26 40 0.55 0.15
26 41 0.73 0.1
26 42 0.6 0.15
26 43 0.58 0.22
26 44 0.51 0.18
26 45 0.5 0.16
26 46 0.5 0.16
26 47 0.51 0.22
26 48 0.52 0.22
26 49 0.06 0.05
26 50 0.41 0.09
27 28 0.68 0.21
27 29 0.65 0.2
27 30 0.5 0.16
27 31 0.63 0.19
27 32 0.52 0.24
27 33 0.61 0.18
27 34 0.61 0.31
27 35 0.52 0.21
27 36 0.66 0.22
27 37 0.37 0.23
27 38 0.65 0.24
27 39 0.47 0.25
27 40 0.68 0.14
27 41 0.48 0.19
27 42 0.64 0.26
27 43 0.33 0.19
27 44 0.38 0.24
27 45 0.76 0.22
27 46 0.48 0.25
27 47 0.62 0.18
27 48 0.68 0.12
27 49 0.32 0.19
27 50 0.56 0.2
28 29 0.76 0.22
28 30 0.35 0.15
28 31 0.4 0.14
28 32 0.54 0.21
28 33 0.62 0.16
28 34 0.62 0.2
28 35 0.48 0.18
28 36 0.64 0.08
28 37 0.58 0.16
28 38 0.57 0.2
28 39 0.39 0.14
28 40 0.7 0.12
28 41 0.58 0.07
28 42 0.52 0.12
28 43 0.48 0.23
28 44 0.47 0.23
28 45 0.64 0.14
28 46 0.59 0.16
28 47 0.42 0.21
28 48 0.52 0.19
28 49 0.54 0.02
28 50 0.56 0.06
29 30 0.64 0.24
29 31 0.58 0.27
29 32 0.54 0.11
29 33 0.79 0.25
29 34 0.56 0.16
29 35 0.54 0.22
29 36 0.79 0.23
29 37 0.77 0.24
29 38 0.58 0.22
29 39 0.75 0.22
29 40 0.48 0.21
29 41 0.56 0.19
29 42 0.36 0.19
29 43 0.4 0.25
29 44 0.52 0.16
29 45 0.77 0.18
29 46 0.33 0.15
29 47 0.6 0.25
29 48 0.7 0.2
29 49 0.56 0.2
29 50 0.64 0.24
30 31 0.59 0.07
30 32 0.38 0.28
30 33 0.66 0.22
30 34 0.56 0.19
30 35 0.54 0.25
30 36 0.4 0.17
30 37 0.51 0.11
30 38 0.58 0.25
30 39 0.67 0.13
30 40 0.48 0.18
30 41 0.69 0.21
30 42 0.58 0.18
30 43 0.53 0.23
30 44 0.12 0.08
30 45 0.52 0.22
30 46 0.64 0.22
30 47 0.46 0.06
30 48 0.52 0.16
30 49 0.69 0.17
30 50 0.44 0.15
31 32 0.38 0.22
31 33 0.5 0.18
31 34 0.63 0.12
31 35 0.58 0.24
31 36 0.7 0.1
31 37 0.33 0.04
31 38 0.5 0.18
31 39 0.67 0.16
31 40 0.38 0.14
31 41 0.67 0.21
31 42 0.38 0.14
31 43 0.54 0.25
31 44 0.5 0.15
31 45 0.51 0.2
31 46 0.52 0.18
31 47 0.51 0.09
31 48 0.22 0.16
31 49 0.44 0.12
31 50 0.54 0.08
32 33 0.39 0.25
32 34 0.33 0.2
32 35 0.56 0.26
32 36 0.63 0.18
32 37 0.54 0.26
32 38 0.62 0.17
32 39 0.55 0.28
32 40 0.66 0.21
32 41 0.38 0.2
32 42 0.48 0.14
32 43 0.61 0.14
32 44 0.26 0.21
32 45 0.52 0.22
32 46 0.66 0.1
32 47 0.54 0.28
32 48 0.16 0.12
32 49 0.62 0.23
32 50 0.61 0.2
33 34 0.68 0.2
33 35 0.64 0.27
33 36 0.77 0.12
33 37 0.56 0.22
33 38 0.63 0.16
33 39 0.3 0.09
33 40 0.38 0.04
33 41 0.39 0.18
33 42 0.68 0.16
33 43 0.67 0.14
33 44 0.56 0.24
33 45 0.41 0.24
33 46 0.67 0.2
33 47 0.48 0.18
33 48 0.28 0.18
33 49 0.43 0.14
33 50 0.33 0.1
34 35 0.66 0.16
34 36 0.52 0.16
34 37 0.3 0.08
34 38 0.3 0.14
34 39 0.47 0.11
34 40 0.5 0.2
34 41 0.54 0.22
34 42 0.78 0.2
34 43 0.28 0.14
34 44 0.44 0.26
34 45 0.28 0.12
34 46 0.66 0.24
34 47 0.56 0.18
34 48 0.49 0.27
34 49 0.52 0.18
34 50 0.42 0.14
35 36 0.44 0.26
35 37 0.4 0.24
35 38 0.68 0.23
35 39 0.38 0.22
35 40 0.58 0.23
35 41 0.66 0.14
35 42 0.54 0.24
35 43 0.65 0.14
35 44 0.61 0.18
35 45 0.78 0.04
35 46 0.61 0.2
35 47 0.68 0.27
35 48 0.59 0.21
35 49 0.4 0.2
35 50 0.4 0.24
36 37 0.47 0.14
36 38 0.69 0.2
36 39 0.54 0.21
36 40 0.64 0.08
36 41 0.48 0.15
36 42 0.74 0.04
36 43 0.59 0.24
36 44 0.52 0.25
36 45 0.6 0.22
36 46 0.68 0.08
36 47 0.73 0.19
36 48 0.72 0.15
36 49 0.34 0.06
36 50 0.52 0.02
37 38 0.44 0.22
37 39 0.56 0.19
37 40 0.7 0.18
37 41 0.64 0.19
37 42 0.66 0.18
37 43 0.58 0.22
37 44 0.46 0.19
37 45 0.45 0.2
37 46 0.7 0.22
37 47 0.6 0.13
37 48 0.54 0.2
37 49 0.33 0.14
37 50 0.68 0.12
38 39 0.54 0.23
38 40 0.42 0.12
38 41 0.24 0.14
38 42 0.68 0.24
38 43 0.58 0.24
38 44 0.46 0.27
38 45 0.58 0.19
38 46 0.64 0.21
38 47 0.66 0.23
38 48 0.48 0.26
38 49 0.55 0.22
38 50 0.64 0.18
39 40 0.68 0.13
39 41 0.3 0.12
39 42 0.55 0.22
39 43 0.37 0.17
39 44 0.55 0.21
39 45 0.64 0.18
39 46 0.54 0.18
39 47 0.36 0.15
39 48 0.51 0.22
39 49 0.73 0.16
39 50 0.57 0.19
40 41 0.54 0.18
40 42 0.56 0.12
40 43 0.6 0.16
40 44 0.56 0.22
40 45 0.62 0.23
40 46 0.45 0.16
40 47 0.47 0.14
40 48 0.6 0.14
40 49 0.49 0.1
40 50 0.26 0.06
41 42 0.67 0.14
41 43 0.66 0.16
41 44 0.64 0.24
41 45 0.78 0.1
41 46 0.41 0.1
41 47 0.66 0.19
41 48 0.54 0.19
41 49 0.78 0.09
41 50 0.72 0.13
42 43 0.56 0.26
42 44 0.56 0.21
42 45 0.52 0.2
42 46 0.42 0.04
42 47 0.6 0.23
42 48 0.4 0.18
42 49 0.62 0.1
42 50 0.52 0.06
43 44 0.44 0.24
43 45 0.56 0.1
43 46 0.42 0.22
43 47 0.66 0.25
43 48 0.69 0.19
43 49 0.61 0.25
43 50 0.7 0.22
44 45 0.64 0.14
44 46 0.52 0.17
44 47 0.58 0.14
44 48 0.42 0.2
44 49 0.57 0.23
44 50 0.56 0.23
45 46 0.68 0.16
45 47 0.28 0.26
45 48 0.46 0.21
45 49 0.5 0.16
45 50 0.62 0.2
46 47 0.6 0.27
46 48 0.58 0.14
46 49 0.56 0.14
46 50 0.69 0.1
47 48 0.54 0.18
47 49 0.45 0.2
47 50 0.72 0.17
48 49 0.46 0.17
48 50 0.52 0.13
49 50 0.47 0.04
node_demand
0.075
0.175
0.2
0.025
0.075
0.125
0.1
0.2
0.075
0.15
0.075
0.225
0.15
0.025
0.2
0.1
0.1
0.15
0.075
0.025
0.225
0.05
0.175
0.1
0.225
0.175
0.15
0.15
0.025
0.175
0.075
0.175
0.175
0.125
0.225
0.2
0.075
0.025
0.2
0.05
0.175
0.125
0.125
0.1
0.075
0.1
0.075
0.1
0.2
0.2
