50
0 1 0.43 0.24
0 2 0.8 0.3
0 3 0.65 0.18
0 4 0.48 0.2
0 5 0.62 0.3
0 6 0.5 0.21
0 7 0.6 0.33
0 8 0.48 0.3
0 9 0.5 0.1
0 10 0.52 0.2
0 11 0.37 0.15
0 12 0.54 0.27
0 13 0.48 0.22
0 14 0.5 0.3
0 15 0.69 0.26
0 16 0.42 0.21
0 17 0.54 0.23
0 18 0.76 0.15
0 19 0.68 0.19
0 20 0.72 0.22
0 21 0.6 0.18
0 22 0.38 0.28
0 23 0.28 0.15
0 24 0.46 0.27
0 25 0.56 0.28
0 26 0.5 0.25
0 27 0.67 0.28
0 28 0.68 0.3
0 29 0.62 0.17
0 30 0.63 0.12
0 31 0.44 0.28
0 32 0.76 0.2
0 33 0.54 0.23
0 34 0.5 0.32
0 35 0.56 0.26
0 36 0.61 0.31
0 37 0.72 0.31
0 38 0.32 0.24
0 39 0.59 0.35
0 40 0.55 0.25
0 41 0.58 0.27
0 42 0.49 0.28
0 43 0.6 0.34
0 44 0.68 0.18
0 45 0.46 0.3
0 46 0.31 0.3
0 47 0.64 0.22
0 48 0.34 0.18
0 49 0.35 0.28
0 50 0.68 0.24
1 2 0.67 0.28
1 3 0.58 0.22
1 4 0.64 0.2
1 5 0.74 0.3
1 6 0.34 0.14
1 7 0.48 0.29
1 8 0.64 0.27
1 9 0.6 0.26
1 10 0.39 0.14
1 11 0.25 0.09
1 12 0.41 0.21
1 13 0.58 0.29
1 14 0.58 0.31
1 15 0.38 0.26
1 16 0.29 0.15
1 17 0.71 0.17
1 18 0.74 0.09
1 19 0.63 0.21
1 20 0.6 0.31
1 21 0.47 0.22
1 22 0.78 0.32
1 23 0.15 0.09
1 24 0.33 0.21
1 25 0.65 0.28
1 26 0.46 0.18
1 27 0.51 0.22
1 28 0.69 0.19
1 29 0.49 0.21
1 30 0.5 0.16
1 31 0.58 0.32
1 32 0.6 0.2
1 33 0.41 0.17
1 34 0.66 0.27
1 35 0.52 0.29
1 36 0.54 0.29
1 37 0.67 0.31
1 38 0.64 0.25
1 39 0.52 0.29
1 40 0.43 0.15
1 41 0.59 0.21
1 42 0.57 0.25
1 43 0.42 0.1
1 44 0.62 0.22
1 45 0.77 0.28
1 46 0.51 0.32
1 47 0.38 0.18
1 48 0.69 0.33
1 49 0.28 0.15
1 50 0.56 0.24
2 3 0.72 0.24
2 4 0.44 0.22
2 5 0.3 0.27
2 6 0.42 0.16
2 7 0.64 0.3
2 8 0.62 0.12
2 9 0.64 0.28
2 10 0.76 0.23
2 11 0.52 0.24
2 12 0.54 0.21
2 13 0.58 0.18
2 14 0.42 0.08
2 15 0.62 0.27
2 16 0.52 0.18
2 17 0.54 0.2
2 18 0.76 0.24
2 19 0.59 0.28
2 20 0.74 0.25
2 21 0.7 0.22
2 22 0.78 0.19
2 23 0.52 0.24
2 24 0.5 0.24
2 25 0.7 0.11
2 26 0.4 0.28
2 27 0.72 0.13
2 28 0.62 0.31
2 29 0.6 0.24
2 30 0.46 0.24
2 31 0.68 0.31
2 32 0.73 0.18
2 33 0.76 0.26
2 34 0.5 0.07
2 35 0.46 0.28
2 36 0.54 0.16
2 37 0.76 0.3
2 38 0.52 0.06
2 39 0.63 0.21
2 40 0.76 0.16
2 41 0.6 0.29
2 42 0.64 0.26
2 43 0.42 0.25
2 44 0.56 0.22
2 45 0.44 0.0
2 46 0.63 0.31
2 47 0.54 0.19
2 48 0.56 0.22
2 49 0.53 0.3
2 50 0.61 0.2
3 4 0.72 0.21
3 5 0.76 0.26
3 6 0.68 0.15
3 7 0.5 0.19
3 8 0.52 0.12
3 9 0.76 0.27
3 10 0.61 0.12
3 11 0.56 0.15
3 12 0.45 0.2
3 13 0.6 0.17
3 14 0.33 0.16
3 15 0.64 0.2
3 16 0.48 0.21
3 17 0.59 0.19
3 18 0.66 0.15
3 19 0.65 0.06
3 20 0.76 0.28
3 21 0.42 0.11
3 22 0.66 0.23
3 23 0.53 0.15
3 24 0.5 0.22
3 25 0.56 0.2
3 26 0.72 0.25
3 27 0.42 0.12
3 28 0.61 0.27
3 29 0.57 0.24
3 30 0.68 0.06
3 31 0.68 0.19
3 32 0.69 0.06
3 33 0.79 0.16
3 34 0.56 0.17
3 35 0.75 0.19
3 36 0.45 0.18
3 37 0.68 0.18
3 38 0.5 0.22
3 39 0.52 0.21
3 40 0.38 0.18
3 41 0.62 0.17
3 42 0.24 0.1
3 43 0.32 0.22
3 44 0.46 0.11
3 45 0.64 0.24
3 46 0.42 0.18
3 47 0.5 0.08
3 48 0.62 0.21
3 49 0.3 0.1
3 50 0.62 0.1
4 5 0.14 0.1
4 6 0.45 0.06
4 7 0.52 0.18
4 8 0.74 0.24
4 9 0.67 0.1
4 10 0.58 0.1
4 11 0.59 0.15
4 12 0.39 0.14
4 13 0.58 0.27
4 14 0.62 0.24
4 15 0.3 0.24
4 16 0.63 0.16
4 17 0.36 0.14
4 18 0.56 0.15
4 19 0.6 0.25
4 20 0.38 0.28
4 21 0.68 0.26
4 22 0.38 0.24
4 23 0.49 0.15
4 24 0.72 0.18
4 25 0.58 0.2
4 26 0.65 0.25
4 27 0.62 0.18
4 28 0.66 0.3
4 29 0.59 0.19
4 30 0.67 0.23
4 31 0.66 0.28
4 32 0.65 0.15
4 33 0.62 0.17
4 34 0.58 0.22
4 35 0.69 0.24
4 36 0.74 0.18
4 37 0.58 0.3
4 38 0.44 0.18
4 39 0.45 0.26
4 40 0.4 0.14
4 41 0.68 0.08
4 42 0.54 0.24
4 43 0.52 0.22
4 44 0.46 0.26
4 45 0.3 0.22
4 46 0.62 0.25
4 47 0.44 0.14
4 48 0.54 0.24
4 49 0.54 0.18
4 50 0.73 0.19
5 6 0.59 0.16
5 7 0.43 0.1
5 8 0.6 0.16
5 9 0.53 0.2
5 10 0.48 0.2
5 11 0.64 0.25
5 12 0.53 0.24
5 13 0.71 0.18
5 14 0.72 0.34
5 15 0.44 0.14
5 16 0.72 0.26
5 17 0.5 0.24
5 18 0.7 0.25
5 19 0.58 0.32
5 20 0.52 0.22
5 21 0.57 0.23
5 22 0.52 0.24
5 23 0.63 0.25
5 24 0.58 0.21
5 25 0.68 0.24
5 26 0.56 0.26
5 27 0.54 0.27
5 28 0.72 0.33
5 29 0.48 0.29
5 30 0.76 0.28
5 31 0.58 0.34
5 32 0.6 0.23
5 33 0.48 0.27
5 34 0.44 0.2
5 35 0.55 0.29
5 36 0.76 0.28
5 37 0.72 0.32
5 38 0.58 0.28
5 39 0.59 0.34
5 40 0.54 0.24
5 41 0.64 0.18
5 42 0.58 0.16
5 43 0.66 0.32
5 44 0.48 0.23
5 45 0.44 0.27
5 46 0.48 0.24
5 47 0.43 0.21
5 48 0.62 0.14
5 49 0.68 0.28
5 50 0.7 0.26
6 7 0.69 0.22
6 8 0.76 0.18
6 9 0.36 0.14
6 10 0.73 0.15
6 11 0.59 0.2
6 12 0.74 0.2
6 13 0.55 0.21
6 14 0.54 0.24
6 15 0.64 0.3
6 16 0.63 0.22
6 17 0.62 0.2
6 18 0.62 0.2
6 19 0.53 0.19
6 20 0.82 0.28
6 21 0.63 0.23
6 22 0.54 0.18
6 23 0.49 0.2
6 24 0.56 0.24
6 25 0.42 0.14
6 26 0.75 0.3
6 27 0.36 0.17
6 28 0.75 0.3
6 29 0.66 0.25
6 30 0.22 0.17
6 31 0.35 0.22
6 32 0.52 0.09
6 33 0.34 0.23
6 34 0.63 0.18
6 35 0.58 0.3
6 36 0.62 0.22
6 37 0.48 0.31
6 38 0.36 0.22
6 39 0.58 0.24
6 40 0.62 0.2
6 41 0.7 0.14
6 42 0.5 0.23
6 43 0.76 0.24
6 44 0.6 0.23
6 45 0.45 0.16
6 46 0.32 0.28
6 47 0.72 0.11
6 48 0.52 0.25
6 49 0.55 0.23
6 50 0.66 0.13
7 8 0.28 0.22
7 9 0.69 0.24
7 10 0.63 0.15
7 11 0.58 0.2
7 12 0.66 0.25
7 13 0.56 0.25
7 14 0.56 0.28
7 15 0.58 0.21
7 16 0.62 0.2
7 17 0.63 0.22
7 18 0.76 0.2
7 19 0.54 0.23
7 20 0.66 0.16
7 21 0.61 0.27
7 22 0.76 0.22
7 23 0.48 0.2
7 24 0.46 0.26
7 25 0.39 0.25
7 26 0.6 0.3
7 27 0.53 0.17
7 28 0.66 0.34
7 29 0.37 0.26
7 30 0.57 0.21
7 31 0.56 0.26
7 32 0.68 0.13
7 33 0.59 0.28
7 34 0.32 0.24
7 35 0.6 0.34
7 36 0.44 0.22
7 37 0.72 0.32
7 38 0.54 0.26
7 39 0.49 0.24
7 40 0.35 0.16
7 41 0.62 0.24
7 42 0.49 0.26
7 43 0.56 0.31
7 44 0.56 0.27
7 45 0.57 0.3
7 46 0.63 0.34
7 47 0.75 0.11
7 48 0.64 0.24
7 49 0.61 0.26
7 50 0.6 0.17
8 9 0.68 0.32
8 10 0.64 0.23
8 11 0.59 0.18
8 12 0.44 0.25
8 13 0.74 0.23
8 14 0.62 0.2
8 15 0.8 0.25
8 16 0.6 0.24
8 17 0.57 0.25
8 18 0.48 0.18
8 19 0.5 0.18
8 20 0.82 0.23
8 21 0.42 0.23
8 22 0.58 0.17
8 23 0.49 0.18
8 24 0.68 0.29
8 25 0.5 0.09
8 26 0.65 0.27
8 27 0.63 0.17
8 28 0.58 0.24
8 29 0.56 0.25
8 30 0.74 0.18
8 31 0.56 0.29
8 32 0.54 0.18
8 33 0.75 0.26
8 34 0.6 0.05
8 35 0.78 0.31
8 36 0.62 0.28
8 37 0.65 0.28
8 38 0.59 0.18
8 39 0.42 0.26
8 40 0.63 0.28
8 41 0.44 0.29
8 42 0.7 0.22
8 43 0.57 0.2
8 44 0.55 0.23
8 45 0.45 0.12
8 46 0.64 0.24
8 47 0.52 0.2
8 48 0.8 0.27
8 49 0.53 0.22
8 50 0.63 0.21
9 10 0.52 0.2
9 11 0.46 0.24
9 12 0.57 0.24
9 13 0.68 0.23
9 14 0.48 0.2
9 15 0.49 0.32
9 16 0.5 0.26
9 17 0.44 0.24
9 18 0.26 0.24
9 19 0.59 0.29
9 20 0.61 0.29
9 21 0.37 0.16
9 22 0.68 0.29
9 23 0.56 0.24
9 24 0.3 0.27
9 25 0.68 0.28
9 26 0.5 0.32
9 27 0.64 0.28
9 28 0.6 0.2
9 29 0.5 0.27
9 30 0.58 0.22
9 31 0.71 0.36
9 32 0.7 0.23
9 33 0.7 0.27
9 34 0.56 0.32
9 35 0.55 0.24
9 36 0.36 0.28
9 37 0.71 0.4
9 38 0.49 0.26
9 39 0.58 0.36
9 40 0.54 0.24
9 41 0.54 0.18
9 42 0.68 0.29
9 43 0.44 0.32
9 44 0.7 0.16
9 45 0.63 0.28
9 46 0.64 0.31
9 47 0.72 0.24
9 48 0.61 0.27
9 49 0.54 0.18
9 50 0.53 0.27
10 11 0.34 0.05
10 12 0.5 0.17
10 13 0.61 0.18
10 14 0.69 0.23
10 15 0.46 0.18
10 16 0.38 0.09
10 17 0.41 0.07
10 18 0.36 0.05
10 19 0.43 0.16
10 20 0.4 0.26
10 21 0.56 0.2
10 22 0.77 0.22
10 23 0.24 0.05
10 24 0.46 0.11
10 25 0.72 0.18
10 26 0.46 0.15
10 27 0.7 0.1
10 28 0.56 0.22
10 29 0.58 0.12
10 30 0.64 0.14
10 31 0.68 0.19
10 32 0.44 0.06
10 33 0.5 0.13
10 34 0.58 0.22
10 35 0.39 0.19
10 36 0.57 0.15
10 37 0.7 0.27
10 38 0.52 0.22
10 39 0.64 0.17
10 40 0.28 0.12
10 41 0.46 0.17
10 42 0.42 0.2
10 43 0.44 0.24
10 44 0.44 0.2
10 45 0.66 0.23
10 46 0.45 0.27
10 47 0.77 0.04
10 48 0.55 0.22
10 49 0.31 0.11
10 50 0.3 0.1
11 12 0.36 0.12
11 13 0.51 0.22
11 14 0.7 0.26
11 15 0.63 0.19
11 16 0.24 0.06
11 17 0.46 0.08
11 18 0.7 0.0
11 19 0.38 0.12
11 20 0.57 0.27
11 21 0.42 0.15
11 22 0.58 0.23
11 23 0.1 0.0
11 24 0.51 0.12
11 25 0.69 0.21
11 26 0.66 0.1
11 27 0.55 0.13
11 28 0.46 0.24
11 29 0.44 0.12
11 30 0.54 0.09
11 31 0.68 0.24
11 32 0.62 0.11
11 33 0.36 0.08
11 34 0.58 0.18
11 35 0.68 0.2
11 36 0.61 0.2
11 37 0.64 0.22
11 38 0.54 0.2
11 39 0.63 0.2
11 40 0.47 0.1
11 41 0.58 0.12
11 42 0.61 0.2
11 43 0.49 0.19
11 44 0.56 0.15
11 45 0.68 0.24
11 46 0.52 0.23
11 47 0.53 0.09
11 48 0.5 0.24
11 49 0.53 0.16
11 50 0.51 0.15
12 13 0.58 0.25
12 14 0.6 0.26
12 15 0.57 0.25
12 16 0.4 0.18
12 17 0.32 0.2
12 18 0.47 0.12
12 19 0.49 0.24
12 20 0.72 0.24
12 21 0.53 0.18
12 22 0.38 0.24
12 23 0.26 0.12
12 24 0.59 0.18
12 25 0.59 0.16
12 26 0.6 0.22
12 27 0.5 0.08
12 28 0.28 0.2
12 29 0.6 0.24
12 30 0.72 0.21
12 31 0.58 0.29
12 32 0.26 0.16
12 33 0.52 0.2
12 34 0.37 0.2
12 35 0.5 0.1
12 36 0.72 0.25
12 37 0.64 0.34
12 38 0.54 0.2
12 39 0.6 0.19
12 40 0.63 0.22
12 41 0.7 0.22
12 42 0.57 0.22
12 43 0.13 0.13
12 44 0.73 0.18
12 45 0.4 0.21
12 46 0.6 0.14
12 47 0.61 0.14
12 48 0.52 0.29
12 49 0.65 0.28
12 50 0.36 0.2
13 14 0.52 0.23
13 15 0.78 0.25
13 16 0.69 0.22
13 17 0.44 0.2
13 18 0.5 0.22
13 19 0.73 0.16
13 20 0.6 0.22
13 21 0.67 0.07
13 22 0.2 0.06
13 23 0.61 0.22
13 24 0.38 0.18
13 25 0.48 0.14
13 26 0.7 0.32
13 27 0.49 0.2
13 28 0.65 0.25
13 29 0.57 0.22
13 30 0.51 0.13
13 31 0.65 0.25
13 32 0.69 0.12
13 33 0.6 0.26
13 34 0.54 0.18
13 35 0.58 0.15
13 36 0.56 0.25
13 37 0.72 0.22
13 38 0.58 0.22
13 39 0.51 0.27
13 40 0.51 0.26
13 41 0.61 0.22
13 42 0.41 0.25
13 43 0.47 0.23
13 44 0.37 0.07
13 45 0.66 0.18
13 46 0.23 0.21
13 47 0.6 0.14
13 48 0.43 0.04
13 49 0.3 0.18
13 50 0.61 0.08
14 15 0.56 0.33
14 16 0.62 0.2
14 17 0.58 0.22
14 18 0.61 0.26
14 19 0.35 0.2
14 20 0.8 0.33
14 21 0.46 0.27
14 22 0.62 0.25
14 23 0.6 0.26
14 24 0.44 0.26
14 25 0.68 0.19
14 26 0.6 0.28
14 27 0.6 0.21
14 28 0.66 0.37
14 29 0.58 0.26
14 30 0.74 0.22
14 31 0.74 0.34
14 32 0.58 0.21
14 33 0.56 0.26
14 34 0.64 0.15
14 35 0.54 0.34
14 36 0.12 0.08
14 37 0.58 0.3
14 38 0.18 0.06
14 39 0.65 0.21
14 40 0.54 0.16
14 41 0.3 0.22
14 42 0.54 0.26
14 43 0.62 0.25
14 44 0.6 0.27
14 45 0.32 0.08
14 46 0.61 0.31
14 47 0.48 0.19
14 48 0.69 0.27
14 49 0.38 0.24
14 50 0.48 0.2
15 16 0.62 0.13
15 17 0.52 0.11
15 18 0.52 0.19
15 19 0.64 0.18
15 20 0.68 0.08
15 21 0.62 0.18
15 22 0.68 0.26
15 23 0.53 0.19
15 24 0.63 0.07
15 25 0.82 0.22
15 26 0.56 0.29
15 27 0.72 0.18
15 28 0.62 0.19
15 29 0.37 0.19
15 30 0.62 0.14
15 31 0.46 0.3
15 32 0.8 0.22
15 33 0.72 0.27
15 34 0.28 0.2
15 35 0.51 0.15
15 36 0.44 0.25
15 37 0.68 0.24
15 38 0.74 0.27
15 39 0.38 0.23
15 40 0.58 0.17
15 41 0.52 0.27
15 42 0.44 0.26
15 43 0.44 0.25
15 44 0.5 0.18
15 45 0.6 0.27
15 46 0.59 0.33
15 47 0.47 0.22
15 48 0.73 0.27
15 49 0.64 0.29
15 50 0.56 0.26
16 17 0.63 0.02
16 18 0.74 0.06
16 19 0.35 0.18
16 20 0.74 0.21
16 21 0.18 0.16
16 22 0.67 0.17
16 23 0.14 0.06
16 24 0.57 0.06
16 25 0.7 0.17
16 26 0.57 0.16
16 27 0.66 0.19
16 28 0.48 0.18
16 29 0.48 0.06
16 30 0.59 0.15
16 31 0.86 0.28
16 32 0.38 0.15
16 33 0.36 0.14
16 34 0.71 0.21
16 35 0.54 0.14
16 36 0.5 0.2
16 37 0.4 0.19
16 38 0.63 0.14
16 39 0.7 0.14
16 40 0.5 0.04
16 41 0.54 0.18
16 42 0.48 0.14
16 43 0.53 0.24
16 44 0.5 0.16
16 45 0.5 0.18
16 46 0.46 0.22
16 47 0.57 0.13
16 48 0.5 0.18
16 49 0.57 0.2
16 50 0.48 0.19
17 18 0.58 0.08
17 19 0.66 0.2
17 20 0.52 0.19
17 21 0.45 0.15
17 22 0.62 0.15
17 23 0.56 0.08
17 24 0.4 0.04
17 25 0.36 0.19
17 26 0.64 0.18
17 27 0.5 0.17
17 28 0.6 0.16
17 29 0.7 0.08
17 30 0.6 0.17
17 31 0.62 0.26
17 32 0.54 0.13
17 33 0.72 0.16
17 34 0.36 0.2
17 35 0.57 0.12
17 36 0.46 0.18
17 37 0.62 0.21
17 38 0.5 0.16
17 39 0.58 0.12
17 40 0.62 0.06
17 41 0.5 0.2
17 42 0.48 0.16
17 43 0.45 0.22
17 44 0.72 0.15
17 45 0.36 0.2
17 46 0.3 0.22
17 47 0.78 0.11
17 48 0.43 0.16
17 49 0.53 0.18
17 50 0.63 0.17
18 19 0.48 0.12
18 20 0.76 0.27
18 21 0.63 0.15
18 22 0.63 0.23
18 23 0.6 0.0
18 24 0.56 0.12
18 25 0.52 0.21
18 26 0.67 0.1
18 27 0.38 0.13
18 28 0.68 0.24
18 29 0.48 0.12
18 30 0.64 0.09
18 31 0.66 0.24
18 32 0.59 0.11
18 33 0.6 0.08
18 34 0.5 0.18
18 35 0.38 0.2
18 36 0.5 0.2
18 37 0.48 0.22
18 38 0.49 0.2
18 39 0.74 0.2
18 40 0.6 0.1
18 41 0.68 0.12
18 42 0.46 0.2
18 43 0.34 0.19
18 44 0.68 0.15
18 45 0.63 0.24
18 46 0.64 0.23
18 47 0.66 0.09
18 48 0.6 0.24
18 49 0.46 0.16
18 50 0.35 0.15
19 20 0.66 0.26
19 21 0.53 0.13
19 22 0.68 0.22
19 23 0.48 0.12
19 24 0.36 0.24
19 25 0.71 0.23
19 26 0.45 0.22
19 27 0.57 0.18
19 28 0.62 0.25
19 29 0.38 0.24
19 30 0.75 0.07
19 31 0.58 0.23
19 32 0.3 0.1
19 33 0.58 0.1
19 34 0.36 0.23
19 35 0.56 0.21
19 36 0.23 0.12
19 37 0.46 0.12
19 38 0.44 0.22
19 39 0.42 0.25
19 40 0.55 0.22
19 41 0.41 0.21
19 42 0.41 0.16
19 43 0.45 0.28
19 44 0.66 0.13
19 45 0.3 0.28
19 46 0.5 0.24
19 47 0.48 0.12
19 48 0.48 0.2
19 49 0.49 0.16
19 50 0.13 0.08
20 21 0.82 0.26
20 22 0.75 0.2
20 23 0.6 0.27
20 24 0.74 0.15
20 25 0.6 0.14
20 26 0.84 0.37
20 27 0.46 0.22
20 28 0.48 0.27
20 29 0.39 0.16
20 30 0.72 0.22
20 31 0.54 0.38
20 32 0.8 0.29
20 33 0.56 0.24
20 34 0.56 0.18
20 35 0.46 0.18
20 36 0.74 0.33
20 37 0.48 0.16
20 38 0.62 0.31
20 39 0.79 0.31
20 40 0.38 0.25
20 41 0.71 0.26
20 42 0.52 0.34
20 43 0.7 0.21
20 44 0.59 0.26
20 45 0.68 0.25
20 46 0.7 0.38
20 47 0.66 0.27
20 48 0.48 0.26
20 49 0.66 0.24
20 50 0.68 0.3
21 22 0.74 0.13
21 23 0.32 0.15
21 24 0.46 0.11
21 25 0.65 0.21
21 26 0.42 0.25
21 27 0.64 0.22
21 28 0.66 0.2
21 29 0.5 0.22
21 30 0.41 0.06
21 31 0.83 0.22
21 32 0.46 0.14
21 33 0.54 0.23
21 34 0.53 0.18
21 35 0.36 0.08
21 36 0.34 0.25
21 37 0.58 0.25
21 38 0.54 0.24
21 39 0.76 0.25
21 40 0.62 0.2
21 41 0.52 0.25
21 42 0.48 0.2
21 43 0.4 0.16
21 44 0.52 0.0
21 45 0.59 0.22
21 46 0.49 0.15
21 47 0.49 0.16
21 48 0.58 0.11
21 49 0.6 0.21
21 50 0.66 0.15
22 23 0.64 0.23
22 24 0.58 0.19
22 25 0.43 0.08
22 26 0.56 0.26
22 27 0.29 0.16
22 28 0.66 0.31
22 29 0.46 0.16
22 30 0.51 0.19
22 31 0.5 0.31
22 32 0.64 0.18
22 33 0.71 0.31
22 34 0.68 0.12
22 35 0.38 0.21
22 36 0.74 0.25
22 37 0.64 0.28
22 38 0.51 0.25
22 39 0.62 0.27
22 40 0.5 0.21
22 41 0.75 0.28
22 42 0.61 0.31
22 43 0.48 0.24
22 44 0.46 0.13
22 45 0.46 0.19
22 46 0.43 0.27
22 47 0.4 0.2
22 48 0.31 0.1
22 49 0.5 0.24
22 50 0.74 0.14
23 24 0.43 0.12
23 25 0.7 0.21
23 26 0.61 0.1
23 27 0.58 0.13
23 28 0.54 0.24
23 29 0.34 0.12
23 30 0.64 0.09
23 31 0.72 0.24
23 32 0.52 0.11
23 33 0.26 0.08
23 34 0.63 0.18
23 35 0.58 0.2
23 36 0.64 0.2
23 37 0.54 0.22
23 38 0.5 0.2
23 39 0.6 0.2
23 40 0.37 0.1
23 41 0.58 0.12
23 42 0.51 0.2
23 43 0.39 0.19
23 44 0.47 0.15
23 45 0.62 0.24
23 46 0.42 0.23
23 47 0.53 0.09
23 48 0.54 0.24
23 49 0.43 0.16
23 50 0.54 0.15
24 25 0.54 0.23
24 26 0.76 0.22
24 27 0.6 0.21
24 28 0.41 0.12
24 29 0.56 0.12
24 30 0.6 0.17
24 31 0.68 0.3
24 32 0.44 0.17
24 33 0.69 0.2
24 34 0.51 0.24
24 35 0.36 0.08
24 36 0.44 0.18
24 37 0.66 0.25
24 38 0.59 0.2
24 39 0.56 0.16
24 40 0.42 0.1
24 41 0.26 0.2
24 42 0.56 0.2
24 43 0.52 0.18
24 44 0.5 0.11
24 45 0.66 0.24
24 46 0.58 0.26
24 47 0.53 0.15
24 48 0.54 0.2
24 49 0.59 0.22
24 50 0.23 0.2
25 26 0.77 0.24
25 27 0.14 0.08
25 28 0.58 0.26
25 29 0.63 0.23
25 30 0.24 0.16
25 31 0.45 0.29
25 32 0.62 0.16
25 33 0.57 0.29
25 34 0.71 0.04
25 35 0.65 0.26
25 36 0.56 0.25
25 37 0.9 0.3
25 38 0.7 0.17
25 39 0.78 0.27
25 40 0.56 0.21
25 41 0.57 0.22
25 42 0.7 0.3
25 43 0.59 0.26
25 44 0.53 0.21
25 45 0.62 0.11
25 46 0.62 0.28
25 47 0.54 0.14
25 48 0.54 0.18
25 49 0.76 0.29
25 50 0.6 0.2
26 27 0.64 0.23
26 28 0.6 0.24
26 29 0.68 0.22
26 30 0.53 0.19
26 31 0.41 0.33
26 32 0.58 0.21
26 33 0.66 0.18
26 34 0.28 0.22
26 35 0.6 0.3
26 36 0.68 0.3
26 37 0.68 0.32
26 38 0.78 0.22
26 39 0.52 0.3
26 40 0.74 0.16
26 41 0.5 0.2
26 42 0.76 0.26
26 43 0.52 0.28
26 44 0.65 0.25
26 45 0.75 0.28
26 46 0.59 0.33
26 47 0.56 0.19
26 48 0.38 0.3
26 49 0.68 0.17
26 50 0.56 0.25
27 28 0.52 0.18
27 29 0.6 0.22
27 30 0.26 0.16
27 31 0.54 0.21
27 32 0.52 0.08
27 33 0.46 0.21
27 34 0.69 0.12
27 35 0.67 0.18
27 36 0.68 0.17
27 37 0.83 0.26
27 38 0.56 0.19
27 39 0.8 0.19
27 40 0.42 0.22
27 41 0.68 0.19
27 42 0.56 0.22
27 43 0.45 0.21
27 44 0.67 0.22
27 45 0.48 0.13
27 46 0.54 0.22
27 47 0.46 0.06
27 48 0.56 0.24
27 49 0.62 0.21
27 50 0.46 0.12
28 29 0.72 0.24
28 30 0.64 0.26
28 31 0.86 0.34
28 32 0.43 0.21
28 33 0.41 0.27
28 34 0.65 0.29
28 35 0.62 0.2
28 36 0.62 0.3
28 37 0.73 0.37
28 38 0.58 0.31
28 39 0.32 0.16
28 40 0.51 0.22
28 41 0.44 0.32
28 42 0.37 0.32
28 43 0.41 0.29
28 44 0.78 0.2
28 45 0.68 0.31
28 46 0.54 0.26
28 47 0.53 0.23
28 48 0.76 0.29
28 49 0.76 0.26
28 50 0.64 0.17
29 30 0.64 0.21
29 31 0.65 0.31
29 32 0.53 0.18
29 33 0.46 0.2
29 34 0.53 0.2
29 35 0.57 0.2
29 36 0.46 0.26
29 37 0.78 0.25
29 38 0.58 0.2
29 39 0.4 0.2
29 40 0.71 0.1
29 41 0.43 0.24
29 42 0.58 0.2
29 43 0.5 0.3
29 44 0.76 0.22
29 45 0.68 0.24
29 46 0.4 0.28
29 47 0.38 0.16
29 48 0.54 0.24
29 49 0.27 0.22
29 50 0.51 0.22
30 31 0.56 0.16
30 32 0.46 0.08
30 33 0.56 0.17
30 34 0.6 0.2
30 35 0.52 0.14
30 36 0.75 0.19
30 37 0.7 0.19
30 38 0.56 0.18
30 39 0.54 0.23
30 40 0.68 0.19
30 41 0.62 0.19
30 42 0.58 0.16
30 43 0.69 0.22
30 44 0.54 0.06
30 45 0.67 0.24
30 46 0.54 0.21
30 47 0.7 0.1
30 48 0.3 0.17
30 49 0.74 0.16
30 50 0.7 0.12
31 32 0.65 0.13
31 33 0.52 0.32
31 34 0.58 0.33
31 35 0.78 0.3
31 36 0.62 0.26
31 37 0.62 0.35
31 38 0.71 0.31
31 39 0.59 0.28
31 40 0.69 0.31
31 41 0.44 0.24
31 42 0.6 0.27
31 43 0.71 0.35
31 44 0.76 0.22
31 45 0.8 0.31
31 46 0.42 0.2
31 47 0.48 0.15
31 48 0.66 0.26
31 49 0.38 0.24
31 50 0.71 0.17
32 33 0.42 0.19
32 34 0.52 0.2
32 35 0.48 0.22
32 36 0.46 0.13
32 37 0.76 0.22
32 38 0.44 0.18
32 39 0.64 0.15
32 40 0.62 0.18
32 41 0.44 0.11
32 42 0.48 0.14
32 43 0.38 0.22
32 44 0.84 0.14
32 45 0.58 0.18
32 46 0.47 0.22
32 47 0.53 0.02
32 48 0.7 0.16
32 49 0.52 0.14
32 50 0.24 0.04
33 34 0.56 0.26
33 35 0.54 0.28
33 36 0.44 0.22
33 37 0.44 0.22
33 38 0.5 0.2
33 39 0.34 0.28
33 40 0.63 0.18
33 41 0.62 0.2
33 42 0.56 0.14
33 43 0.6 0.27
33 44 0.6 0.23
33 45 0.36 0.26
33 46 0.62 0.22
33 47 0.6 0.17
33 48 0.54 0.3
33 49 0.69 0.24
33 50 0.54 0.18
34 35 0.52 0.26
34 36 0.54 0.23
34 37 0.4 0.28
34 38 0.53 0.13
34 39 0.55 0.28
34 40 0.63 0.23
34 41 0.36 0.26
34 42 0.49 0.27
34 43 0.24 0.22
34 44 0.62 0.18
34 45 0.66 0.07
34 46 0.31 0.28
34 47 0.64 0.18
34 48 0.49 0.22
34 49 0.54 0.26
34 50 0.28 0.16
35 36 0.42 0.26
35 37 0.7 0.24
35 38 0.64 0.28
35 39 0.57 0.24
35 40 0.52 0.18
35 41 0.6 0.28
35 42 0.51 0.28
35 43 0.63 0.23
35 44 0.37 0.08
35 45 0.51 0.28
35 46 0.46 0.23
35 47 0.47 0.23
35 48 0.22 0.19
35 49 0.68 0.29
35 50 0.47 0.23
36 37 0.69 0.24
36 38 0.3 0.14
36 39 0.53 0.24
36 40 0.58 0.24
36 41 0.18 0.14
36 42 0.44 0.26
36 43 0.68 0.2
36 44 0.6 0.25
36 45 0.44 0.16
36 46 0.49 0.34
36 47 0.36 0.11
36 48 0.62 0.22
36 49 0.26 0.22
36 50 0.36 0.17
37 38 0.4 0.24
37 39 0.55 0.33
37 40 0.58 0.23
37 41 0.6 0.33
37 42 0.72 0.28
37 43 0.61 0.37
37 44 0.58 0.25
37 45 0.54 0.3
37 46 0.71 0.36
37 47 0.68 0.24
37 48 0.78 0.18
37 49 0.51 0.28
37 50 0.59 0.2
38 39 0.66 0.15
38 40 0.36 0.1
38 41 0.41 0.26
38 42 0.5 0.2
38 43 0.62 0.19
38 44 0.5 0.24
38 45 0.14 0.06
38 46 0.59 0.25
38 47 0.56 0.2
38 48 0.66 0.26
38 49 0.36 0.24
38 50 0.36 0.14
39 40 0.42 0.18
39 41 0.35 0.21
39 42 0.28 0.18
39 43 0.54 0.24
39 44 0.62 0.25
39 45 0.61 0.21
39 46 0.28 0.1
39 47 0.38 0.13
39 48 0.52 0.28
39 49 0.51 0.28
39 50 0.55 0.19
40 41 0.6 0.22
40 42 0.14 0.1
40 43 0.58 0.25
40 44 0.6 0.2
40 45 0.5 0.16
40 46 0.32 0.18
40 47 0.54 0.16
40 48 0.56 0.22
40 49 0.55 0.23
40 50 0.52 0.22
41 42 0.54 0.25
41 43 0.6 0.3
41 44 0.76 0.25
41 45 0.55 0.29
41 46 0.38 0.26
41 47 0.5 0.13
41 48 0.44 0.26
41 49 0.33 0.1
41 50 0.49 0.15
42 43 0.44 0.32
42 44 0.7 0.2
42 45 0.48 0.26
42 46 0.18 0.08
42 47 0.4 0.16
42 48 0.42 0.29
42 49 0.41 0.2
42 50 0.38 0.18
43 44 0.74 0.16
43 45 0.53 0.25
43 46 0.55 0.27
43 47 0.48 0.2
43 48 0.51 0.27
43 49 0.57 0.25
43 50 0.49 0.26
44 45 0.36 0.22
44 46 0.6 0.15
44 47 0.4 0.16
44 48 0.59 0.11
44 49 0.58 0.21
44 50 0.73 0.15
45 46 0.66 0.31
45 47 0.42 0.19
45 48 0.73 0.22
45 49 0.5 0.3
45 50 0.43 0.2
46 47 0.58 0.23
46 48 0.24 0.23
46 49 0.23 0.22
46 50 0.56 0.26
47 48 0.52 0.18
47 49 0.62 0.15
47 50 0.61 0.06
48 49 0.47 0.22
48 50 0.58 0.12
49 50 0.61 0.1
node_demand
0.175
0.15
0.225
0.075
0.175
0.175
0.175
0.175
0.05
0.075
0.175
0.2
0.125
0.225
0.175
0.025
0.175
0.175
0.175
0.175
0.175
0.15
0.225
0.075
0.125
0.1
0.2
0.225
0.05
0.025
0.2
0.2
0.125
0.025
0.075
0.075
0.175
0.05
0.175
0.125
0.15
0.075
0.125
0.125
0.175
0.225
0.175
0.175
0.15
0.05
