50
0 1 0.31 0.24
0 2 0.67 0.26
0 3 0.27 0.04
0 4 0.91 0.12
0 5 0.73 0.35
0 6 0.66 0.26
0 7 0.7 0.26
0 8 0.58 0.21
0 9 0.48 0.22
0 10 0.66 0.28
0 11 0.44 0.27
0 12 0.52 0.12
0 13 0.4 0.16
0 14 0.64 0.26
0 15 0.44 0.32
0 16 0.75 0.26
0 17 0.52 0.27
0 18 0.58 0.27
0 19 0.8 0.14
0 20 0.59 0.15
0 21 0.8 0.24
0 22 0.3 0.16
0 23 0.69 0.2
0 24 0.47 0.29
0 25 0.58 0.27
0 26 0.67 0.17
0 27 0.54 0.29
0 28 0.5 0.14
0 29 0.73 0.2
0 30 0.54 0.28
0 31 0.47 0.17
0 32 0.55 0.26
0 33 0.77 0.17
0 34 0.68 0.28
0 35 0.59 0.28
0 36 0.49 0.24
0 37 0.52 0.23
0 38 0.75 0.3
0 39 0.52 0.2
0 40 0.3 0.1
0 41 0.62 0.27
0 42 0.67 0.18
0 43 0.78 0.29
0 44 0.45 0.2
0 45 0.7 0.18
0 46 0.72 0.27
0 47 0.73 0.17
0 48 0.5 0.26
0 49 0.52 0.2
0 50 0.62 0.26
1 2 0.5 0.14
1 3 0.58 0.24
1 4 0.61 0.26
1 5 0.48 0.3
1 6 0.58 0.17
1 7 0.74 0.21
1 8 0.27 0.2
1 9 0.76 0.18
1 10 0.53 0.1
1 11 0.6 0.14
1 12 0.52 0.31
1 13 0.44 0.23
1 14 0.5 0.22
1 15 0.74 0.19
1 16 0.57 0.16
1 17 0.55 0.26
1 18 0.52 0.24
1 19 0.56 0.17
1 20 0.4 0.21
1 21 0.73 0.2
1 22 0.45 0.16
1 23 0.47 0.17
1 24 0.48 0.26
1 25 0.57 0.22
1 26 0.48 0.28
1 27 0.74 0.2
1 28 0.78 0.14
1 29 0.52 0.19
1 30 0.79 0.24
1 31 0.64 0.17
1 32 0.5 0.22
1 33 0.6 0.26
1 34 0.68 0.16
1 35 0.28 0.12
1 36 0.65 0.18
1 37 0.48 0.23
1 38 0.58 0.09
1 39 0.68 0.22
1 40 0.61 0.29
1 41 0.52 0.08
1 42 0.6 0.24
1 43 0.6 0.16
1 44 0.42 0.19
1 45 0.64 0.22
1 46 0.52 0.27
1 47 0.75 0.22
1 48 0.36 0.02
1 49 0.67 0.19
1 50 0.84 0.1
2 3 0.4 0.26
2 4 0.36 0.18
2 5 0.36 0.24
2 6 0.47 0.19
2 7 0.52 0.19
2 8 0.3 0.18
2 9 0.74 0.04
2 10 0.52 0.24
2 11 0.31 0.12
2 12 0.65 0.22
2 13 0.5 0.14
2 14 0.58 0.16
2 15 0.72 0.24
2 16 0.54 0.13
2 17 0.67 0.16
2 18 0.65 0.24
2 19 0.54 0.2
2 20 0.32 0.2
2 21 0.64 0.06
2 22 0.74 0.21
2 23 0.46 0.24
2 24 0.6 0.22
2 25 0.51 0.2
2 26 0.44 0.29
2 27 0.46 0.22
2 28 0.56 0.23
2 29 0.2 0.1
2 30 0.57 0.23
2 31 0.66 0.2
2 32 0.49 0.22
2 33 0.73 0.18
2 34 0.6 0.02
2 35 0.74 0.21
2 36 0.26 0.16
2 37 0.51 0.09
2 38 0.62 0.2
2 39 0.73 0.15
2 40 0.69 0.22
2 41 0.2 0.06
2 42 0.5 0.24
2 43 0.7 0.22
2 44 0.46 0.16
2 45 0.45 0.17
2 46 0.68 0.23
2 47 0.46 0.21
2 48 0.48 0.16
2 49 0.7 0.16
2 50 0.6 0.19
3 4 0.66 0.16
3 5 0.63 0.31
3 6 0.47 0.22
3 7 0.68 0.22
3 8 0.7 0.22
3 9 0.34 0.22
3 10 0.48 0.3
3 11 0.58 0.23
3 12 0.25 0.08
3 13 0.57 0.12
3 14 0.9 0.27
3 15 0.71 0.28
3 16 0.54 0.22
3 17 0.62 0.28
3 18 0.65 0.25
3 19 0.56 0.18
3 20 0.68 0.19
3 21 0.65 0.28
3 22 0.57 0.12
3 23 0.71 0.24
3 24 0.72 0.25
3 25 0.73 0.28
3 26 0.4 0.13
3 27 0.58 0.25
3 28 0.54 0.1
3 29 0.46 0.16
3 30 0.4 0.24
3 31 0.54 0.13
3 32 0.64 0.3
3 33 0.57 0.16
3 34 0.55 0.28
3 35 0.5 0.24
3 36 0.58 0.27
3 37 0.71 0.24
3 38 0.67 0.26
3 39 0.64 0.18
3 40 0.57 0.14
3 41 0.6 0.23
3 42 0.73 0.22
3 43 0.57 0.25
3 44 0.68 0.16
3 45 0.5 0.14
3 46 0.45 0.23
3 47 0.46 0.18
3 48 0.64 0.22
3 49 0.72 0.16
3 50 0.56 0.26
4 5 0.7 0.28
4 6 0.46 0.25
4 7 0.7 0.15
4 8 0.48 0.23
4 9 0.77 0.22
4 10 0.55 0.16
4 11 0.67 0.3
4 12 0.6 0.24
4 13 0.65 0.22
4 14 0.42 0.19
4 15 0.58 0.2
4 16 0.86 0.21
4 17 0.59 0.3
4 18 0.76 0.29
4 19 0.64 0.26
4 20 0.52 0.27
4 21 0.68 0.12
4 22 0.76 0.17
4 23 0.54 0.24
4 24 0.69 0.2
4 25 0.64 0.2
4 26 0.72 0.29
4 27 0.8 0.28
4 28 0.44 0.19
4 29 0.52 0.26
4 30 0.67 0.31
4 31 0.71 0.16
4 32 0.45 0.18
4 33 0.57 0.29
4 34 0.7 0.16
4 35 0.76 0.16
4 36 0.62 0.3
4 37 0.68 0.22
4 38 0.54 0.28
4 39 0.58 0.23
4 40 0.72 0.22
4 41 0.56 0.24
4 42 0.57 0.3
4 43 0.69 0.23
4 44 0.57 0.22
4 45 0.65 0.06
4 46 0.79 0.24
4 47 0.8 0.24
4 48 0.72 0.24
4 49 0.39 0.22
4 50 0.85 0.18
5 6 0.56 0.25
5 7 0.76 0.22
5 8 0.66 0.33
5 9 0.6 0.27
5 10 0.7 0.33
5 11 0.48 0.28
5 12 0.38 0.32
5 13 0.78 0.24
5 14 0.56 0.29
5 15 0.54 0.21
5 16 0.42 0.28
5 17 0.52 0.08
5 18 0.46 0.31
5 19 0.56 0.29
5 20 0.59 0.2
5 21 0.59 0.26
5 22 0.62 0.19
5 23 0.54 0.29
5 24 0.74 0.24
5 25 0.15 0.08
5 26 0.63 0.34
5 27 0.65 0.26
5 28 0.37 0.21
5 29 0.44 0.28
5 30 0.42 0.24
5 31 0.68 0.18
5 32 0.53 0.1
5 33 0.7 0.38
5 34 0.24 0.22
5 35 0.44 0.28
5 36 0.53 0.24
5 37 0.31 0.17
5 38 0.44 0.33
5 39 0.58 0.23
5 40 0.49 0.25
5 41 0.56 0.22
5 42 0.53 0.22
5 43 0.6 0.24
5 44 0.52 0.22
5 45 0.58 0.28
5 46 0.56 0.2
5 47 0.4 0.29
5 48 0.69 0.3
5 49 0.66 0.22
5 50 0.58 0.3
6 7 0.58 0.18
6 8 0.6 0.15
6 9 0.54 0.23
6 10 0.59 0.09
6 11 0.37 0.2
6 12 0.22 0.14
6 13 0.66 0.22
6 14 0.48 0.26
6 15 0.38 0.22
6 16 0.74 0.22
6 17 0.36 0.21
6 18 0.3 0.1
6 19 0.52 0.2
6 20 0.71 0.28
6 21 0.58 0.2
6 22 0.7 0.22
6 23 0.44 0.14
6 24 0.62 0.09
6 25 0.59 0.25
6 26 0.5 0.26
6 27 0.53 0.03
6 28 0.62 0.24
6 29 0.59 0.18
6 30 0.51 0.28
6 31 0.46 0.23
6 32 0.76 0.27
6 33 0.54 0.22
6 34 0.57 0.21
6 35 0.3 0.2
6 36 0.32 0.24
6 37 0.55 0.1
6 38 0.34 0.08
6 39 0.6 0.16
6 40 0.36 0.22
6 41 0.27 0.15
6 42 0.5 0.17
6 43 0.5 0.22
6 44 0.62 0.19
6 45 0.69 0.23
6 46 0.64 0.13
6 47 0.71 0.19
6 48 0.45 0.17
6 49 0.69 0.19
6 50 0.66 0.22
7 8 0.68 0.13
7 9 0.58 0.15
7 10 0.4 0.11
7 11 0.57 0.23
7 12 0.59 0.24
7 13 0.42 0.16
7 14 0.62 0.22
7 15 0.58 0.22
7 16 0.52 0.06
7 17 0.78 0.3
7 18 0.73 0.19
7 19 0.46 0.24
7 20 0.7 0.22
7 21 0.66 0.25
7 22 0.82 0.2
7 23 0.39 0.24
7 24 0.76 0.18
7 25 0.7 0.26
7 26 0.34 0.2
7 27 0.5 0.21
7 28 0.68 0.22
7 29 0.32 0.12
7 30 0.51 0.26
7 31 0.54 0.19
7 32 0.74 0.28
7 33 0.68 0.3
7 34 0.52 0.21
7 35 0.63 0.14
7 36 0.52 0.27
7 37 0.76 0.27
7 38 0.77 0.22
7 39 0.43 0.23
7 40 0.52 0.18
7 41 0.6 0.14
7 42 0.62 0.31
7 43 0.73 0.25
7 44 0.71 0.12
7 45 0.36 0.09
7 46 0.5 0.14
7 47 0.74 0.17
7 48 0.52 0.19
7 49 0.54 0.12
7 50 0.56 0.12
8 9 0.7 0.16
8 10 0.52 0.24
8 11 0.51 0.24
8 12 0.53 0.24
8 13 0.41 0.16
8 14 0.57 0.18
8 15 0.8 0.15
8 16 0.44 0.07
8 17 0.57 0.28
8 18 0.47 0.06
8 19 0.62 0.16
8 20 0.62 0.21
8 21 0.46 0.23
8 22 0.54 0.16
8 23 0.66 0.11
8 24 0.75 0.23
8 25 0.72 0.26
8 26 0.34 0.23
8 27 0.74 0.12
8 28 0.62 0.18
8 29 0.47 0.2
8 30 0.75 0.2
8 31 0.61 0.17
8 32 0.48 0.28
8 33 0.56 0.26
8 34 0.79 0.2
8 35 0.55 0.15
8 36 0.46 0.21
8 37 0.37 0.16
8 38 0.6 0.21
8 39 0.59 0.1
8 40 0.52 0.11
8 41 0.5 0.12
8 42 0.41 0.18
8 43 0.67 0.12
8 44 0.69 0.12
8 45 0.59 0.22
8 46 0.38 0.19
8 47 0.48 0.04
8 48 0.35 0.2
8 49 0.4 0.12
8 50 0.6 0.13
9 10 0.8 0.22
9 11 0.67 0.08
9 12 0.46 0.18
9 13 0.5 0.1
9 14 0.7 0.2
9 15 0.68 0.25
9 16 0.44 0.09
9 17 0.64 0.2
9 18 0.62 0.22
9 19 0.68 0.22
9 20 0.79 0.16
9 21 0.84 0.1
9 22 0.6 0.17
9 23 0.6 0.22
9 24 0.71 0.26
9 25 0.72 0.19
9 26 0.58 0.25
9 27 0.76 0.26
9 28 0.61 0.19
9 29 0.54 0.06
9 30 0.71 0.27
9 31 0.3 0.16
9 32 0.91 0.21
9 33 0.64 0.22
9 34 0.36 0.06
9 35 0.74 0.17
9 36 0.62 0.12
9 37 0.56 0.13
9 38 0.43 0.16
9 39 0.78 0.19
9 40 0.71 0.26
9 41 0.62 0.1
9 42 0.76 0.28
9 43 0.42 0.26
9 44 0.76 0.14
9 45 0.53 0.21
9 46 0.72 0.23
9 47 0.8 0.2
9 48 0.68 0.2
9 49 0.38 0.14
9 50 0.78 0.15
10 11 0.22 0.14
10 12 0.62 0.23
10 13 0.69 0.27
10 14 0.59 0.27
10 15 0.37 0.25
10 16 0.6 0.17
10 17 0.38 0.3
10 18 0.44 0.19
10 19 0.56 0.15
10 20 0.73 0.31
10 21 0.55 0.28
10 22 0.68 0.22
10 23 0.47 0.21
10 24 0.74 0.18
10 25 0.75 0.3
10 26 0.45 0.31
10 27 0.48 0.12
10 28 0.38 0.2
10 29 0.68 0.23
10 30 0.7 0.3
10 31 0.58 0.23
10 32 0.51 0.28
10 33 0.47 0.31
10 34 0.56 0.26
10 35 0.74 0.18
10 36 0.27 0.18
10 37 0.48 0.19
10 38 0.42 0.17
10 39 0.59 0.21
10 40 0.41 0.29
10 41 0.34 0.18
10 42 0.38 0.26
10 43 0.64 0.22
10 44 0.56 0.23
10 45 0.6 0.2
10 46 0.48 0.22
10 47 0.53 0.27
10 48 0.17 0.08
10 49 0.46 0.23
10 50 0.41 0.16
11 12 0.53 0.24
11 13 0.47 0.16
11 14 0.37 0.15
11 15 0.51 0.18
11 16 0.53 0.17
11 17 0.6 0.2
11 18 0.44 0.21
11 19 0.66 0.14
11 20 0.6 0.24
11 21 0.43 0.18
11 22 0.59 0.23
11 23 0.25 0.14
11 24 0.65 0.22
11 25 0.63 0.24
11 26 0.23 0.2
11 27 0.52 0.23
11 28 0.54 0.24
11 29 0.51 0.14
11 30 0.54 0.2
11 31 0.45 0.22
11 32 0.63 0.22
11 33 0.59 0.3
11 34 0.64 0.14
11 35 0.57 0.22
11 36 0.05 0.04
11 37 0.47 0.21
11 38 0.41 0.23
11 39 0.52 0.17
11 40 0.38 0.28
11 41 0.45 0.18
11 42 0.53 0.21
11 43 0.51 0.21
11 44 0.59 0.12
11 45 0.54 0.28
11 46 0.57 0.26
11 47 0.57 0.21
11 48 0.39 0.12
11 49 0.51 0.12
11 50 0.63 0.2
12 13 0.46 0.08
12 14 0.7 0.32
12 15 0.6 0.29
12 16 0.52 0.18
12 17 0.58 0.31
12 18 0.46 0.21
12 19 0.62 0.26
12 20 0.54 0.22
12 21 0.4 0.23
12 22 0.56 0.15
12 23 0.46 0.28
12 24 0.59 0.23
12 25 0.48 0.26
12 26 0.65 0.21
12 27 0.75 0.17
12 28 0.61 0.17
12 29 0.71 0.12
12 30 0.6 0.26
12 31 0.37 0.14
12 32 0.69 0.28
12 33 0.32 0.08
12 34 0.42 0.24
12 35 0.44 0.25
12 36 0.54 0.28
12 37 0.68 0.24
12 38 0.56 0.22
12 39 0.76 0.21
12 40 0.52 0.22
12 41 0.49 0.28
12 42 0.58 0.3
12 43 0.38 0.26
12 44 0.79 0.12
12 45 0.6 0.22
12 46 0.55 0.19
12 47 0.71 0.26
12 48 0.62 0.29
12 49 0.48 0.12
12 50 0.71 0.24
13 14 0.66 0.24
13 15 0.71 0.21
13 16 0.65 0.1
13 17 0.47 0.23
13 18 0.5 0.13
13 19 0.66 0.19
13 20 0.72 0.14
13 21 0.75 0.2
13 22 0.51 0.07
13 23 0.43 0.25
13 24 0.42 0.18
13 25 0.68 0.18
13 26 0.6 0.25
13 27 0.48 0.25
13 28 0.5 0.09
13 29 0.36 0.04
13 30 0.71 0.18
13 31 0.2 0.06
13 32 0.72 0.2
13 33 0.54 0.16
13 34 0.74 0.16
13 35 0.58 0.17
13 36 0.42 0.2
13 37 0.47 0.19
13 38 0.54 0.14
13 39 0.61 0.13
13 40 0.7 0.2
13 41 0.6 0.2
13 42 0.62 0.28
13 43 0.7 0.18
13 44 0.63 0.04
13 45 0.34 0.16
13 46 0.73 0.16
13 47 0.68 0.19
13 48 0.61 0.21
13 49 0.52 0.04
13 50 0.86 0.16
14 15 0.5 0.09
14 16 0.48 0.25
14 17 0.54 0.22
14 18 0.7 0.18
14 19 0.4 0.12
14 20 0.6 0.28
14 21 0.35 0.1
14 22 0.46 0.19
14 23 0.52 0.18
14 24 0.6 0.27
14 25 0.71 0.21
14 26 0.5 0.27
14 27 0.66 0.26
14 28 0.64 0.21
14 29 0.58 0.26
14 30 0.56 0.14
14 31 0.72 0.18
14 32 0.55 0.23
14 33 0.62 0.28
14 34 0.72 0.14
14 35 0.54 0.23
14 36 0.32 0.11
14 37 0.6 0.2
14 38 0.68 0.31
14 39 0.79 0.18
14 40 0.7 0.29
14 41 0.7 0.22
14 42 0.61 0.25
14 43 0.58 0.06
14 44 0.62 0.2
14 45 0.8 0.13
14 46 0.48 0.28
14 47 0.84 0.22
14 48 0.62 0.2
14 49 0.5 0.2
14 50 0.54 0.24
15 16 0.56 0.16
15 17 0.68 0.13
15 18 0.54 0.15
15 19 0.46 0.18
15 20 0.68 0.25
15 21 0.68 0.19
15 22 0.74 0.16
15 23 0.29 0.12
15 24 0.55 0.29
15 25 0.52 0.29
15 26 0.64 0.3
15 27 0.81 0.23
15 28 0.75 0.18
15 29 0.57 0.25
15 30 0.5 0.11
15 31 0.56 0.15
15 32 0.66 0.31
15 33 0.38 0.25
15 34 0.48 0.22
15 35 0.49 0.14
15 36 0.46 0.14
15 37 0.64 0.24
15 38 0.66 0.26
15 39 0.49 0.2
15 40 0.72 0.26
15 41 0.6 0.24
15 42 0.57 0.19
15 43 0.55 0.03
15 44 0.48 0.22
15 45 0.74 0.18
15 46 0.74 0.25
15 47 0.54 0.19
15 48 0.54 0.17
15 49 0.62 0.22
15 50 0.78 0.16
16 17 0.75 0.29
16 18 0.56 0.13
16 19 0.58 0.18
16 20 0.4 0.24
16 21 0.61 0.19
16 22 0.76 0.17
16 23 0.68 0.18
16 24 0.74 0.18
16 25 0.49 0.2
16 26 0.44 0.2
16 27 0.72 0.19
16 28 0.72 0.19
16 29 0.74 0.14
16 30 0.52 0.2
16 31 0.74 0.16
16 32 0.52 0.22
16 33 0.5 0.24
16 34 0.56 0.15
16 35 0.48 0.08
16 36 0.48 0.21
16 37 0.4 0.21
16 38 0.74 0.2
16 39 0.44 0.17
16 40 0.67 0.18
16 41 0.59 0.19
16 42 0.79 0.25
16 43 0.38 0.19
16 44 0.42 0.06
16 45 0.72 0.15
16 46 0.58 0.2
16 47 0.82 0.11
16 48 0.72 0.14
16 49 0.51 0.06
16 50 0.54 0.06
17 18 0.57 0.28
17 19 0.6 0.26
17 20 0.35 0.12
17 21 0.4 0.18
17 22 0.62 0.16
17 23 0.56 0.25
17 24 0.52 0.29
17 25 0.55 0.16
17 26 0.64 0.32
17 27 0.58 0.18
17 28 0.76 0.18
17 29 0.54 0.22
17 30 0.66 0.24
17 31 0.5 0.17
17 32 0.56 0.18
17 33 0.75 0.3
17 34 0.28 0.14
17 35 0.6 0.27
17 36 0.58 0.16
17 37 0.54 0.25
17 38 0.5 0.29
17 39 0.44 0.22
17 40 0.66 0.33
17 41 0.48 0.22
17 42 0.64 0.3
17 43 0.37 0.16
17 44 0.77 0.27
17 45 0.42 0.24
17 46 0.7 0.27
17 47 0.8 0.28
17 48 0.55 0.28
17 49 0.44 0.27
17 50 0.7 0.29
18 19 0.52 0.22
18 20 0.66 0.27
18 21 0.51 0.28
18 22 0.52 0.2
18 23 0.59 0.17
18 24 0.32 0.18
18 25 0.61 0.23
18 26 0.53 0.29
18 27 0.46 0.13
18 28 0.8 0.22
18 29 0.5 0.17
18 30 0.49 0.2
18 31 0.63 0.19
18 32 0.74 0.25
18 33 0.58 0.27
18 34 0.32 0.26
18 35 0.52 0.21
18 36 0.39 0.25
18 37 0.58 0.2
18 38 0.28 0.15
18 39 0.3 0.16
18 40 0.28 0.17
18 41 0.57 0.18
18 42 0.68 0.24
18 43 0.2 0.12
18 44 0.48 0.09
18 45 0.72 0.25
18 46 0.58 0.22
18 47 0.7 0.1
18 48 0.53 0.26
18 49 0.55 0.09
18 50 0.72 0.19
19 20 0.69 0.29
19 21 0.5 0.22
19 22 0.7 0.12
19 23 0.67 0.06
19 24 0.83 0.25
19 25 0.57 0.28
19 26 0.69 0.26
19 27 0.8 0.23
19 28 0.76 0.14
19 29 0.71 0.23
19 30 0.3 0.17
19 31 0.46 0.13
19 32 0.56 0.3
19 33 0.66 0.31
19 34 0.32 0.22
19 35 0.62 0.14
19 36 0.63 0.1
19 37 0.66 0.12
19 38 0.8 0.26
19 39 0.6 0.06
19 40 0.71 0.19
19 41 0.74 0.14
19 42 0.77 0.13
19 43 0.54 0.18
19 44 0.66 0.23
19 45 0.4 0.23
19 46 0.84 0.23
19 47 0.45 0.12
19 48 0.55 0.15
19 49 0.38 0.23
19 50 0.4 0.12
20 21 0.75 0.26
20 22 0.5 0.21
20 23 0.52 0.32
20 24 0.44 0.3
20 25 0.6 0.28
20 26 0.73 0.32
20 27 0.48 0.3
20 28 0.83 0.23
20 29 0.52 0.1
20 30 0.39 0.14
20 31 0.52 0.2
20 32 0.63 0.3
20 33 0.58 0.3
20 34 0.43 0.22
20 35 0.68 0.24
20 36 0.55 0.26
20 37 0.56 0.29
20 38 0.44 0.2
20 39 0.52 0.26
20 40 0.63 0.25
20 41 0.52 0.26
20 42 0.8 0.33
20 43 0.5 0.22
20 44 0.54 0.18
20 45 0.48 0.21
20 46 0.74 0.3
20 47 0.78 0.25
20 48 0.69 0.23
20 49 0.79 0.18
20 50 0.52 0.22
21 22 0.65 0.22
21 23 0.58 0.25
21 24 0.8 0.28
21 25 0.5 0.26
21 26 0.56 0.34
21 27 0.7 0.23
21 28 0.4 0.24
21 29 0.62 0.16
21 30 0.66 0.24
21 31 0.65 0.23
21 32 0.46 0.28
21 33 0.64 0.2
21 34 0.68 0.04
21 35 0.7 0.27
21 36 0.38 0.21
21 37 0.28 0.1
21 38 0.63 0.26
21 39 0.81 0.16
21 40 0.57 0.23
21 41 0.44 0.12
21 42 0.84 0.18
21 43 0.66 0.16
21 44 0.59 0.22
21 45 0.6 0.18
21 46 0.54 0.24
21 47 0.88 0.22
21 48 0.38 0.22
21 49 0.51 0.22
21 50 0.64 0.25
22 23 0.65 0.18
22 24 0.33 0.13
22 25 0.66 0.2
22 26 0.58 0.25
22 27 0.32 0.2
22 28 0.78 0.02
22 29 0.67 0.11
22 30 0.46 0.21
22 31 0.48 0.01
22 32 0.6 0.22
22 33 0.52 0.23
22 34 0.38 0.23
22 35 0.73 0.21
22 36 0.54 0.19
22 37 0.82 0.12
22 38 0.8 0.21
22 39 0.69 0.06
22 40 0.34 0.19
22 41 0.58 0.24
22 42 0.37 0.25
22 43 0.72 0.13
22 44 0.64 0.11
22 45 0.71 0.11
22 46 0.82 0.11
22 47 0.69 0.12
22 48 0.61 0.14
22 49 0.67 0.11
22 50 0.7 0.2
23 24 0.78 0.23
23 25 0.6 0.31
23 26 0.38 0.26
23 27 0.52 0.17
23 28 0.54 0.2
23 29 0.58 0.26
23 30 0.5 0.21
23 31 0.44 0.19
23 32 0.48 0.33
23 33 0.66 0.34
23 34 0.4 0.22
23 35 0.72 0.19
23 36 0.2 0.1
23 37 0.62 0.18
23 38 0.52 0.22
23 39 0.58 0.12
23 40 0.54 0.14
23 41 0.44 0.2
23 42 0.28 0.07
23 43 0.42 0.15
23 44 0.74 0.23
23 45 0.46 0.18
23 46 0.59 0.27
23 47 0.39 0.07
23 48 0.64 0.15
23 49 0.48 0.23
23 50 0.78 0.18
24 25 0.76 0.16
24 26 0.53 0.17
24 27 0.26 0.12
24 28 0.72 0.15
24 29 0.78 0.22
24 30 0.53 0.34
24 31 0.52 0.14
24 32 0.5 0.18
24 33 0.74 0.3
24 34 0.64 0.24
24 35 0.65 0.24
24 36 0.7 0.26
24 37 0.81 0.18
24 38 0.54 0.17
24 39 0.62 0.19
24 40 0.6 0.31
24 41 0.4 0.24
24 42 0.7 0.26
24 43 0.52 0.26
24 44 0.34 0.2
24 45 0.69 0.14
24 46 0.66 0.04
24 47 0.5 0.25
24 48 0.6 0.26
24 49 0.74 0.2
24 50 0.54 0.24
25 26 0.48 0.33
25 27 0.5 0.28
25 28 0.52 0.18
25 29 0.59 0.22
25 30 0.57 0.28
25 31 0.56 0.19
25 32 0.38 0.02
25 33 0.6 0.32
25 34 0.39 0.22
25 35 0.29 0.2
25 36 0.66 0.28
25 37 0.46 0.25
25 38 0.59 0.31
25 39 0.43 0.26
25 40 0.34 0.17
25 41 0.71 0.14
25 42 0.56 0.3
25 43 0.72 0.27
25 44 0.64 0.14
25 45 0.56 0.26
25 46 0.46 0.12
25 47 0.55 0.24
25 48 0.72 0.22
25 49 0.64 0.14
25 50 0.65 0.22
26 27 0.67 0.29
26 28 0.39 0.23
26 29 0.64 0.29
26 30 0.77 0.32
26 31 0.58 0.26
26 32 0.4 0.33
26 33 0.58 0.29
26 34 0.64 0.31
26 35 0.34 0.28
26 36 0.18 0.16
26 37 0.6 0.26
26 38 0.54 0.34
26 39 0.65 0.25
26 40 0.45 0.26
26 41 0.51 0.34
26 42 0.66 0.3
26 43 0.64 0.33
26 44 0.66 0.26
26 45 0.67 0.27
26 46 0.38 0.21
26 47 0.7 0.19
26 48 0.62 0.26
26 49 0.59 0.26
26 50 0.64 0.26
27 28 0.46 0.22
27 29 0.66 0.21
27 30 0.65 0.28
27 31 0.68 0.21
27 32 0.67 0.3
27 33 0.6 0.25
27 34 0.66 0.24
27 35 0.56 0.23
27 36 0.57 0.27
27 37 0.67 0.13
27 38 0.64 0.11
27 39 0.76 0.17
27 40 0.66 0.22
27 41 0.26 0.18
27 42 0.58 0.14
27 43 0.66 0.2
27 44 0.6 0.22
27 45 0.56 0.26
27 46 0.5 0.16
27 47 0.48 0.16
27 48 0.58 0.2
27 49 0.73 0.22
27 50 0.76 0.25
28 29 0.36 0.13
28 30 0.6 0.23
28 31 0.31 0.03
28 32 0.68 0.2
28 33 0.56 0.25
28 34 0.53 0.25
28 35 0.5 0.22
28 36 0.57 0.21
28 37 0.54 0.14
28 38 0.8 0.23
28 39 0.72 0.08
28 40 0.79 0.21
28 41 0.59 0.22
28 42 0.58 0.27
28 43 0.81 0.15
28 44 0.47 0.13
28 45 0.54 0.13
28 46 0.51 0.13
28 47 0.72 0.14
28 48 0.55 0.12
28 49 0.83 0.13
28 50 0.44 0.2
29 30 0.45 0.22
29 31 0.56 0.1
29 32 0.66 0.24
29 33 0.53 0.2
29 34 0.68 0.12
29 35 0.67 0.21
29 36 0.46 0.16
29 37 0.71 0.19
29 38 0.56 0.1
29 39 0.59 0.17
29 40 0.62 0.24
29 41 0.4 0.16
29 42 0.3 0.24
29 43 0.5 0.22
29 44 0.6 0.08
29 45 0.65 0.2
29 46 0.82 0.2
29 47 0.66 0.23
29 48 0.68 0.21
29 49 0.5 0.08
29 50 0.5 0.2
30 31 0.62 0.2
30 32 0.38 0.27
30 33 0.62 0.3
30 34 0.62 0.25
30 35 0.52 0.25
30 36 0.59 0.16
30 37 0.38 0.18
30 38 0.51 0.32
30 39 0.3 0.23
30 40 0.58 0.3
30 41 0.67 0.29
30 42 0.64 0.22
30 43 0.29 0.08
30 44 0.53 0.14
30 45 0.52 0.27
30 46 0.62 0.3
30 47 0.66 0.24
30 48 0.72 0.22
30 49 0.52 0.14
30 50 0.52 0.26
31 32 0.61 0.21
31 33 0.34 0.22
31 34 0.54 0.22
31 35 0.52 0.2
31 36 0.4 0.2
31 37 0.6 0.13
31 38 0.66 0.2
31 39 0.67 0.07
31 40 0.6 0.18
31 41 0.73 0.25
31 42 0.72 0.26
31 43 0.5 0.12
31 44 0.46 0.1
31 45 0.23 0.1
31 46 0.57 0.1
31 47 0.61 0.13
31 48 0.41 0.15
31 49 0.68 0.1
31 50 0.75 0.21
32 33 0.56 0.34
32 34 0.74 0.24
32 35 0.67 0.22
32 36 0.58 0.26
32 37 0.74 0.27
32 38 0.59 0.31
32 39 0.46 0.28
32 40 0.52 0.19
32 41 0.69 0.16
32 42 0.69 0.32
32 43 0.66 0.29
32 44 0.26 0.16
32 45 0.38 0.24
32 46 0.7 0.14
32 47 0.62 0.26
32 48 0.34 0.2
32 49 0.67 0.16
32 50 0.76 0.24
33 34 0.59 0.16
33 35 0.51 0.22
33 36 0.54 0.26
33 37 0.62 0.27
33 38 0.46 0.3
33 39 0.77 0.29
33 40 0.47 0.2
33 41 0.64 0.24
33 42 0.52 0.35
33 43 0.38 0.22
33 44 0.73 0.18
33 45 0.57 0.3
33 46 0.36 0.26
33 47 0.64 0.27
33 48 0.3 0.24
33 49 0.6 0.18
33 50 0.75 0.2
34 35 0.68 0.23
34 36 0.59 0.18
34 37 0.55 0.11
34 38 0.6 0.22
34 39 0.62 0.17
34 40 0.6 0.24
34 41 0.46 0.08
34 42 0.48 0.22
34 43 0.52 0.2
34 44 0.67 0.18
34 45 0.62 0.19
34 46 0.8 0.25
34 47 0.64 0.23
34 48 0.73 0.18
34 49 0.7 0.18
34 50 0.42 0.21
35 36 0.52 0.24
35 37 0.75 0.22
35 38 0.56 0.12
35 39 0.72 0.16
35 40 0.48 0.19
35 41 0.54 0.2
35 42 0.62 0.26
35 43 0.72 0.17
35 44 0.5 0.13
35 45 0.56 0.1
35 46 0.72 0.28
35 47 0.48 0.12
35 48 0.63 0.1
35 49 0.8 0.13
35 50 0.62 0.02
36 37 0.42 0.19
36 38 0.36 0.26
36 39 0.47 0.13
36 40 0.43 0.24
36 41 0.46 0.22
36 42 0.48 0.17
36 43 0.46 0.17
36 44 0.64 0.16
36 45 0.49 0.24
36 46 0.52 0.27
36 47 0.52 0.17
36 48 0.44 0.16
36 49 0.46 0.16
36 50 0.68 0.22
37 38 0.39 0.18
37 39 0.58 0.06
37 40 0.6 0.13
37 41 0.71 0.15
37 42 0.72 0.25
37 43 0.38 0.25
37 44 0.49 0.23
37 45 0.43 0.23
37 46 0.26 0.14
37 47 0.68 0.12
37 48 0.64 0.25
37 49 0.46 0.23
37 50 0.68 0.2
38 39 0.58 0.24
38 40 0.56 0.3
38 41 0.61 0.17
38 42 0.66 0.25
38 43 0.48 0.25
38 44 0.44 0.18
38 45 0.76 0.22
38 46 0.3 0.21
38 47 0.72 0.24
38 48 0.25 0.11
38 49 0.78 0.18
38 50 0.8 0.14
39 40 0.58 0.13
39 41 0.68 0.2
39 42 0.66 0.19
39 43 0.5 0.19
39 44 0.46 0.17
39 45 0.44 0.17
39 46 0.48 0.17
39 47 0.58 0.06
39 48 0.76 0.2
39 49 0.82 0.17
39 50 0.76 0.14
40 41 0.63 0.23
40 42 0.71 0.21
40 43 0.48 0.23
40 44 0.58 0.16
40 45 0.83 0.22
40 46 0.71 0.27
40 47 0.45 0.07
40 48 0.58 0.27
40 49 0.33 0.16
40 50 0.54 0.21
41 42 0.7 0.27
41 43 0.57 0.24
41 44 0.6 0.22
41 45 0.56 0.23
41 46 0.76 0.26
41 47 0.44 0.16
41 48 0.37 0.1
41 49 0.52 0.22
41 50 0.75 0.18
42 43 0.48 0.22
42 44 0.7 0.3
42 45 0.74 0.25
42 46 0.52 0.3
42 47 0.36 0.14
42 48 0.55 0.22
42 49 0.58 0.3
42 50 0.79 0.25
43 44 0.67 0.21
43 45 0.56 0.19
43 46 0.64 0.22
43 47 0.56 0.16
43 48 0.68 0.14
43 49 0.6 0.21
43 50 0.62 0.19
44 45 0.35 0.16
44 46 0.44 0.2
44 47 0.73 0.16
44 48 0.48 0.17
44 49 0.41 0.0
44 50 0.76 0.12
45 46 0.56 0.18
45 47 0.38 0.18
45 48 0.61 0.2
45 49 0.76 0.16
45 50 0.74 0.12
46 47 0.42 0.23
46 48 0.55 0.25
46 49 0.54 0.2
46 50 0.74 0.26
47 48 0.61 0.2
47 49 0.72 0.16
47 50 0.85 0.14
48 49 0.63 0.17
48 50 0.55 0.08
49 50 0.78 0.12
node_demand
0.15
0.225
0.2
0.125
0.175
0.05
0.2
0.225
0.225
0.025
0.1
0.225
0.1
0.2
0.225
0.175
0.075
0.05
0.075
0.15
0.025
0.15
0.05
0.075
0.15
0.025
0.225
0.2
0.1
0.2
0.075
0.125
0.075
0.05
0.225
0.05
0.175
0.175
0.225
0.05
0.2
0.225
0.175
0.05
0.225
0.175
0.175
0.05
0.075
0.2
