50
0 1 0.38 0.25
0 2 0.7 0.18
0 3 0.6 0.23
0 4 0.67 0.17
0 5 0.42 0.19
0 6 0.65 0.21
0 7 0.74 0.2
0 8 0.64 0.26
0 9 0.54 0.19
0 10 0.65 0.2
0 11 0.34 0.1
0 12 0.7 0.22
0 13 0.52 0.19
0 14 0.58 0.18
0 15 0.63 0.18
0 16 0.3 0.18
0 17 0.48 0.16
0 18 0.24 0.22
0 19 0.53 0.23
0 20 0.5 0.19
0 21 0.4 0.18
0 22 0.64 0.24
0 23 0.48 0.1
0 24 0.64 0.24
0 25 0.56 0.25
0 26 0.54 0.18
0 27 0.48 0.26
0 28 0.51 0.18
0 29 0.74 0.28
0 30 0.44 0.23
0 31 0.74 0.26
0 32 0.47 0.08
0 33 0.69 0.18
0 34 0.56 0.28
0 35 0.46 0.14
0 36 0.44 0.1
0 37 0.42 0.25
0 38 0.34 0.08
0 39 0.48 0.23
0 40 0.32 0.24
0 41 0.64 0.16
0 42 0.45 0.27
0 43 0.61 0.06
0 44 0.62 0.2
0 45 0.57 0.22
0 46 0.56 0.26
0 47 0.66 0.23
0 48 0.48 0.23
0 49 0.5 0.22
0 50 0.62 0.11
1 2 0.34 0.24
1 3 0.67 0.28
1 4 0.4 0.1
1 5 0.46 0.08
1 6 0.54 0.17
1 7 0.51 0.1
1 8 0.84 0.22
1 9 0.52 0.26
1 10 0.39 0.26
1 11 0.72 0.24
1 12 0.62 0.21
1 13 0.42 0.3
1 14 0.72 0.19
1 15 0.53 0.21
1 16 0.49 0.2
1 17 0.81 0.27
1 18 0.62 0.26
1 19 0.65 0.22
1 20 0.64 0.24
1 21 0.62 0.14
1 22 0.4 0.21
1 23 0.65 0.24
1 24 0.67 0.24
1 25 0.61 0.3
1 26 0.64 0.16
1 27 0.78 0.19
1 28 0.62 0.32
1 29 0.61 0.2
1 30 0.45 0.24
1 31 0.6 0.21
1 32 0.63 0.22
1 33 0.51 0.31
1 34 0.64 0.27
1 35 0.62 0.25
1 36 0.6 0.16
1 37 0.72 0.32
1 38 0.46 0.26
1 39 0.66 0.24
1 40 0.52 0.15
1 41 0.67 0.26
1 42 0.74 0.26
1 43 0.62 0.2
1 44 0.57 0.26
1 45 0.77 0.17
1 46 0.61 0.22
1 47 0.77 0.16
1 48 0.66 0.22
1 49 0.72 0.2
1 50 0.55 0.17
2 3 0.55 0.21
2 4 0.51 0.2
2 5 0.42 0.2
2 6 0.3 0.2
2 7 0.56 0.26
2 8 0.74 0.21
2 9 0.22 0.13
2 10 0.5 0.16
2 11 0.56 0.27
2 12 0.52 0.08
2 13 0.5 0.23
2 14 0.48 0.15
2 15 0.52 0.17
2 16 0.6 0.16
2 17 0.47 0.07
2 18 0.46 0.28
2 19 0.64 0.17
2 20 0.7 0.23
2 21 0.48 0.14
2 22 0.65 0.17
2 23 0.58 0.13
2 24 0.54 0.15
2 25 0.59 0.23
2 26 0.57 0.25
2 27 0.47 0.22
2 28 0.56 0.22
2 29 0.66 0.23
2 30 0.68 0.06
2 31 0.74 0.2
2 32 0.48 0.14
2 33 0.62 0.12
2 34 0.45 0.27
2 35 0.49 0.09
2 36 0.26 0.08
2 37 0.54 0.19
2 38 0.58 0.18
2 39 0.36 0.21
2 40 0.52 0.14
2 41 0.6 0.18
2 42 0.62 0.18
2 43 0.57 0.12
2 44 0.54 0.02
2 45 0.51 0.16
2 46 0.68 0.22
2 47 0.64 0.22
2 48 0.7 0.09
2 49 0.4 0.2
2 50 0.43 0.09
3 4 0.62 0.26
3 5 0.48 0.24
3 6 0.58 0.11
3 7 0.72 0.31
3 8 0.51 0.17
3 9 0.56 0.22
3 10 0.56 0.24
3 11 0.53 0.25
3 12 0.44 0.2
3 13 0.69 0.24
3 14 0.58 0.16
3 15 0.56 0.24
3 16 0.3 0.12
3 17 0.77 0.24
3 18 0.48 0.3
3 19 0.3 0.18
3 20 0.72 0.29
3 21 0.56 0.21
3 22 0.66 0.19
3 23 0.53 0.25
3 24 0.58 0.2
3 25 0.62 0.16
3 26 0.7 0.29
3 27 0.72 0.3
3 28 0.64 0.28
3 29 0.64 0.27
3 30 0.63 0.27
3 31 0.58 0.21
3 32 0.4 0.19
3 33 0.62 0.24
3 34 0.6 0.31
3 35 0.24 0.22
3 36 0.7 0.13
3 37 0.7 0.28
3 38 0.78 0.23
3 39 0.66 0.23
3 40 0.58 0.22
3 41 0.76 0.16
3 42 0.49 0.32
3 43 0.5 0.17
3 44 0.68 0.23
3 45 0.56 0.2
3 46 0.46 0.24
3 47 0.53 0.27
3 48 0.7 0.19
3 49 0.66 0.24
3 50 0.57 0.12
4 5 0.28 0.02
4 6 0.63 0.24
4 7 0.4 0.11
4 8 0.54 0.16
4 9 0.7 0.16
4 10 0.62 0.19
4 11 0.46 0.14
4 12 0.65 0.15
4 13 0.56 0.24
4 14 0.58 0.13
4 15 0.74 0.15
4 16 0.46 0.14
4 17 0.69 0.21
4 18 0.52 0.26
4 19 0.64 0.12
4 20 0.56 0.14
4 21 0.68 0.08
4 22 0.7 0.16
4 23 0.7 0.18
4 24 0.62 0.14
4 25 0.7 0.24
4 26 0.46 0.06
4 27 0.72 0.09
4 28 0.68 0.22
4 29 0.64 0.2
4 30 0.23 0.14
4 31 0.65 0.15
4 32 0.53 0.13
4 33 0.49 0.21
4 34 0.73 0.21
4 35 0.38 0.19
4 36 0.7 0.15
4 37 0.5 0.22
4 38 0.56 0.25
4 39 0.78 0.16
4 40 0.38 0.09
4 41 0.66 0.21
4 42 0.7 0.26
4 43 0.42 0.11
4 44 0.42 0.22
4 45 0.63 0.11
4 46 0.66 0.16
4 47 0.48 0.06
4 48 0.72 0.16
4 49 0.32 0.14
4 50 0.69 0.16
5 6 0.43 0.23
5 7 0.58 0.09
5 8 0.68 0.14
5 9 0.6 0.18
5 10 0.49 0.21
5 11 0.62 0.16
5 12 0.51 0.13
5 13 0.46 0.22
5 14 0.46 0.11
5 15 0.51 0.13
5 16 0.18 0.12
5 17 0.67 0.19
5 18 0.66 0.24
5 19 0.36 0.14
5 20 0.28 0.16
5 21 0.58 0.06
5 22 0.42 0.14
5 23 0.56 0.16
5 24 0.64 0.16
5 25 0.56 0.22
5 26 0.4 0.08
5 27 0.56 0.11
5 28 0.56 0.24
5 29 0.52 0.19
5 30 0.28 0.16
5 31 0.62 0.13
5 32 0.25 0.14
5 33 0.44 0.23
5 34 0.53 0.19
5 35 0.66 0.17
5 36 0.6 0.17
5 37 0.55 0.24
5 38 0.7 0.23
5 39 0.54 0.16
5 40 0.1 0.07
5 41 0.68 0.22
5 42 0.48 0.27
5 43 0.61 0.13
5 44 0.51 0.22
5 45 0.35 0.09
5 46 0.54 0.14
5 47 0.39 0.08
5 48 0.74 0.14
5 49 0.55 0.12
5 50 0.5 0.18
6 7 0.56 0.27
6 8 0.47 0.24
6 9 0.52 0.19
6 10 0.42 0.25
6 11 0.68 0.25
6 12 0.54 0.22
6 13 0.3 0.19
6 14 0.5 0.26
6 15 0.47 0.18
6 16 0.51 0.23
6 17 0.34 0.21
6 18 0.58 0.3
6 19 0.58 0.15
6 20 0.68 0.25
6 21 0.46 0.23
6 22 0.58 0.24
6 23 0.68 0.26
6 24 0.7 0.13
6 25 0.74 0.27
6 26 0.46 0.18
6 27 0.77 0.28
6 28 0.5 0.17
6 29 0.48 0.24
6 30 0.61 0.26
6 31 0.58 0.1
6 32 0.18 0.13
6 33 0.72 0.18
6 34 0.46 0.29
6 35 0.52 0.23
6 36 0.56 0.19
6 37 0.62 0.25
6 38 0.5 0.28
6 39 0.66 0.24
6 40 0.53 0.16
6 41 0.3 0.21
6 42 0.32 0.28
6 43 0.54 0.15
6 44 0.75 0.22
6 45 0.78 0.14
6 46 0.59 0.29
6 47 0.52 0.24
6 48 0.42 0.23
6 49 0.66 0.22
6 50 0.66 0.2
7 8 0.62 0.23
7 9 0.54 0.26
7 10 0.46 0.18
7 11 0.56 0.25
7 12 0.56 0.22
7 13 0.56 0.21
7 14 0.56 0.2
7 15 0.51 0.22
7 16 0.44 0.21
7 17 0.71 0.26
7 18 0.58 0.16
7 19 0.6 0.23
7 20 0.78 0.25
7 21 0.56 0.15
7 22 0.5 0.23
7 23 0.64 0.25
7 24 0.72 0.24
7 25 0.62 0.23
7 26 0.46 0.17
7 27 0.34 0.2
7 28 0.72 0.3
7 29 0.46 0.1
7 30 0.63 0.25
7 31 0.78 0.22
7 32 0.57 0.16
7 33 0.5 0.32
7 34 0.76 0.22
7 35 0.78 0.26
7 36 0.3 0.18
7 37 0.68 0.32
7 38 0.55 0.28
7 39 0.4 0.22
7 40 0.68 0.16
7 41 0.64 0.24
7 42 0.38 0.33
7 43 0.54 0.14
7 44 0.43 0.28
7 45 0.49 0.18
7 46 0.58 0.23
7 47 0.68 0.14
7 48 0.55 0.23
7 49 0.38 0.15
7 50 0.72 0.19
8 9 0.65 0.21
8 10 0.62 0.23
8 11 0.41 0.23
8 12 0.69 0.17
8 13 0.58 0.16
8 14 0.37 0.13
8 15 0.42 0.08
8 16 0.5 0.23
8 17 0.6 0.21
8 18 0.4 0.21
8 19 0.52 0.25
8 20 0.4 0.22
8 21 0.28 0.08
8 22 0.8 0.16
8 23 0.52 0.18
8 24 0.7 0.27
8 25 0.7 0.08
8 26 0.47 0.22
8 27 0.6 0.22
8 28 0.38 0.2
8 29 0.74 0.24
8 30 0.68 0.27
8 31 0.52 0.16
8 32 0.65 0.18
8 33 0.62 0.22
8 34 0.62 0.28
8 35 0.75 0.19
8 36 0.48 0.16
8 37 0.41 0.26
8 38 0.55 0.18
8 39 0.69 0.22
8 40 0.58 0.14
8 41 0.54 0.14
8 42 0.71 0.29
8 43 0.84 0.2
8 44 0.8 0.23
8 45 0.79 0.12
8 46 0.64 0.07
8 47 0.74 0.1
8 48 0.5 0.16
8 49 0.52 0.21
8 50 0.76 0.17
9 10 0.66 0.08
9 11 0.52 0.26
9 12 0.53 0.06
9 13 0.55 0.19
9 14 0.54 0.18
9 15 0.7 0.13
9 16 0.42 0.12
9 17 0.47 0.14
9 18 0.43 0.22
9 19 0.62 0.04
9 20 0.73 0.19
9 21 0.7 0.13
9 22 0.5 0.05
9 23 0.57 0.2
9 24 0.44 0.06
9 25 0.61 0.24
9 26 0.44 0.22
9 27 0.4 0.17
9 28 0.35 0.28
9 29 0.44 0.16
9 30 0.5 0.19
9 31 0.56 0.18
9 32 0.7 0.11
9 33 0.71 0.2
9 34 0.59 0.14
9 35 0.32 0.16
9 36 0.44 0.13
9 37 0.32 0.06
9 38 0.6 0.23
9 39 0.14 0.1
9 40 0.69 0.12
9 41 0.66 0.17
9 42 0.54 0.22
9 43 0.35 0.13
9 44 0.32 0.15
9 45 0.73 0.14
9 46 0.46 0.21
9 47 0.62 0.16
9 48 0.48 0.05
9 49 0.62 0.2
9 50 0.65 0.12
10 11 0.6 0.29
10 12 0.34 0.13
10 13 0.5 0.19
10 14 0.56 0.19
10 15 0.58 0.21
10 16 0.67 0.2
10 17 0.61 0.22
10 18 0.52 0.14
10 19 0.26 0.12
10 20 0.52 0.18
10 21 0.62 0.21
10 22 0.42 0.13
10 23 0.42 0.28
10 24 0.54 0.14
10 25 0.57 0.26
10 26 0.54 0.24
10 27 0.7 0.24
10 28 0.7 0.28
10 29 0.22 0.08
10 30 0.46 0.22
10 31 0.73 0.25
10 32 0.24 0.12
10 33 0.48 0.27
10 34 0.52 0.22
10 35 0.66 0.24
10 36 0.6 0.13
10 37 0.45 0.14
10 38 0.57 0.15
10 39 0.77 0.17
10 40 0.59 0.19
10 41 0.7 0.2
10 42 0.74 0.3
10 43 0.58 0.14
10 44 0.66 0.14
10 45 0.76 0.21
10 46 0.22 0.22
10 47 0.38 0.13
10 48 0.46 0.13
10 49 0.72 0.25
10 50 0.64 0.12
11 12 0.7 0.22
11 13 0.58 0.17
11 14 0.7 0.24
11 15 0.69 0.22
11 16 0.64 0.26
11 17 0.46 0.26
11 18 0.58 0.32
11 19 0.34 0.26
11 20 0.7 0.27
11 21 0.54 0.22
11 22 0.7 0.26
11 23 0.44 0.2
11 24 0.62 0.28
11 25 0.52 0.25
11 26 0.68 0.08
11 27 0.76 0.23
11 28 0.38 0.08
11 29 0.5 0.28
11 30 0.56 0.28
11 31 0.56 0.22
11 32 0.71 0.17
11 33 0.52 0.26
11 34 0.43 0.26
11 35 0.62 0.24
11 36 0.53 0.19
11 37 0.74 0.32
11 38 0.68 0.18
11 39 0.66 0.28
11 40 0.52 0.2
11 41 0.42 0.09
11 42 0.56 0.28
11 43 0.49 0.16
11 44 0.56 0.29
11 45 0.77 0.18
11 46 0.56 0.21
11 47 0.76 0.2
11 48 0.7 0.21
11 49 0.78 0.26
11 50 0.45 0.2
12 13 0.41 0.15
12 14 0.63 0.2
12 15 0.3 0.09
12 16 0.63 0.08
12 17 0.61 0.15
12 18 0.66 0.23
12 19 0.6 0.1
12 20 0.46 0.15
12 21 0.6 0.19
12 22 0.22 0.11
12 23 0.7 0.21
12 24 0.41 0.12
12 25 0.7 0.2
12 26 0.68 0.18
12 27 0.42 0.14
12 28 0.61 0.24
12 29 0.36 0.2
12 30 0.68 0.14
12 31 0.64 0.12
12 32 0.58 0.17
12 33 0.18 0.14
12 34 0.72 0.2
12 35 0.62 0.17
12 36 0.26 0.12
12 37 0.54 0.12
12 38 0.54 0.19
12 39 0.67 0.16
12 40 0.41 0.06
12 41 0.5 0.13
12 42 0.76 0.26
12 43 0.3 0.16
12 44 0.65 0.1
12 45 0.58 0.08
12 46 0.56 0.2
12 47 0.58 0.14
12 48 0.5 0.01
12 49 0.5 0.24
12 50 0.62 0.13
13 14 0.67 0.22
13 15 0.42 0.22
13 16 0.52 0.21
13 17 0.57 0.27
13 18 0.66 0.17
13 19 0.66 0.23
13 20 0.64 0.26
13 21 0.56 0.18
13 22 0.5 0.24
13 23 0.49 0.27
13 24 0.64 0.25
13 25 0.64 0.08
13 26 0.48 0.25
13 27 0.6 0.28
13 28 0.2 0.09
13 29 0.44 0.11
13 30 0.6 0.28
13 31 0.43 0.22
13 32 0.48 0.15
13 33 0.59 0.22
13 34 0.44 0.21
13 35 0.65 0.26
13 36 0.64 0.17
13 37 0.82 0.25
13 38 0.52 0.27
13 39 0.51 0.26
13 40 0.56 0.21
13 41 0.56 0.23
13 42 0.62 0.32
13 43 0.58 0.13
13 44 0.64 0.25
13 45 0.5 0.23
13 46 0.34 0.1
13 47 0.62 0.26
13 48 0.44 0.14
13 49 0.36 0.14
13 50 0.75 0.18
14 15 0.56 0.21
14 16 0.28 0.22
14 17 0.48 0.08
14 18 0.48 0.17
14 19 0.36 0.18
14 20 0.64 0.13
14 21 0.38 0.05
14 22 0.62 0.13
14 23 0.56 0.09
14 24 0.54 0.16
14 25 0.41 0.21
14 26 0.54 0.16
14 27 0.6 0.22
14 28 0.75 0.24
14 29 0.54 0.11
14 30 0.63 0.15
14 31 0.58 0.2
14 32 0.32 0.14
14 33 0.81 0.17
14 34 0.6 0.15
14 35 0.42 0.06
14 36 0.37 0.08
14 37 0.52 0.24
14 38 0.69 0.18
14 39 0.4 0.21
14 40 0.56 0.18
14 41 0.71 0.18
14 42 0.34 0.16
14 43 0.68 0.12
14 44 0.66 0.17
14 45 0.57 0.2
14 46 0.46 0.13
14 47 0.64 0.19
14 48 0.57 0.21
14 49 0.5 0.08
14 50 0.57 0.09
15 16 0.33 0.15
15 17 0.66 0.16
15 18 0.72 0.24
15 19 0.59 0.17
15 20 0.66 0.15
15 21 0.52 0.16
15 22 0.52 0.18
15 23 0.54 0.21
15 24 0.7 0.19
15 25 0.65 0.16
15 26 0.7 0.18
15 27 0.62 0.21
15 28 0.54 0.28
15 29 0.62 0.2
15 30 0.51 0.22
15 31 0.69 0.08
15 32 0.52 0.22
15 33 0.48 0.23
15 34 0.78 0.25
15 35 0.68 0.18
15 36 0.52 0.2
15 37 0.5 0.19
15 38 0.76 0.1
15 39 0.68 0.14
15 40 0.61 0.06
15 41 0.44 0.2
15 42 0.46 0.27
15 43 0.6 0.2
15 44 0.38 0.19
15 45 0.85 0.04
15 46 0.36 0.15
15 47 0.5 0.12
15 48 0.28 0.08
15 49 0.74 0.18
15 50 0.78 0.21
16 17 0.49 0.23
16 18 0.54 0.22
16 19 0.54 0.16
16 20 0.46 0.23
16 21 0.66 0.18
16 22 0.58 0.17
16 23 0.63 0.28
16 24 0.52 0.18
16 25 0.54 0.28
16 26 0.46 0.18
16 27 0.5 0.22
16 28 0.72 0.3
16 29 0.7 0.28
16 30 0.46 0.21
16 31 0.53 0.2
16 32 0.43 0.2
16 33 0.54 0.22
16 34 0.71 0.26
16 35 0.54 0.25
16 36 0.65 0.14
16 37 0.72 0.18
16 38 0.64 0.24
16 39 0.36 0.22
16 40 0.28 0.14
16 41 0.6 0.19
16 42 0.62 0.34
16 43 0.5 0.18
16 44 0.38 0.18
16 45 0.53 0.16
16 46 0.59 0.26
16 47 0.36 0.2
16 48 0.56 0.07
16 49 0.73 0.24
16 50 0.68 0.15
17 18 0.62 0.22
17 19 0.6 0.1
17 20 0.7 0.21
17 21 0.48 0.13
17 22 0.76 0.19
17 23 0.34 0.06
17 24 0.73 0.08
17 25 0.5 0.28
17 26 0.64 0.24
17 27 0.78 0.26
17 28 0.37 0.22
17 29 0.8 0.16
17 30 0.6 0.11
17 31 0.72 0.15
17 32 0.52 0.21
17 33 0.43 0.14
17 34 0.61 0.23
17 35 0.54 0.02
17 36 0.6 0.15
17 37 0.5 0.2
17 38 0.72 0.24
17 39 0.52 0.23
17 40 0.62 0.21
17 41 0.64 0.25
17 42 0.35 0.11
17 43 0.51 0.19
17 44 0.79 0.09
17 45 0.59 0.19
17 46 0.62 0.18
17 47 0.83 0.27
17 48 0.48 0.16
17 49 0.37 0.16
17 50 0.36 0.16
18 19 0.58 0.26
18 20 0.51 0.27
18 21 0.52 0.19
18 22 0.76 0.27
18 23 0.28 0.22
18 24 0.46 0.26
18 25 0.48 0.25
18 26 0.58 0.3
18 27 0.24 0.19
18 28 0.75 0.26
18 29 0.58 0.06
18 30 0.52 0.22
18 31 0.69 0.24
18 32 0.52 0.17
18 33 0.62 0.3
18 34 0.66 0.32
18 35 0.7 0.23
18 36 0.68 0.23
18 37 0.54 0.28
18 38 0.5 0.29
18 39 0.29 0.2
18 40 0.56 0.18
18 41 0.48 0.25
18 42 0.68 0.33
18 43 0.47 0.19
18 44 0.58 0.28
18 45 0.71 0.2
18 46 0.74 0.22
18 47 0.58 0.26
18 48 0.54 0.22
18 49 0.74 0.25
18 50 0.49 0.24
19 20 0.42 0.15
19 21 0.64 0.17
19 22 0.68 0.09
19 23 0.48 0.16
19 24 0.28 0.02
19 25 0.66 0.28
19 26 0.66 0.18
19 27 0.54 0.21
19 28 0.72 0.32
19 29 0.46 0.2
19 30 0.58 0.21
19 31 0.78 0.22
19 32 0.4 0.15
19 33 0.64 0.24
19 34 0.6 0.18
19 35 0.54 0.12
19 36 0.52 0.16
19 37 0.4 0.1
19 38 0.83 0.26
19 39 0.56 0.14
19 40 0.46 0.16
19 41 0.64 0.21
19 42 0.66 0.21
19 43 0.38 0.17
19 44 0.72 0.19
19 45 0.64 0.18
19 46 0.48 0.24
19 47 0.64 0.18
19 48 0.58 0.09
19 49 0.65 0.24
19 50 0.58 0.16
20 21 0.52 0.18
20 22 0.5 0.24
20 23 0.46 0.22
20 24 0.57 0.17
20 25 0.46 0.3
20 26 0.68 0.2
20 27 0.68 0.23
20 28 0.76 0.22
20 29 0.6 0.24
20 30 0.44 0.28
20 31 0.77 0.15
20 32 0.53 0.24
20 33 0.28 0.19
20 34 0.64 0.28
20 35 0.48 0.19
20 36 0.68 0.18
20 37 0.44 0.14
20 38 0.62 0.11
20 39 0.59 0.21
20 40 0.18 0.09
20 41 0.48 0.18
20 42 0.56 0.29
20 43 0.65 0.22
20 44 0.48 0.25
20 45 0.43 0.11
20 46 0.3 0.2
20 47 0.67 0.17
20 48 0.54 0.16
20 49 0.6 0.21
20 50 0.58 0.19
21 22 0.52 0.08
21 23 0.24 0.1
21 24 0.42 0.19
21 25 0.64 0.16
21 26 0.67 0.14
21 27 0.52 0.17
21 28 0.64 0.19
21 29 0.52 0.16
21 30 0.52 0.2
21 31 0.34 0.18
21 32 0.38 0.1
21 33 0.76 0.18
21 34 0.64 0.2
21 35 0.64 0.11
21 36 0.36 0.13
21 37 0.69 0.19
21 38 0.62 0.23
21 39 0.76 0.21
21 40 0.68 0.13
21 41 0.7 0.18
21 42 0.47 0.21
21 43 0.65 0.12
21 44 0.77 0.16
21 45 0.62 0.15
21 46 0.42 0.08
21 47 0.51 0.14
21 48 0.35 0.18
21 49 0.72 0.13
21 50 0.48 0.14
22 23 0.56 0.18
22 24 0.63 0.11
22 25 0.56 0.24
22 26 0.82 0.18
22 27 0.64 0.22
22 28 0.52 0.26
22 29 0.58 0.21
22 30 0.49 0.23
22 31 0.76 0.23
22 32 0.66 0.16
22 33 0.4 0.25
22 34 0.5 0.19
22 35 0.52 0.19
22 36 0.48 0.18
22 37 0.53 0.11
22 38 0.48 0.23
22 39 0.64 0.15
22 40 0.32 0.17
22 41 0.28 0.22
22 42 0.56 0.27
22 43 0.52 0.18
22 44 0.46 0.15
22 45 0.57 0.19
22 46 0.51 0.16
22 47 0.42 0.17
22 48 0.66 0.1
22 49 0.7 0.15
22 50 0.4 0.17
23 24 0.66 0.14
23 25 0.76 0.26
23 26 0.76 0.24
23 27 0.52 0.2
23 28 0.62 0.24
23 29 0.64 0.2
23 30 0.72 0.13
23 31 0.58 0.21
23 32 0.5 0.16
23 33 0.52 0.08
23 34 0.4 0.24
23 35 0.77 0.04
23 36 0.6 0.17
23 37 0.7 0.26
23 38 0.56 0.18
23 39 0.57 0.27
23 40 0.46 0.23
23 41 0.5 0.24
23 42 0.56 0.17
23 43 0.68 0.14
23 44 0.8 0.15
23 45 0.71 0.25
23 46 0.5 0.18
23 47 0.59 0.24
23 48 0.26 0.22
23 49 0.5 0.17
23 50 0.7 0.16
24 25 0.38 0.3
24 26 0.51 0.2
24 27 0.68 0.22
24 28 0.44 0.3
24 29 0.58 0.22
24 30 0.7 0.19
24 31 0.76 0.23
24 32 0.59 0.17
24 33 0.59 0.22
24 34 0.64 0.18
24 35 0.61 0.1
24 36 0.67 0.18
24 37 0.43 0.12
24 38 0.65 0.28
24 39 0.58 0.15
24 40 0.74 0.18
24 41 0.6 0.23
24 42 0.38 0.19
24 43 0.23 0.19
24 44 0.58 0.17
24 45 0.56 0.2
24 46 0.59 0.22
24 47 0.55 0.2
24 48 0.42 0.11
24 49 0.44 0.24
24 50 0.54 0.18
25 26 0.66 0.3
25 27 0.59 0.25
25 28 0.68 0.17
25 29 0.56 0.19
25 30 0.62 0.2
25 31 0.69 0.22
25 32 0.6 0.21
25 33 0.68 0.3
25 34 0.64 0.29
25 35 0.49 0.27
25 36 0.61 0.15
25 37 0.65 0.18
25 38 0.52 0.24
25 39 0.47 0.18
25 40 0.56 0.22
25 41 0.8 0.22
25 42 0.59 0.36
25 43 0.61 0.19
25 44 0.79 0.25
25 45 0.37 0.2
25 46 0.45 0.15
25 47 0.74 0.18
25 48 0.69 0.21
25 49 0.48 0.22
25 50 0.16 0.14
26 27 0.77 0.15
26 28 0.6 0.16
26 29 0.55 0.26
26 30 0.5 0.2
26 31 0.55 0.18
26 32 0.3 0.19
26 33 0.5 0.18
26 34 0.58 0.27
26 35 0.76 0.22
26 36 0.46 0.2
26 37 0.49 0.28
26 38 0.78 0.26
26 39 0.58 0.22
26 40 0.5 0.12
26 41 0.69 0.17
26 42 0.46 0.2
26 43 0.46 0.17
26 44 0.38 0.23
26 45 0.46 0.14
26 46 0.48 0.22
26 47 0.6 0.12
26 48 0.72 0.19
26 49 0.54 0.2
26 50 0.7 0.21
27 28 0.56 0.31
27 29 0.48 0.25
27 30 0.62 0.23
27 31 0.52 0.18
27 32 0.7 0.22
27 33 0.4 0.12
27 34 0.42 0.23
27 35 0.72 0.24
27 36 0.64 0.2
27 37 0.46 0.17
27 38 0.62 0.22
27 39 0.26 0.07
27 40 0.66 0.18
27 41 0.59 0.27
27 42 0.66 0.35
27 43 0.66 0.2
27 44 0.52 0.24
27 45 0.8 0.17
27 46 0.76 0.25
27 47 0.34 0.12
27 48 0.52 0.15
27 49 0.68 0.23
27 50 0.43 0.19
28 29 0.56 0.2
28 30 0.45 0.28
28 31 0.63 0.27
28 32 0.52 0.24
28 33 0.48 0.26
28 34 0.24 0.18
28 35 0.45 0.2
28 36 0.59 0.25
28 37 0.67 0.34
28 38 0.67 0.26
28 39 0.49 0.34
28 40 0.66 0.28
28 41 0.66 0.17
28 42 0.52 0.27
28 43 0.67 0.22
28 44 0.57 0.24
28 45 0.5 0.26
28 46 0.48 0.13
28 47 0.59 0.23
28 48 0.64 0.23
28 49 0.56 0.23
28 50 0.55 0.24
29 30 0.68 0.26
29 31 0.62 0.18
29 32 0.46 0.2
29 33 0.54 0.28
29 34 0.46 0.26
29 35 0.65 0.17
29 36 0.56 0.19
29 37 0.67 0.22
29 38 0.75 0.23
29 39 0.55 0.25
29 40 0.42 0.18
29 41 0.49 0.28
29 42 0.54 0.27
29 43 0.66 0.22
29 44 0.55 0.22
29 45 0.66 0.16
29 46 0.44 0.21
29 47 0.6 0.21
29 48 0.48 0.21
29 49 0.64 0.19
29 50 0.5 0.2
30 31 0.42 0.25
30 32 0.43 0.2
30 33 0.72 0.18
30 34 0.5 0.3
30 35 0.61 0.09
30 36 0.48 0.14
30 37 0.27 0.22
30 38 0.74 0.18
30 39 0.64 0.27
30 40 0.38 0.2
30 41 0.48 0.24
30 42 0.6 0.22
30 43 0.65 0.18
30 44 0.65 0.08
30 45 0.63 0.22
30 46 0.56 0.25
30 47 0.67 0.2
30 48 0.65 0.14
30 49 0.55 0.23
30 50 0.46 0.15
31 32 0.72 0.22
31 33 0.6 0.26
31 34 0.52 0.19
31 35 0.82 0.17
31 36 0.48 0.22
31 37 0.46 0.18
31 38 0.53 0.18
31 39 0.42 0.14
31 40 0.72 0.06
31 41 0.59 0.25
31 42 0.52 0.26
31 43 0.64 0.2
31 44 0.6 0.22
31 45 0.71 0.04
31 46 0.65 0.23
31 47 0.56 0.14
31 48 0.69 0.13
31 49 0.56 0.12
31 50 0.53 0.21
32 33 0.69 0.23
32 34 0.28 0.2
32 35 0.64 0.2
32 36 0.67 0.06
32 37 0.69 0.17
32 38 0.68 0.16
32 39 0.68 0.19
32 40 0.35 0.2
32 41 0.48 0.08
32 42 0.5 0.26
32 43 0.36 0.02
32 44 0.68 0.16
32 45 0.6 0.18
32 46 0.46 0.18
32 47 0.62 0.19
32 48 0.56 0.16
32 49 0.8 0.18
32 50 0.48 0.07
33 34 0.64 0.3
33 35 0.76 0.12
33 36 0.44 0.17
33 37 0.5 0.26
33 38 0.72 0.26
33 39 0.58 0.19
33 40 0.46 0.2
33 41 0.54 0.27
33 42 0.69 0.25
33 43 0.48 0.21
33 44 0.47 0.14
33 45 0.51 0.22
33 46 0.47 0.26
33 47 0.63 0.24
33 48 0.46 0.15
33 49 0.32 0.23
33 50 0.79 0.18
34 35 0.69 0.21
34 36 0.56 0.19
34 37 0.64 0.2
34 38 0.59 0.29
34 39 0.66 0.16
34 40 0.63 0.25
34 41 0.73 0.28
34 42 0.68 0.28
34 43 0.64 0.22
34 44 0.54 0.25
34 45 0.62 0.23
34 46 0.46 0.28
34 47 0.35 0.26
34 48 0.66 0.19
34 49 0.57 0.07
34 50 0.56 0.2
35 36 0.53 0.14
35 37 0.57 0.22
35 38 0.73 0.22
35 39 0.46 0.25
35 40 0.66 0.23
35 41 0.74 0.24
35 42 0.66 0.13
35 43 0.42 0.18
35 44 0.64 0.11
35 45 0.42 0.21
35 46 0.56 0.16
35 47 0.7 0.25
35 48 0.62 0.18
35 49 0.7 0.14
35 50 0.65 0.15
36 37 0.38 0.19
36 38 0.32 0.1
36 39 0.45 0.13
36 40 0.5 0.18
36 41 0.34 0.1
36 42 0.68 0.24
36 43 0.5 0.04
36 44 0.41 0.1
36 45 0.52 0.18
36 46 0.78 0.21
36 47 0.38 0.16
36 48 0.71 0.13
36 49 0.44 0.12
36 50 0.45 0.01
37 38 0.7 0.25
37 39 0.46 0.16
37 40 0.46 0.18
37 41 0.63 0.23
37 42 0.56 0.24
37 43 0.63 0.19
37 44 0.64 0.21
37 45 0.5 0.2
37 46 0.67 0.27
37 47 0.58 0.22
37 48 0.7 0.11
37 49 0.82 0.22
37 50 0.73 0.18
38 39 0.46 0.2
38 40 0.6 0.16
38 41 0.66 0.2
38 42 0.57 0.34
38 43 0.52 0.14
38 44 0.73 0.2
38 45 0.38 0.14
38 46 0.52 0.25
38 47 0.7 0.22
38 48 0.48 0.18
38 49 0.66 0.22
38 50 0.36 0.11
39 40 0.64 0.12
39 41 0.52 0.23
39 42 0.4 0.32
39 43 0.49 0.17
39 44 0.46 0.23
39 45 0.6 0.1
39 46 0.6 0.29
39 47 0.48 0.19
39 48 0.52 0.15
39 49 0.52 0.23
39 50 0.63 0.12
40 41 0.58 0.19
40 42 0.38 0.27
40 43 0.71 0.18
40 44 0.61 0.16
40 45 0.25 0.02
40 46 0.44 0.21
40 47 0.49 0.08
40 48 0.68 0.07
40 49 0.45 0.18
40 50 0.4 0.19
41 42 0.5 0.34
41 43 0.56 0.1
41 44 0.56 0.2
41 45 0.74 0.21
41 46 0.6 0.21
41 47 0.7 0.24
41 48 0.46 0.12
41 49 0.68 0.22
41 50 0.64 0.11
42 43 0.55 0.28
42 44 0.79 0.2
42 45 0.63 0.29
42 46 0.77 0.29
42 47 0.84 0.32
42 48 0.72 0.27
42 49 0.38 0.24
42 50 0.71 0.25
43 44 0.67 0.14
43 45 0.46 0.16
43 46 0.36 0.2
43 47 0.32 0.17
43 48 0.6 0.17
43 49 0.67 0.16
43 50 0.77 0.05
44 45 0.59 0.18
44 46 0.6 0.24
44 47 0.74 0.24
44 48 0.66 0.11
44 49 0.74 0.18
44 50 0.72 0.11
45 46 0.62 0.19
45 47 0.57 0.1
45 48 0.73 0.09
45 49 0.5 0.16
45 50 0.53 0.17
46 47 0.6 0.17
46 48 0.24 0.19
46 49 0.7 0.21
46 50 0.42 0.22
47 48 0.7 0.15
47 49 0.58 0.2
47 50 0.58 0.17
48 49 0.76 0.25
48 50 0.54 0.14
49 50 0.56 0.13
node_demand
0.225
0.1
0.2
0.075
0.05
0.075
0.175
0.2
0.1
0.025
0.225
0.225
0.1
0.225
0.025
0.225
0.05
0.225
0.025
0.075
0.125
0.15
0.125
0.1
0.1
0.025
0.15
0.025
0.225
0.2
0.025
0.025
0.1
0.025
0.025
0.1
0.175
0.175
0.15
0.15
0.05
0.2
0.1
0.225
0.175
0.1
0.175
0.025
0.15
0.075
