50
0 1 0.4 0.28
0 2 0.56 0.08
0 3 0.64 0.16
0 4 0.59 0.17
0 5 0.67 0.16
0 6 0.58 0.26
0 7 0.51 0.18
0 8 0.73 0.1
0 9 0.72 0.18
0 10 0.63 0.12
0 11 0.65 0.08
0 12 0.81 0.06
0 13 0.56 0.12
0 14 0.6 0.16
0 15 0.81 0.26
0 16 0.53 0.22
0 17 0.61 0.1
0 18 0.7 0.14
0 19 0.25 0.1
0 20 0.42 0.21
0 21 0.54 0.13
0 22 0.46 0.18
0 23 0.49 0.16
0 24 0.52 0.22
0 25 0.35 0.09
0 26 0.52 0.14
0 27 0.67 0.09
0 28 0.7 0.2
0 29 0.45 0.26
0 30 0.5 0.22
0 31 0.65 0.19
0 32 0.63 0.29
0 33 0.5 0.23
0 34 0.56 0.23
0 35 0.15 0.04
0 36 0.58 0.09
0 37 0.6 0.16
0 38 0.64 0.29
0 39 0.52 0.22
0 40 0.43 0.16
0 41 0.38 0.23
0 42 0.64 0.14
0 43 0.6 0.14
0 44 0.58 0.12
0 45 0.46 0.19
0 46 0.58 0.2
0 47 0.66 0.26
0 48 0.66 0.22
0 49 0.44 0.25
0 50 0.51 0.29
1 2 0.73 0.23
1 3 0.72 0.26
1 4 0.47 0.2
1 5 0.59 0.22
1 6 0.37 0.2
1 7 0.5 0.32
1 8 0.64 0.25
1 9 0.48 0.29
1 10 0.48 0.32
1 11 0.65 0.26
1 12 0.68 0.28
1 13 0.16 0.16
1 14 0.58 0.17
1 15 0.68 0.29
1 16 0.44 0.18
1 17 0.66 0.25
1 18 0.54 0.2
1 19 0.61 0.28
1 20 0.52 0.22
1 21 0.65 0.3
1 22 0.61 0.24
1 23 0.53 0.3
1 24 0.6 0.26
1 25 0.72 0.32
1 26 0.44 0.24
1 27 0.72 0.28
1 28 0.71 0.16
1 29 0.56 0.29
1 30 0.64 0.17
1 31 0.59 0.12
1 32 0.82 0.37
1 33 0.5 0.3
1 34 0.66 0.13
1 35 0.52 0.27
1 36 0.49 0.27
1 37 0.81 0.2
1 38 0.44 0.3
1 39 0.41 0.22
1 40 0.51 0.23
1 41 0.64 0.3
1 42 0.47 0.34
1 43 0.72 0.32
1 44 0.66 0.27
1 45 0.62 0.25
1 46 0.33 0.29
1 47 0.56 0.28
1 48 0.78 0.4
1 49 0.52 0.24
1 50 0.66 0.26
2 3 0.66 0.16
2 4 0.52 0.19
2 5 0.66 0.16
2 6 0.62 0.28
2 7 0.74 0.1
2 8 0.42 0.02
2 9 0.52 0.22
2 10 0.59 0.2
2 11 0.67 0.16
2 12 0.42 0.14
2 13 0.72 0.15
2 14 0.7 0.11
2 15 0.4 0.2
2 16 0.7 0.18
2 17 0.4 0.02
2 18 0.73 0.14
2 19 0.52 0.1
2 20 0.68 0.23
2 21 0.61 0.17
2 22 0.56 0.14
2 23 0.72 0.08
2 24 0.71 0.22
2 25 0.66 0.09
2 26 0.61 0.14
2 27 0.65 0.15
2 28 0.4 0.12
2 29 0.46 0.22
2 30 0.79 0.14
2 31 0.58 0.11
2 32 0.66 0.29
2 33 0.42 0.15
2 34 0.57 0.15
2 35 0.47 0.04
2 36 0.5 0.17
2 37 0.62 0.18
2 38 0.48 0.31
2 39 0.32 0.21
2 40 0.56 0.19
2 41 0.72 0.15
2 42 0.63 0.16
2 43 0.5 0.14
2 44 0.44 0.04
2 45 0.52 0.19
2 46 0.68 0.12
2 47 0.6 0.18
2 48 0.42 0.3
2 49 0.36 0.2
2 50 0.44 0.25
3 4 0.62 0.08
3 5 0.56 0.2
3 6 0.72 0.17
3 7 0.4 0.26
3 8 0.74 0.18
3 9 0.8 0.14
3 10 0.64 0.16
3 11 0.36 0.12
3 12 0.24 0.1
3 13 0.56 0.17
3 14 0.66 0.13
3 15 0.4 0.12
3 16 0.44 0.26
3 17 0.8 0.18
3 18 0.68 0.18
3 19 0.59 0.06
3 20 0.54 0.2
3 21 0.41 0.18
3 22 0.45 0.2
3 23 0.61 0.19
3 24 0.54 0.18
3 25 0.57 0.17
3 26 0.57 0.02
3 27 0.58 0.16
3 28 0.69 0.28
3 29 0.68 0.25
3 30 0.74 0.26
3 31 0.66 0.14
3 32 0.5 0.2
3 33 0.34 0.08
3 34 0.49 0.26
3 35 0.49 0.12
3 36 0.36 0.23
3 37 0.58 0.21
3 38 0.74 0.2
3 39 0.7 0.23
3 40 0.22 0.18
3 41 0.74 0.12
3 42 0.45 0.12
3 43 0.52 0.18
3 44 0.57 0.19
3 45 0.5 0.18
3 46 0.4 0.22
3 47 0.3 0.24
3 48 0.62 0.26
3 49 0.58 0.19
3 50 0.54 0.2
4 5 0.63 0.14
4 6 0.1 0.09
4 7 0.61 0.24
4 8 0.72 0.21
4 9 0.5 0.14
4 10 0.76 0.24
4 11 0.51 0.18
4 12 0.5 0.18
4 13 0.63 0.25
4 14 0.66 0.21
4 15 0.54 0.2
4 16 0.5 0.25
4 17 0.68 0.21
4 18 0.56 0.12
4 19 0.34 0.14
4 20 0.6 0.2
4 21 0.6 0.12
4 22 0.51 0.16
4 23 0.58 0.23
4 24 0.57 0.24
4 25 0.64 0.2
4 26 0.57 0.1
4 27 0.48 0.08
4 28 0.43 0.2
4 29 0.44 0.32
4 30 0.48 0.22
4 31 0.52 0.08
4 32 0.52 0.25
4 33 0.72 0.16
4 34 0.78 0.18
4 35 0.44 0.2
4 36 0.77 0.19
4 37 0.47 0.29
4 38 0.42 0.12
4 39 0.4 0.26
4 40 0.76 0.26
4 41 0.64 0.2
4 42 0.49 0.2
4 43 0.45 0.25
4 44 0.63 0.2
4 45 0.42 0.24
4 46 0.58 0.28
4 47 0.69 0.24
4 48 0.66 0.29
4 49 0.36 0.11
4 50 0.49 0.15
5 6 0.6 0.23
5 7 0.64 0.19
5 8 0.56 0.18
5 9 0.49 0.18
5 10 0.54 0.27
5 11 0.69 0.08
5 12 0.32 0.1
5 13 0.74 0.23
5 14 0.48 0.22
5 15 0.63 0.14
5 16 0.59 0.26
5 17 0.7 0.18
5 18 0.38 0.02
5 19 0.62 0.19
5 20 0.78 0.21
5 21 0.71 0.18
5 22 0.32 0.06
5 23 0.56 0.24
5 24 0.58 0.17
5 25 0.44 0.14
5 26 0.72 0.18
5 27 0.38 0.22
5 28 0.26 0.18
5 29 0.8 0.36
5 30 0.5 0.22
5 31 0.74 0.22
5 32 0.6 0.22
5 33 0.6 0.23
5 34 0.72 0.21
5 35 0.52 0.13
5 36 0.54 0.09
5 37 0.46 0.19
5 38 0.52 0.24
5 39 0.69 0.3
5 40 0.6 0.16
5 41 0.66 0.28
5 42 0.53 0.18
5 43 0.5 0.15
5 44 0.44 0.12
5 45 0.48 0.24
5 46 0.67 0.28
5 47 0.64 0.24
5 48 0.68 0.31
5 49 0.4 0.13
5 50 0.66 0.17
6 7 0.71 0.32
6 8 0.67 0.29
6 9 0.4 0.23
6 10 0.66 0.3
6 11 0.61 0.27
6 12 0.6 0.24
6 13 0.53 0.2
6 14 0.56 0.24
6 15 0.48 0.26
6 16 0.4 0.31
6 17 0.7 0.3
6 18 0.66 0.21
6 19 0.44 0.23
6 20 0.65 0.28
6 21 0.59 0.21
6 22 0.61 0.18
6 23 0.64 0.27
6 24 0.48 0.32
6 25 0.58 0.27
6 26 0.67 0.19
6 27 0.38 0.17
6 28 0.53 0.29
6 29 0.54 0.34
6 30 0.38 0.26
6 31 0.62 0.17
6 32 0.48 0.32
6 33 0.73 0.25
6 34 0.72 0.27
6 35 0.52 0.29
6 36 0.67 0.28
6 37 0.46 0.24
6 38 0.47 0.21
6 39 0.3 0.18
6 40 0.71 0.33
6 41 0.68 0.2
6 42 0.39 0.22
6 43 0.35 0.22
6 44 0.68 0.28
6 45 0.52 0.32
6 46 0.53 0.19
6 47 0.76 0.25
6 48 0.69 0.2
6 49 0.46 0.2
6 50 0.52 0.06
7 8 0.44 0.12
7 9 0.74 0.19
7 10 0.52 0.28
7 11 0.72 0.17
7 12 0.4 0.23
7 13 0.45 0.18
7 14 0.59 0.21
7 15 0.64 0.29
7 16 0.62 0.24
7 17 0.53 0.08
7 18 0.4 0.17
7 19 0.46 0.2
7 20 0.67 0.3
7 21 0.54 0.22
7 22 0.46 0.21
7 23 0.49 0.18
7 24 0.46 0.32
7 25 0.34 0.19
7 26 0.57 0.24
7 27 0.52 0.18
7 28 0.56 0.22
7 29 0.6 0.32
7 30 0.6 0.23
7 31 0.62 0.21
7 32 0.58 0.34
7 33 0.73 0.25
7 34 0.57 0.19
7 35 0.36 0.14
7 36 0.58 0.1
7 37 0.68 0.2
7 38 0.61 0.36
7 39 0.56 0.17
7 40 0.18 0.09
7 41 0.73 0.25
7 42 0.38 0.26
7 43 0.47 0.16
7 44 0.34 0.14
7 45 0.54 0.29
7 46 0.36 0.22
7 47 0.38 0.28
7 48 0.78 0.38
7 49 0.69 0.25
7 50 0.64 0.32
8 9 0.8 0.2
8 10 0.7 0.22
8 11 0.5 0.18
8 12 0.69 0.16
8 13 0.62 0.13
8 14 0.69 0.09
8 15 0.76 0.22
8 16 0.52 0.2
8 17 0.5 0.04
8 18 0.45 0.16
8 19 0.48 0.12
8 20 0.48 0.21
8 21 0.54 0.19
8 22 0.6 0.16
8 23 0.4 0.1
8 24 0.75 0.24
8 25 0.72 0.11
8 26 0.71 0.16
8 27 0.74 0.17
8 28 0.72 0.1
8 29 0.51 0.24
8 30 0.8 0.16
8 31 0.44 0.13
8 32 0.69 0.31
8 33 0.61 0.17
8 34 0.61 0.13
8 35 0.58 0.06
8 36 0.58 0.19
8 37 0.48 0.17
8 38 0.73 0.29
8 39 0.61 0.19
8 40 0.53 0.21
8 41 0.7 0.17
8 42 0.48 0.18
8 43 0.86 0.16
8 44 0.72 0.06
8 45 0.52 0.21
8 46 0.42 0.1
8 47 0.6 0.16
8 48 0.59 0.32
8 49 0.66 0.21
8 50 0.74 0.23
9 10 0.46 0.26
9 11 0.74 0.22
9 12 0.56 0.14
9 13 0.32 0.23
9 14 0.6 0.23
9 15 0.48 0.26
9 16 0.48 0.27
9 17 0.54 0.24
9 18 0.51 0.16
9 19 0.59 0.16
9 20 0.62 0.3
9 21 0.49 0.22
9 22 0.5 0.2
9 23 0.4 0.25
9 24 0.64 0.28
9 25 0.44 0.2
9 26 0.6 0.12
9 27 0.67 0.22
9 28 0.69 0.19
9 29 0.73 0.35
9 30 0.38 0.12
9 31 0.55 0.22
9 32 0.6 0.27
9 33 0.68 0.22
9 34 0.72 0.16
9 35 0.57 0.22
9 36 0.7 0.09
9 37 0.74 0.19
9 38 0.7 0.23
9 39 0.2 0.2
9 40 0.59 0.26
9 41 0.54 0.22
9 42 0.56 0.22
9 43 0.7 0.15
9 44 0.55 0.22
9 45 0.61 0.2
9 46 0.54 0.16
9 47 0.66 0.1
9 48 0.42 0.3
9 49 0.56 0.13
9 50 0.53 0.29
10 11 0.62 0.2
10 12 0.46 0.18
10 13 0.54 0.24
10 14 0.57 0.25
10 15 0.62 0.28
10 16 0.73 0.25
10 17 0.78 0.22
10 18 0.68 0.25
10 19 0.53 0.18
10 20 0.52 0.19
10 21 0.42 0.25
10 22 0.72 0.29
10 23 0.54 0.18
10 24 0.58 0.23
10 25 0.72 0.21
10 26 0.52 0.14
10 27 0.62 0.21
10 28 0.58 0.16
10 29 0.42 0.14
10 30 0.71 0.23
10 31 0.81 0.26
10 32 0.58 0.36
10 33 0.52 0.24
10 34 0.53 0.19
10 35 0.6 0.16
10 36 0.74 0.18
10 37 0.39 0.26
10 38 0.7 0.22
10 39 0.62 0.31
10 40 0.49 0.28
10 41 0.25 0.11
10 42 0.48 0.24
10 43 0.63 0.24
10 44 0.62 0.24
10 45 0.65 0.3
10 46 0.62 0.3
10 47 0.34 0.25
10 48 0.45 0.1
10 49 0.64 0.28
10 50 0.72 0.24
11 12 0.37 0.14
11 13 0.49 0.18
11 14 0.46 0.14
11 15 0.67 0.18
11 16 0.48 0.3
11 17 0.74 0.18
11 18 0.48 0.06
11 19 0.6 0.18
11 20 0.56 0.23
11 21 0.59 0.21
11 22 0.6 0.1
11 23 0.64 0.24
11 24 0.65 0.25
11 25 0.58 0.17
11 26 0.21 0.14
11 27 0.74 0.17
11 28 0.66 0.2
11 29 0.79 0.34
11 30 0.6 0.22
11 31 0.58 0.2
11 32 0.71 0.26
11 33 0.64 0.2
11 34 0.57 0.18
11 35 0.5 0.12
11 36 0.32 0.13
11 37 0.68 0.22
11 38 0.66 0.3
11 39 0.55 0.24
11 40 0.54 0.08
11 41 0.46 0.24
11 42 0.58 0.22
11 43 0.68 0.19
11 44 0.52 0.16
11 45 0.44 0.27
11 46 0.64 0.22
11 47 0.57 0.28
11 48 0.59 0.3
11 49 0.83 0.17
11 50 0.67 0.21
12 13 0.68 0.18
12 14 0.8 0.19
12 15 0.54 0.2
12 16 0.28 0.16
12 17 0.56 0.16
12 18 0.54 0.08
12 19 0.58 0.12
12 20 0.6 0.16
12 21 0.47 0.08
12 22 0.61 0.12
12 23 0.72 0.22
12 24 0.58 0.2
12 25 0.74 0.15
12 26 0.56 0.08
12 27 0.56 0.12
12 28 0.56 0.21
12 29 0.68 0.27
12 30 0.62 0.22
12 31 0.61 0.2
12 32 0.6 0.28
12 33 0.58 0.18
12 34 0.42 0.18
12 35 0.68 0.1
12 36 0.6 0.15
12 37 0.7 0.22
12 38 0.76 0.3
12 39 0.57 0.22
12 40 0.46 0.14
12 41 0.61 0.18
12 42 0.21 0.08
12 43 0.64 0.2
12 44 0.5 0.18
12 45 0.45 0.18
12 46 0.35 0.18
12 47 0.49 0.24
12 48 0.67 0.28
12 49 0.48 0.19
12 50 0.6 0.23
13 14 0.42 0.04
13 15 0.52 0.25
13 16 0.6 0.19
13 17 0.63 0.17
13 18 0.58 0.21
13 19 0.56 0.19
13 20 0.52 0.16
13 21 0.56 0.24
13 22 0.59 0.23
13 23 0.69 0.15
13 24 0.44 0.2
13 25 0.58 0.21
13 26 0.28 0.15
13 27 0.56 0.21
13 28 0.55 0.23
13 29 0.68 0.22
13 30 0.48 0.22
13 31 0.69 0.26
13 32 0.66 0.3
13 33 0.66 0.25
13 34 0.5 0.26
13 35 0.6 0.16
13 36 0.65 0.14
13 37 0.69 0.04
13 38 0.6 0.32
13 39 0.52 0.14
13 40 0.42 0.26
13 41 0.48 0.19
13 42 0.63 0.25
13 43 0.58 0.2
13 44 0.66 0.18
13 45 0.62 0.14
13 46 0.49 0.16
13 47 0.4 0.22
13 48 0.74 0.34
13 49 0.36 0.16
13 50 0.62 0.26
14 15 0.48 0.21
14 16 0.54 0.23
14 17 0.58 0.13
14 18 0.34 0.2
14 19 0.53 0.15
14 20 0.6 0.12
14 21 0.7 0.2
14 22 0.54 0.19
14 23 0.45 0.19
14 24 0.5 0.16
14 25 0.7 0.2
14 26 0.42 0.11
14 27 0.54 0.24
14 28 0.59 0.19
14 29 0.72 0.26
14 30 0.25 0.18
14 31 0.72 0.22
14 32 0.68 0.26
14 33 0.74 0.21
14 34 0.54 0.22
14 35 0.5 0.15
14 36 0.52 0.18
14 37 0.48 0.08
14 38 0.67 0.28
14 39 0.52 0.1
14 40 0.6 0.22
14 41 0.62 0.2
14 42 0.68 0.21
14 43 0.24 0.24
14 44 0.42 0.15
14 45 0.55 0.18
14 46 0.54 0.19
14 47 0.66 0.25
14 48 0.51 0.3
14 49 0.48 0.12
14 50 0.79 0.22
15 16 0.71 0.29
15 17 0.56 0.22
15 18 0.71 0.12
15 19 0.56 0.18
15 20 0.63 0.24
15 21 0.5 0.26
15 22 0.63 0.08
15 23 0.82 0.12
15 24 0.62 0.27
15 25 0.67 0.24
15 26 0.46 0.14
15 27 0.25 0.22
15 28 0.77 0.26
15 29 0.67 0.33
15 30 0.39 0.22
15 31 0.55 0.17
15 32 0.64 0.24
15 33 0.62 0.2
15 34 0.73 0.23
15 35 0.66 0.24
15 36 0.41 0.19
15 37 0.68 0.23
15 38 0.71 0.32
15 39 0.68 0.24
15 40 0.61 0.26
15 41 0.46 0.19
15 42 0.62 0.24
15 43 0.56 0.25
15 44 0.62 0.18
15 45 0.7 0.3
15 46 0.64 0.25
15 47 0.7 0.29
15 48 0.79 0.18
15 49 0.58 0.15
15 50 0.49 0.2
16 17 0.84 0.16
16 18 0.56 0.24
16 19 0.5 0.28
16 20 0.44 0.25
16 21 0.31 0.17
16 22 0.43 0.21
16 23 0.65 0.26
16 24 0.7 0.29
16 25 0.6 0.25
16 26 0.6 0.24
16 27 0.46 0.21
16 28 0.33 0.24
16 29 0.69 0.11
16 30 0.75 0.27
16 31 0.58 0.29
16 32 0.52 0.19
16 33 0.6 0.31
16 34 0.7 0.27
16 35 0.4 0.22
16 36 0.46 0.28
16 37 0.76 0.23
16 38 0.56 0.33
16 39 0.6 0.31
16 40 0.66 0.24
16 41 0.74 0.26
16 42 0.49 0.22
16 43 0.36 0.3
16 44 0.41 0.22
16 45 0.67 0.27
16 46 0.63 0.3
16 47 0.74 0.28
16 48 0.78 0.35
16 49 0.65 0.14
16 50 0.55 0.25
17 18 0.74 0.16
17 19 0.42 0.12
17 20 0.52 0.25
17 21 0.65 0.17
17 22 0.67 0.16
17 23 0.74 0.1
17 24 0.5 0.24
17 25 0.26 0.11
17 26 0.71 0.16
17 27 0.7 0.13
17 28 0.58 0.14
17 29 0.62 0.24
17 30 0.41 0.16
17 31 0.55 0.13
17 32 0.73 0.31
17 33 0.75 0.17
17 34 0.61 0.17
17 35 0.46 0.06
17 36 0.52 0.18
17 37 0.7 0.2
17 38 0.72 0.33
17 39 0.54 0.23
17 40 0.63 0.17
17 41 0.53 0.17
17 42 0.5 0.18
17 43 0.69 0.16
17 44 0.55 0.06
17 45 0.56 0.21
17 46 0.45 0.14
17 47 0.62 0.2
17 48 0.47 0.32
17 49 0.72 0.22
17 50 0.68 0.27
18 19 0.45 0.2
18 20 0.48 0.2
18 21 0.61 0.16
18 22 0.38 0.04
18 23 0.62 0.22
18 24 0.7 0.19
18 25 0.7 0.12
18 26 0.65 0.16
18 27 0.46 0.2
18 28 0.62 0.2
18 29 0.65 0.34
18 30 0.59 0.2
18 31 0.84 0.2
18 32 0.6 0.2
18 33 0.6 0.21
18 34 0.59 0.19
18 35 0.55 0.15
18 36 0.68 0.07
18 37 0.71 0.17
18 38 0.43 0.24
18 39 0.71 0.28
18 40 0.58 0.14
18 41 0.84 0.26
18 42 0.65 0.16
18 43 0.58 0.13
18 44 0.5 0.1
18 45 0.74 0.22
18 46 0.7 0.26
18 47 0.52 0.25
18 48 0.78 0.29
18 49 0.61 0.11
18 50 0.49 0.15
19 20 0.44 0.16
19 21 0.48 0.19
19 22 0.46 0.17
19 23 0.38 0.18
19 24 0.27 0.12
19 25 0.3 0.11
19 26 0.66 0.04
19 27 0.52 0.19
19 28 0.6 0.22
19 29 0.2 0.19
19 30 0.58 0.2
19 31 0.55 0.16
19 32 0.38 0.24
19 33 0.65 0.14
19 34 0.65 0.24
19 35 0.1 0.06
19 36 0.43 0.19
19 37 0.65 0.22
19 38 0.62 0.26
19 39 0.44 0.22
19 40 0.56 0.2
19 41 0.6 0.14
19 42 0.64 0.06
19 43 0.58 0.16
19 44 0.34 0.14
19 45 0.5 0.12
19 46 0.5 0.16
19 47 0.51 0.22
19 48 0.56 0.24
19 49 0.68 0.23
19 50 0.26 0.22
20 21 0.13 0.08
20 22 0.52 0.16
20 23 0.69 0.15
20 24 0.5 0.04
20 25 0.65 0.16
20 26 0.51 0.18
20 27 0.64 0.12
20 28 0.52 0.31
20 29 0.53 0.33
20 30 0.35 0.25
20 31 0.36 0.15
20 32 0.42 0.18
20 33 0.61 0.26
20 34 0.48 0.29
20 35 0.54 0.21
20 36 0.53 0.27
20 37 0.58 0.2
20 38 0.68 0.16
20 39 0.42 0.22
20 40 0.66 0.3
20 41 0.38 0.08
20 42 0.5 0.22
20 43 0.42 0.21
20 44 0.64 0.25
20 45 0.69 0.26
20 46 0.48 0.28
20 47 0.67 0.27
20 48 0.6 0.18
20 49 0.46 0.23
20 50 0.7 0.22
21 22 0.39 0.2
21 23 0.56 0.21
21 24 0.63 0.12
21 25 0.66 0.08
21 26 0.38 0.16
21 27 0.62 0.04
21 28 0.64 0.25
21 29 0.66 0.28
21 30 0.48 0.18
21 31 0.49 0.2
21 32 0.55 0.26
21 33 0.71 0.26
21 34 0.53 0.22
21 35 0.58 0.13
21 36 0.4 0.19
21 37 0.6 0.28
21 38 0.79 0.24
21 39 0.29 0.14
21 40 0.53 0.22
21 41 0.43 0.14
21 42 0.49 0.16
21 43 0.46 0.13
21 44 0.51 0.17
21 45 0.56 0.18
21 46 0.35 0.26
21 47 0.64 0.32
21 48 0.47 0.24
21 49 0.38 0.23
21 50 0.74 0.27
22 23 0.52 0.19
22 24 0.56 0.2
22 25 0.41 0.16
22 26 0.7 0.2
22 27 0.48 0.24
22 28 0.38 0.18
22 29 0.53 0.3
22 30 0.6 0.19
22 31 0.57 0.24
22 32 0.28 0.16
22 33 0.51 0.21
22 34 0.6 0.15
22 35 0.45 0.18
22 36 0.4 0.11
22 37 0.33 0.19
22 38 0.66 0.24
22 39 0.52 0.27
22 40 0.62 0.18
22 41 0.55 0.24
22 42 0.4 0.2
22 43 0.72 0.17
22 44 0.12 0.1
22 45 0.36 0.26
22 46 0.51 0.25
22 47 0.75 0.21
22 48 0.52 0.26
22 49 0.23 0.07
22 50 0.54 0.12
23 24 0.65 0.19
23 25 0.54 0.17
23 26 0.62 0.17
23 27 0.8 0.23
23 28 0.32 0.2
23 29 0.42 0.3
23 30 0.51 0.22
23 31 0.6 0.18
23 32 0.58 0.26
23 33 0.44 0.23
23 34 0.5 0.23
23 35 0.34 0.12
23 36 0.72 0.21
23 37 0.34 0.11
23 38 0.4 0.31
23 39 0.56 0.29
23 40 0.56 0.27
23 41 0.45 0.07
23 42 0.75 0.24
23 43 0.69 0.22
23 44 0.48 0.12
23 45 0.64 0.21
23 46 0.65 0.2
23 47 0.58 0.26
23 48 0.72 0.28
23 49 0.44 0.12
23 50 0.64 0.21
24 25 0.32 0.2
24 26 0.44 0.16
24 27 0.55 0.16
24 28 0.7 0.34
24 29 0.47 0.31
24 30 0.52 0.28
24 31 0.7 0.19
24 32 0.65 0.22
24 33 0.44 0.22
24 34 0.59 0.32
24 35 0.37 0.18
24 36 0.58 0.26
24 37 0.68 0.24
24 38 0.46 0.2
24 39 0.44 0.2
24 40 0.32 0.29
24 41 0.52 0.12
24 42 0.52 0.18
24 43 0.38 0.25
24 44 0.44 0.26
24 45 0.56 0.24
24 46 0.5 0.28
24 47 0.4 0.28
24 48 0.72 0.22
24 49 0.64 0.27
24 50 0.53 0.26
25 26 0.71 0.15
25 27 0.68 0.12
25 28 0.55 0.21
25 29 0.44 0.3
25 30 0.6 0.18
25 31 0.38 0.2
25 32 0.47 0.2
25 33 0.63 0.2
25 34 0.35 0.22
25 35 0.2 0.05
25 36 0.26 0.11
25 37 0.69 0.2
25 38 0.59 0.28
25 39 0.52 0.22
25 40 0.52 0.25
25 41 0.47 0.22
25 42 0.72 0.17
25 43 0.6 0.05
25 44 0.29 0.09
25 45 0.5 0.1
25 46 0.64 0.21
25 47 0.54 0.27
25 48 0.66 0.31
25 49 0.64 0.23
25 50 0.56 0.27
26 27 0.71 0.18
26 28 0.46 0.26
26 29 0.82 0.23
26 30 0.54 0.24
26 31 0.68 0.12
26 32 0.56 0.22
26 33 0.48 0.1
26 34 0.36 0.26
26 35 0.56 0.1
26 36 0.53 0.21
26 37 0.5 0.19
26 38 0.82 0.22
26 39 0.42 0.21
26 40 0.7 0.16
26 41 0.32 0.1
26 42 0.44 0.1
26 43 0.62 0.2
26 44 0.72 0.18
26 45 0.53 0.16
26 46 0.58 0.2
26 47 0.36 0.22
26 48 0.66 0.24
26 49 0.64 0.21
26 50 0.46 0.22
27 28 0.52 0.21
27 29 0.42 0.24
27 30 0.29 0.14
27 31 0.63 0.16
27 32 0.75 0.22
27 33 0.81 0.24
27 34 0.63 0.18
27 35 0.52 0.13
27 36 0.42 0.18
27 37 0.67 0.25
27 38 0.55 0.2
27 39 0.56 0.18
27 40 0.36 0.25
27 41 0.71 0.18
27 42 0.68 0.2
27 43 0.6 0.17
27 44 0.42 0.19
27 45 0.52 0.16
27 46 0.54 0.27
27 47 0.58 0.29
27 48 0.54 0.28
27 49 0.71 0.19
27 50 0.74 0.23
28 29 0.67 0.22
28 30 0.45 0.07
28 31 0.64 0.23
28 32 0.62 0.28
28 33 0.42 0.26
28 34 0.46 0.03
28 35 0.66 0.16
28 36 0.76 0.22
28 37 0.66 0.25
28 38 0.64 0.32
28 39 0.5 0.15
28 40 0.65 0.13
28 41 0.62 0.27
28 42 0.77 0.24
28 43 0.46 0.16
28 44 0.26 0.16
28 45 0.5 0.15
28 46 0.75 0.14
28 47 0.62 0.2
28 48 0.7 0.26
28 49 0.55 0.2
28 50 0.4 0.27
29 30 0.6 0.29
29 31 0.75 0.33
29 32 0.54 0.3
29 33 0.45 0.3
29 34 0.61 0.25
29 35 0.3 0.25
29 36 0.54 0.32
29 37 0.45 0.26
29 38 0.42 0.26
29 39 0.56 0.36
29 40 0.69 0.35
29 41 0.62 0.25
29 42 0.48 0.2
29 43 0.48 0.29
29 44 0.54 0.26
29 45 0.7 0.31
29 46 0.62 0.3
29 47 0.57 0.36
29 48 0.61 0.24
29 49 0.48 0.25
29 50 0.4 0.28
30 31 0.67 0.25
30 32 0.46 0.27
30 33 0.71 0.21
30 34 0.34 0.04
30 35 0.55 0.18
30 36 0.44 0.21
30 37 0.38 0.18
30 38 0.78 0.34
30 39 0.56 0.08
30 40 0.59 0.14
30 41 0.5 0.29
30 42 0.47 0.26
30 43 0.49 0.18
30 44 0.48 0.1
30 45 0.52 0.08
30 46 0.41 0.2
30 47 0.53 0.21
30 48 0.46 0.3
30 49 0.52 0.13
30 50 0.72 0.31
31 32 0.64 0.33
31 33 0.67 0.22
31 34 0.42 0.25
31 35 0.5 0.15
31 36 0.64 0.27
31 37 0.42 0.26
31 38 0.55 0.2
31 39 0.56 0.3
31 40 0.44 0.28
31 41 0.64 0.22
31 42 0.4 0.22
31 43 0.74 0.25
31 44 0.67 0.15
31 45 0.53 0.28
31 46 0.26 0.2
31 47 0.61 0.26
31 48 0.74 0.31
31 49 0.34 0.19
31 50 0.79 0.22
32 33 0.57 0.28
32 34 0.78 0.31
32 35 0.48 0.25
32 36 0.39 0.24
32 37 0.46 0.34
32 38 0.5 0.34
32 39 0.52 0.35
32 40 0.72 0.3
32 41 0.68 0.26
32 42 0.68 0.3
32 43 0.56 0.25
32 44 0.4 0.26
32 45 0.54 0.3
32 46 0.56 0.34
32 47 0.66 0.28
32 48 0.8 0.36
32 49 0.3 0.14
32 50 0.48 0.28
33 34 0.52 0.25
33 35 0.62 0.19
33 36 0.66 0.28
33 37 0.47 0.25
33 38 0.84 0.28
33 39 0.5 0.28
33 40 0.56 0.26
33 41 0.62 0.2
33 42 0.55 0.2
33 43 0.5 0.25
33 44 0.39 0.11
33 45 0.61 0.26
33 46 0.41 0.27
33 47 0.64 0.32
33 48 0.28 0.24
33 49 0.74 0.27
33 50 0.56 0.28
34 35 0.55 0.19
34 36 0.59 0.25
34 37 0.72 0.22
34 38 0.65 0.3
34 39 0.62 0.12
34 40 0.71 0.1
34 41 0.54 0.3
34 42 0.63 0.26
34 43 0.78 0.19
34 44 0.64 0.14
34 45 0.51 0.12
34 46 0.63 0.17
34 47 0.19 0.17
34 48 0.62 0.29
34 49 0.48 0.17
34 50 0.42 0.27
35 36 0.46 0.13
35 37 0.58 0.2
35 38 0.64 0.32
35 39 0.37 0.18
35 40 0.54 0.2
35 41 0.53 0.19
35 42 0.73 0.12
35 43 0.48 0.1
35 44 0.44 0.08
35 45 0.54 0.15
35 46 0.6 0.16
35 47 0.61 0.22
35 48 0.66 0.26
35 49 0.59 0.24
35 50 0.36 0.28
36 37 0.57 0.1
36 38 0.81 0.31
36 39 0.69 0.27
36 40 0.52 0.19
36 41 0.64 0.25
36 42 0.56 0.23
36 43 0.36 0.06
36 44 0.5 0.17
36 45 0.62 0.2
36 46 0.7 0.24
36 47 0.4 0.19
36 48 0.54 0.28
36 49 0.63 0.18
36 50 0.56 0.22
37 38 0.74 0.29
37 39 0.62 0.18
37 40 0.5 0.24
37 41 0.22 0.15
37 42 0.49 0.24
37 43 0.6 0.16
37 44 0.45 0.14
37 45 0.57 0.1
37 46 0.52 0.14
37 47 0.6 0.2
37 48 0.48 0.36
37 49 0.56 0.2
37 50 0.85 0.27
38 39 0.76 0.38
38 40 0.62 0.33
38 41 0.58 0.24
38 42 0.58 0.29
38 43 0.66 0.33
38 44 0.54 0.32
38 45 0.4 0.31
38 46 0.44 0.19
38 47 0.46 0.13
38 48 0.56 0.32
38 49 0.56 0.23
38 50 0.66 0.27
39 40 0.5 0.22
39 41 0.4 0.28
39 42 0.36 0.28
39 43 0.65 0.26
39 44 0.4 0.18
39 45 0.41 0.16
39 46 0.5 0.28
39 47 0.46 0.29
39 48 0.44 0.22
39 49 0.52 0.21
39 50 0.7 0.24
40 41 0.64 0.26
40 42 0.32 0.22
40 43 0.65 0.25
40 44 0.52 0.23
40 45 0.72 0.22
40 46 0.18 0.14
40 47 0.52 0.2
40 48 0.72 0.38
40 49 0.7 0.16
40 50 0.46 0.27
41 42 0.4 0.2
41 43 0.38 0.2
41 44 0.46 0.19
41 45 0.4 0.25
41 46 0.54 0.22
41 47 0.59 0.19
41 48 0.44 0.21
41 49 0.64 0.19
41 50 0.78 0.14
42 43 0.62 0.22
42 44 0.52 0.2
42 45 0.66 0.18
42 46 0.14 0.1
42 47 0.58 0.16
42 48 0.46 0.3
42 49 0.38 0.17
42 50 0.39 0.16
43 44 0.66 0.14
43 45 0.36 0.15
43 46 0.48 0.26
43 47 0.65 0.25
43 48 0.62 0.34
43 49 0.52 0.24
43 50 0.82 0.28
44 45 0.48 0.18
44 46 0.49 0.16
44 47 0.72 0.22
44 48 0.64 0.28
44 49 0.35 0.17
44 50 0.42 0.22
45 46 0.7 0.24
45 47 0.67 0.27
45 48 0.33 0.32
45 49 0.59 0.21
45 50 0.6 0.34
46 47 0.44 0.06
46 48 0.6 0.27
46 49 0.52 0.2
46 50 0.53 0.13
47 48 0.7 0.33
47 49 0.6 0.14
47 50 0.48 0.19
48 49 0.64 0.33
48 50 0.5 0.14
49 50 0.76 0.19
node_demand
0.125
0.175
0.125
0.175
0.1
0.075
0.2
0.225
0.2
0.1
0.05
0.075
0.1
0.175
0.175
0.175
0.175
0.075
0.2
0.05
0.025
0.2
0.175
0.1
0.175
0.2
0.125
0.175
0.1
0.2
0.075
0.1
0.025
0.05
0.025
0.1
0.1
0.175
0.15
0.075
0.125
0.225
0.175
0.2
0.15
0.1
0.15
0.075
0.025
0.05
