50
0 1 0.46 0.23
0 2 0.67 0.24
0 3 0.64 0.28
0 4 0.46 0.18
0 5 0.66 0.18
0 6 0.4 0.26
0 7 0.58 0.18
0 8 0.68 0.22
0 9 0.54 0.2
0 10 0.66 0.26
0 11 0.4 0.14
0 12 0.59 0.18
0 13 0.74 0.12
0 14 0.54 0.23
0 15 0.46 0.22
0 16 0.53 0.2
0 17 0.82 0.14
0 18 0.78 0.24
0 19 0.56 0.2
0 20 0.41 0.23
0 21 0.71 0.24
0 22 0.68 0.24
0 23 0.66 0.12
0 24 0.48 0.18
0 25 0.6 0.02
0 26 0.5 0.18
0 27 0.64 0.28
0 28 0.67 0.23
0 29 0.76 0.24
0 30 0.76 0.26
0 31 0.3 0.1
0 32 0.5 0.12
0 33 0.75 0.14
0 34 0.57 0.13
0 35 0.59 0.18
0 36 0.56 0.16
0 37 0.66 0.14
0 38 0.5 0.24
0 39 0.54 0.2
0 40 0.36 0.13
0 41 0.22 0.18
0 42 0.5 0.23
0 43 0.81 0.22
0 44 0.5 0.23
0 45 0.52 0.15
0 46 0.64 0.2
0 47 0.73 0.18
0 48 0.7 0.28
0 49 0.74 0.22
0 50 0.58 0.3
1 2 0.59 0.27
1 3 0.81 0.31
1 4 0.71 0.24
1 5 0.38 0.24
1 6 0.59 0.16
1 7 0.65 0.24
1 8 0.65 0.25
1 9 0.68 0.34
1 10 0.2 0.14
1 11 0.57 0.25
1 12 0.62 0.22
1 13 0.6 0.28
1 14 0.54 0.28
1 15 0.71 0.24
1 16 0.58 0.2
1 17 0.48 0.19
1 18 0.32 0.16
1 19 0.59 0.18
1 20 0.44 0.21
1 21 0.78 0.26
1 22 0.59 0.26
1 23 0.44 0.34
1 24 0.62 0.26
1 25 0.74 0.24
1 26 0.7 0.23
1 27 0.67 0.32
1 28 0.52 0.29
1 29 0.88 0.28
1 30 0.35 0.14
1 31 0.54 0.24
1 32 0.5 0.17
1 33 0.57 0.26
1 34 0.69 0.18
1 35 0.58 0.22
1 36 0.58 0.27
1 37 0.64 0.3
1 38 0.4 0.2
1 39 0.56 0.19
1 40 0.4 0.1
1 41 0.63 0.17
1 42 0.73 0.28
1 43 0.83 0.24
1 44 0.74 0.32
1 45 0.56 0.12
1 46 0.49 0.23
1 47 0.54 0.16
1 48 0.73 0.28
1 49 0.58 0.28
1 50 0.58 0.2
2 3 0.54 0.04
2 4 0.57 0.18
2 5 0.56 0.06
2 6 0.69 0.26
2 7 0.38 0.12
2 8 0.54 0.26
2 9 0.44 0.17
2 10 0.44 0.16
2 11 0.39 0.1
2 12 0.72 0.2
2 13 0.77 0.18
2 14 0.69 0.28
2 15 0.62 0.2
2 16 0.53 0.16
2 17 0.5 0.2
2 18 0.76 0.24
2 19 0.64 0.18
2 20 0.49 0.21
2 21 0.7 0.18
2 22 0.48 0.26
2 23 0.53 0.17
2 24 0.71 0.16
2 25 0.7 0.26
2 26 0.46 0.23
2 27 0.63 0.11
2 28 0.42 0.11
2 29 0.7 0.24
2 30 0.24 0.16
2 31 0.52 0.14
2 32 0.76 0.18
2 33 0.55 0.16
2 34 0.58 0.19
2 35 0.58 0.2
2 36 0.54 0.08
2 37 0.63 0.2
2 38 0.68 0.2
2 39 0.61 0.21
2 40 0.5 0.17
2 41 0.54 0.18
2 42 0.62 0.27
2 43 0.7 0.18
2 44 0.39 0.2
2 45 0.5 0.19
2 46 0.67 0.04
2 47 0.7 0.22
2 48 0.5 0.18
2 49 0.48 0.24
2 50 0.48 0.3
3 4 0.58 0.22
3 5 0.46 0.1
3 6 0.62 0.24
3 7 0.44 0.16
3 8 0.78 0.3
3 9 0.74 0.21
3 10 0.83 0.2
3 11 0.65 0.14
3 12 0.72 0.16
3 13 0.45 0.16
3 14 0.48 0.24
3 15 0.56 0.24
3 16 0.5 0.2
3 17 0.63 0.24
3 18 0.51 0.22
3 19 0.49 0.22
3 20 0.5 0.25
3 21 0.4 0.14
3 22 0.66 0.3
3 23 0.53 0.16
3 24 0.62 0.2
3 25 0.62 0.26
3 26 0.64 0.26
3 27 0.58 0.07
3 28 0.53 0.15
3 29 0.58 0.25
3 30 0.72 0.2
3 31 0.49 0.18
3 32 0.6 0.22
3 33 0.61 0.2
3 34 0.65 0.23
3 35 0.69 0.16
3 36 0.58 0.12
3 37 0.48 0.18
3 38 0.55 0.24
3 39 0.62 0.25
3 40 0.54 0.21
3 41 0.42 0.16
3 42 0.61 0.27
3 43 0.75 0.22
3 44 0.34 0.17
3 45 0.7 0.23
3 46 0.74 0.08
3 47 0.82 0.26
3 48 0.69 0.22
3 49 0.77 0.22
3 50 0.7 0.28
4 5 0.44 0.18
4 6 0.5 0.24
4 7 0.58 0.21
4 8 0.56 0.15
4 9 0.58 0.19
4 10 0.56 0.22
4 11 0.18 0.08
4 12 0.18 0.15
4 13 0.28 0.17
4 14 0.62 0.18
4 15 0.49 0.2
4 16 0.66 0.24
4 17 0.38 0.09
4 18 0.66 0.09
4 19 0.5 0.15
4 20 0.6 0.14
4 21 0.64 0.23
4 22 0.54 0.19
4 23 0.66 0.19
4 24 0.48 0.18
4 25 0.53 0.17
4 26 0.34 0.13
4 27 0.54 0.23
4 28 0.44 0.22
4 29 0.5 0.24
4 30 0.62 0.26
4 31 0.47 0.24
4 32 0.7 0.07
4 33 0.6 0.19
4 34 0.28 0.06
4 35 0.6 0.23
4 36 0.51 0.1
4 37 0.54 0.19
4 38 0.51 0.13
4 39 0.38 0.15
4 40 0.64 0.14
4 41 0.62 0.16
4 42 0.66 0.16
4 43 0.58 0.16
4 44 0.3 0.17
4 45 0.72 0.16
4 46 0.56 0.16
4 47 0.47 0.17
4 48 0.4 0.27
4 49 0.75 0.26
4 50 0.4 0.26
5 6 0.65 0.24
5 7 0.61 0.18
5 8 0.62 0.21
5 9 0.72 0.23
5 10 0.58 0.22
5 11 0.26 0.16
5 12 0.62 0.26
5 13 0.64 0.18
5 14 0.49 0.27
5 15 0.54 0.14
5 16 0.42 0.1
5 17 0.6 0.18
5 18 0.46 0.25
5 19 0.67 0.24
5 20 0.52 0.27
5 21 0.75 0.24
5 22 0.56 0.26
5 23 0.41 0.22
5 24 0.59 0.14
5 25 0.73 0.2
5 26 0.54 0.17
5 27 0.63 0.17
5 28 0.38 0.17
5 29 0.52 0.18
5 30 0.32 0.1
5 31 0.78 0.08
5 32 0.48 0.16
5 33 0.56 0.18
5 34 0.5 0.17
5 35 0.54 0.22
5 36 0.59 0.14
5 37 0.48 0.2
5 38 0.55 0.26
5 39 0.64 0.15
5 40 0.56 0.23
5 41 0.52 0.16
5 42 0.68 0.21
5 43 0.71 0.2
5 44 0.72 0.18
5 45 0.56 0.22
5 46 0.41 0.02
5 47 0.58 0.16
5 48 0.58 0.16
5 49 0.31 0.24
5 50 0.48 0.28
6 7 0.72 0.3
6 8 0.7 0.28
6 9 0.68 0.27
6 10 0.72 0.3
6 11 0.64 0.16
6 12 0.32 0.26
6 13 0.57 0.25
6 14 0.53 0.18
6 15 0.5 0.3
6 16 0.71 0.33
6 17 0.57 0.31
6 18 0.77 0.27
6 19 0.64 0.28
6 20 0.58 0.22
6 21 0.42 0.24
6 22 0.7 0.28
6 23 0.63 0.22
6 24 0.48 0.26
6 25 0.52 0.28
6 26 0.3 0.28
6 27 0.66 0.31
6 28 0.27 0.24
6 29 0.64 0.32
6 30 0.68 0.3
6 31 0.22 0.16
6 32 0.64 0.29
6 33 0.75 0.3
6 34 0.71 0.29
6 35 0.43 0.32
6 36 0.64 0.18
6 37 0.46 0.23
6 38 0.65 0.23
6 39 0.5 0.28
6 40 0.6 0.26
6 41 0.4 0.08
6 42 0.52 0.26
6 43 0.44 0.24
6 44 0.42 0.3
6 45 0.6 0.28
6 46 0.39 0.26
6 47 0.44 0.24
6 48 0.54 0.38
6 49 0.34 0.3
6 50 0.46 0.04
7 8 0.46 0.18
7 9 0.66 0.1
7 10 0.45 0.16
7 11 0.48 0.18
7 12 0.4 0.12
7 13 0.55 0.12
7 14 0.68 0.2
7 15 0.48 0.19
7 16 0.43 0.2
7 17 0.28 0.12
7 18 0.47 0.14
7 19 0.48 0.06
7 20 0.63 0.14
7 21 0.32 0.06
7 22 0.5 0.14
7 23 0.58 0.17
7 24 0.57 0.08
7 25 0.73 0.2
7 26 0.46 0.2
7 27 0.66 0.23
7 28 0.65 0.18
7 29 0.61 0.15
7 30 0.62 0.26
7 31 0.69 0.23
7 32 0.6 0.14
7 33 0.17 0.04
7 34 0.67 0.15
7 35 0.67 0.08
7 36 0.54 0.16
7 37 0.38 0.14
7 38 0.38 0.13
7 39 0.54 0.18
7 40 0.83 0.14
7 41 0.66 0.26
7 42 0.58 0.23
7 43 0.52 0.2
7 44 0.62 0.26
7 45 0.67 0.12
7 46 0.44 0.16
7 47 0.76 0.25
7 48 0.61 0.24
7 49 0.58 0.21
7 50 0.7 0.3
8 9 0.5 0.15
8 10 0.72 0.26
8 11 0.5 0.16
8 12 0.38 0.2
8 13 0.77 0.22
8 14 0.56 0.21
8 15 0.5 0.23
8 16 0.42 0.21
8 17 0.68 0.12
8 18 0.6 0.24
8 19 0.56 0.18
8 20 0.7 0.25
8 21 0.49 0.24
8 22 0.54 0.22
8 23 0.64 0.27
8 24 0.68 0.18
8 25 0.5 0.2
8 26 0.47 0.16
8 27 0.8 0.26
8 28 0.52 0.28
8 29 0.81 0.25
8 30 0.3 0.22
8 31 0.67 0.26
8 32 0.65 0.1
8 33 0.57 0.14
8 34 0.4 0.09
8 35 0.36 0.18
8 36 0.55 0.18
8 37 0.52 0.24
8 38 0.77 0.26
8 39 0.6 0.06
8 40 0.67 0.15
8 41 0.57 0.24
8 42 0.62 0.19
8 43 0.79 0.22
8 44 0.56 0.29
8 45 0.64 0.13
8 46 0.89 0.23
8 47 0.68 0.24
8 48 0.4 0.3
8 49 0.73 0.29
8 50 0.72 0.24
9 10 0.53 0.26
9 11 0.58 0.11
9 12 0.76 0.22
9 13 0.66 0.22
9 14 0.6 0.3
9 15 0.18 0.1
9 16 0.38 0.14
9 17 0.72 0.22
9 18 0.54 0.24
9 19 0.5 0.16
9 20 0.65 0.24
9 21 0.56 0.16
9 22 0.42 0.24
9 23 0.74 0.18
9 24 0.75 0.17
9 25 0.72 0.22
9 26 0.58 0.26
9 27 0.61 0.28
9 28 0.54 0.23
9 29 0.69 0.14
9 30 0.59 0.2
9 31 0.64 0.27
9 32 0.68 0.2
9 33 0.51 0.14
9 34 0.39 0.19
9 35 0.7 0.18
9 36 0.64 0.09
9 37 0.66 0.24
9 38 0.65 0.23
9 39 0.54 0.21
9 40 0.7 0.24
9 41 0.52 0.19
9 42 0.77 0.29
9 43 0.62 0.16
9 44 0.58 0.19
9 45 0.54 0.22
9 46 0.68 0.21
9 47 0.62 0.28
9 48 0.6 0.34
9 49 0.74 0.2
9 50 0.46 0.31
10 11 0.38 0.22
10 12 0.65 0.2
10 13 0.68 0.2
10 14 0.74 0.24
10 15 0.51 0.2
10 16 0.4 0.16
10 17 0.68 0.26
10 18 0.52 0.18
10 19 0.46 0.22
10 20 0.56 0.13
10 21 0.6 0.22
10 22 0.68 0.3
10 23 0.64 0.21
10 24 0.69 0.12
10 25 0.58 0.28
10 26 0.73 0.26
10 27 0.73 0.27
10 28 0.72 0.18
10 29 0.8 0.23
10 30 0.46 0.22
10 31 0.5 0.3
10 32 0.66 0.28
10 33 0.62 0.12
10 34 0.66 0.28
10 35 0.6 0.08
10 36 0.38 0.2
10 37 0.67 0.22
10 38 0.6 0.14
10 39 0.62 0.27
10 40 0.48 0.22
10 41 0.68 0.27
10 42 0.78 0.25
10 43 0.74 0.26
10 44 0.7 0.29
10 45 0.51 0.2
10 46 0.62 0.2
10 47 0.74 0.24
10 48 0.69 0.32
10 49 0.53 0.24
10 50 0.6 0.34
11 12 0.36 0.23
11 13 0.38 0.19
11 14 0.75 0.26
11 15 0.64 0.21
11 16 0.48 0.24
11 17 0.56 0.17
11 18 0.62 0.17
11 19 0.42 0.23
11 20 0.48 0.21
11 21 0.55 0.18
11 22 0.36 0.26
11 23 0.67 0.11
11 24 0.66 0.1
11 25 0.7 0.16
11 26 0.52 0.21
11 27 0.7 0.21
11 28 0.46 0.21
11 29 0.68 0.24
11 30 0.58 0.18
11 31 0.52 0.16
11 32 0.72 0.15
11 33 0.42 0.14
11 34 0.46 0.14
11 35 0.5 0.16
11 36 0.33 0.02
11 37 0.66 0.17
11 38 0.69 0.21
11 39 0.56 0.22
11 40 0.58 0.22
11 41 0.44 0.08
11 42 0.62 0.24
11 43 0.68 0.08
11 44 0.48 0.14
11 45 0.58 0.24
11 46 0.56 0.14
11 47 0.65 0.24
11 48 0.58 0.28
11 49 0.57 0.18
11 50 0.22 0.2
12 13 0.46 0.23
12 14 0.56 0.08
12 15 0.64 0.13
12 16 0.67 0.17
12 17 0.56 0.21
12 18 0.48 0.06
12 19 0.32 0.18
12 20 0.42 0.11
12 21 0.46 0.18
12 22 0.62 0.26
12 23 0.48 0.22
12 24 0.3 0.13
12 25 0.65 0.2
12 26 0.52 0.14
12 27 0.65 0.22
12 28 0.59 0.19
12 29 0.59 0.09
12 30 0.58 0.17
12 31 0.29 0.22
12 32 0.64 0.19
12 33 0.52 0.16
12 34 0.46 0.2
12 35 0.57 0.12
12 36 0.58 0.21
12 37 0.66 0.25
12 38 0.39 0.1
12 39 0.56 0.15
12 40 0.46 0.24
12 41 0.54 0.25
12 42 0.68 0.29
12 43 0.67 0.24
12 44 0.48 0.22
12 45 0.6 0.22
12 46 0.71 0.24
12 47 0.57 0.22
12 48 0.22 0.12
12 49 0.66 0.15
12 50 0.58 0.22
13 14 0.56 0.26
13 15 0.57 0.12
13 16 0.54 0.08
13 17 0.62 0.18
13 18 0.45 0.17
13 19 0.32 0.18
13 20 0.47 0.12
13 21 0.61 0.18
13 22 0.66 0.24
13 23 0.42 0.08
13 24 0.57 0.12
13 25 0.64 0.14
13 26 0.39 0.1
13 27 0.7 0.23
13 28 0.57 0.22
13 29 0.66 0.16
13 30 0.7 0.14
13 31 0.62 0.22
13 32 0.52 0.16
13 33 0.38 0.08
13 34 0.52 0.17
13 35 0.41 0.12
13 36 0.66 0.17
13 37 0.28 0.02
13 38 0.77 0.13
13 39 0.57 0.24
13 40 0.54 0.22
13 41 0.64 0.17
13 42 0.6 0.11
13 43 0.3 0.22
13 44 0.52 0.15
13 45 0.7 0.24
13 46 0.75 0.2
13 47 0.59 0.25
13 48 0.47 0.16
13 49 0.79 0.22
13 50 0.54 0.26
14 15 0.74 0.21
14 16 0.35 0.25
14 17 0.62 0.13
14 18 0.62 0.14
14 19 0.56 0.19
14 20 0.41 0.19
14 21 0.74 0.26
14 22 0.7 0.23
14 23 0.42 0.29
14 24 0.6 0.2
14 25 0.81 0.21
14 26 0.42 0.17
14 27 0.59 0.27
14 28 0.39 0.22
14 29 0.74 0.17
14 30 0.48 0.25
14 31 0.75 0.3
14 32 0.49 0.11
14 33 0.54 0.24
14 34 0.68 0.12
14 35 0.55 0.2
14 36 0.52 0.25
14 37 0.62 0.24
14 38 0.88 0.18
14 39 0.65 0.19
14 40 0.56 0.18
14 41 0.6 0.22
14 42 0.72 0.22
14 43 0.38 0.32
14 44 0.6 0.3
14 45 0.58 0.2
14 46 0.54 0.25
14 47 0.85 0.3
14 48 0.78 0.2
14 49 0.77 0.23
14 50 0.62 0.14
15 16 0.42 0.04
15 17 0.65 0.17
15 18 0.7 0.19
15 19 0.48 0.18
15 20 0.62 0.24
15 21 0.38 0.18
15 22 0.51 0.2
15 23 0.74 0.2
15 24 0.74 0.19
15 25 0.72 0.2
15 26 0.44 0.21
15 27 0.72 0.19
15 28 0.36 0.13
15 29 0.7 0.04
15 30 0.55 0.1
15 31 0.48 0.22
15 32 0.5 0.15
15 33 0.65 0.15
15 34 0.21 0.14
15 35 0.52 0.19
15 36 0.46 0.19
15 37 0.72 0.14
15 38 0.66 0.23
15 39 0.72 0.23
15 40 0.52 0.18
15 41 0.56 0.29
15 42 0.59 0.23
15 43 0.49 0.2
15 44 0.65 0.09
15 45 0.36 0.16
15 46 0.72 0.16
15 47 0.72 0.24
15 48 0.42 0.25
15 49 0.57 0.1
15 50 0.42 0.28
16 17 0.71 0.21
16 18 0.46 0.18
16 19 0.7 0.22
16 20 0.71 0.2
16 21 0.4 0.14
16 22 0.4 0.16
16 23 0.42 0.16
16 24 0.37 0.2
16 25 0.46 0.22
16 26 0.64 0.18
16 27 0.86 0.23
16 28 0.63 0.17
16 29 0.77 0.08
16 30 0.36 0.06
16 31 0.58 0.18
16 32 0.74 0.19
16 33 0.6 0.16
16 34 0.63 0.18
16 35 0.7 0.2
16 36 0.62 0.23
16 37 0.62 0.1
16 38 0.57 0.21
16 39 0.38 0.25
16 40 0.6 0.22
16 41 0.73 0.25
16 42 0.44 0.19
16 43 0.65 0.16
16 44 0.62 0.13
16 45 0.58 0.2
16 46 0.6 0.12
16 47 0.56 0.2
16 48 0.45 0.24
16 49 0.52 0.14
16 50 0.52 0.32
17 18 0.62 0.16
17 19 0.52 0.06
17 20 0.49 0.13
17 21 0.6 0.14
17 22 0.71 0.14
17 23 0.62 0.22
17 24 0.49 0.2
17 25 0.62 0.12
17 26 0.51 0.08
17 27 0.6 0.18
17 28 0.56 0.18
17 29 0.42 0.2
17 30 0.47 0.25
17 31 0.54 0.18
17 32 0.32 0.02
17 33 0.45 0.16
17 34 0.64 0.03
17 35 0.72 0.2
17 36 0.68 0.16
17 37 0.56 0.2
17 38 0.66 0.14
17 39 0.58 0.06
17 40 0.7 0.09
17 41 0.68 0.24
17 42 0.85 0.13
17 43 0.6 0.25
17 44 0.46 0.23
17 45 0.75 0.11
17 46 0.57 0.16
17 47 0.52 0.22
17 48 0.39 0.26
17 49 0.61 0.26
17 50 0.62 0.27
18 19 0.44 0.19
18 20 0.53 0.05
18 21 0.63 0.2
18 22 0.76 0.26
18 23 0.37 0.22
18 24 0.55 0.14
18 25 0.62 0.24
18 26 0.84 0.08
18 27 0.48 0.16
18 28 0.5 0.13
18 29 0.56 0.15
18 30 0.64 0.23
18 31 0.74 0.24
18 32 0.69 0.14
18 33 0.64 0.1
18 34 0.5 0.15
18 35 0.66 0.14
18 36 0.52 0.19
18 37 0.57 0.19
18 38 0.44 0.04
18 39 0.46 0.21
18 40 0.46 0.21
18 41 0.72 0.19
18 42 0.58 0.25
18 43 0.54 0.18
18 44 0.6 0.23
18 45 0.62 0.23
18 46 0.51 0.25
18 47 0.77 0.16
18 48 0.7 0.18
18 49 0.65 0.18
18 50 0.7 0.27
19 20 0.15 0.14
19 21 0.78 0.08
19 22 0.34 0.08
19 23 0.6 0.23
19 24 0.42 0.14
19 25 0.54 0.18
19 26 0.58 0.14
19 27 0.38 0.24
19 28 0.54 0.24
19 29 0.36 0.14
19 30 0.58 0.28
19 31 0.61 0.24
19 32 0.35 0.08
19 33 0.65 0.1
19 34 0.56 0.09
19 35 0.42 0.14
19 36 0.6 0.22
19 37 0.6 0.2
19 38 0.62 0.15
19 39 0.34 0.12
19 40 0.57 0.08
19 41 0.34 0.28
19 42 0.66 0.19
19 43 0.61 0.26
19 44 0.42 0.2
19 45 0.41 0.06
19 46 0.5 0.22
19 47 0.75 0.2
19 48 0.54 0.2
19 49 0.67 0.2
19 50 0.64 0.24
20 21 0.67 0.2
20 22 0.49 0.22
20 23 0.55 0.2
20 24 0.57 0.19
20 25 0.62 0.21
20 26 0.44 0.13
20 27 0.23 0.21
20 28 0.58 0.18
20 29 0.51 0.2
20 30 0.65 0.23
20 31 0.54 0.21
20 32 0.5 0.15
20 33 0.55 0.15
20 34 0.51 0.16
20 35 0.56 0.19
20 36 0.45 0.23
20 37 0.62 0.14
20 38 0.47 0.01
20 39 0.47 0.19
20 40 0.42 0.22
20 41 0.19 0.14
20 42 0.7 0.23
20 43 0.47 0.13
20 44 0.47 0.2
20 45 0.26 0.2
20 46 0.55 0.25
20 47 0.6 0.13
20 48 0.64 0.22
20 49 0.52 0.15
20 50 0.57 0.26
21 22 0.66 0.16
21 23 0.66 0.23
21 24 0.76 0.14
21 25 0.45 0.25
21 26 0.54 0.22
21 27 0.74 0.21
21 28 0.54 0.24
21 29 0.5 0.21
21 30 0.76 0.2
21 31 0.64 0.17
21 32 0.72 0.16
21 33 0.49 0.1
21 34 0.59 0.17
21 35 0.63 0.14
21 36 0.22 0.16
21 37 0.67 0.2
21 38 0.69 0.19
21 39 0.5 0.2
21 40 0.63 0.16
21 41 0.8 0.22
21 42 0.42 0.18
21 43 0.77 0.26
21 44 0.5 0.27
21 45 0.5 0.14
21 46 0.76 0.22
21 47 0.49 0.25
21 48 0.29 0.22
21 49 0.76 0.27
21 50 0.77 0.28
22 23 0.64 0.29
22 24 0.5 0.22
22 25 0.54 0.22
22 26 0.72 0.18
22 27 0.56 0.28
22 28 0.6 0.32
22 29 0.7 0.22
22 30 0.24 0.2
22 31 0.52 0.27
22 32 0.69 0.12
22 33 0.42 0.18
22 34 0.3 0.13
22 35 0.68 0.22
22 36 0.67 0.26
22 37 0.56 0.23
22 38 0.36 0.23
22 39 0.5 0.2
22 40 0.6 0.16
22 41 0.62 0.34
22 42 0.62 0.14
22 43 0.46 0.28
22 44 0.32 0.24
22 45 0.45 0.14
22 46 0.52 0.26
22 47 0.54 0.28
22 48 0.6 0.18
22 49 0.67 0.28
22 50 0.58 0.32
23 24 0.18 0.09
23 25 0.42 0.1
23 26 0.64 0.14
23 27 0.68 0.23
23 28 0.5 0.21
23 29 0.45 0.24
23 30 0.4 0.22
23 31 0.58 0.22
23 32 0.75 0.2
23 33 0.58 0.13
23 34 0.68 0.21
23 35 0.54 0.17
23 36 0.44 0.09
23 37 0.2 0.06
23 38 0.8 0.21
23 39 0.64 0.28
23 40 0.65 0.25
23 41 0.64 0.19
23 42 0.6 0.15
23 43 0.5 0.19
23 44 0.44 0.19
23 45 0.54 0.27
23 46 0.68 0.21
23 47 0.64 0.3
23 48 0.49 0.24
23 49 0.62 0.25
23 50 0.71 0.18
24 25 0.6 0.19
24 26 0.56 0.22
24 27 0.66 0.27
24 28 0.58 0.18
24 29 0.58 0.15
24 30 0.58 0.24
24 31 0.59 0.22
24 32 0.6 0.22
24 33 0.4 0.04
24 34 0.7 0.21
24 35 0.55 0.08
24 36 0.62 0.08
24 37 0.38 0.14
24 38 0.62 0.18
24 39 0.52 0.24
24 40 0.7 0.2
24 41 0.7 0.18
24 42 0.42 0.23
24 43 0.68 0.18
24 44 0.62 0.2
24 45 0.54 0.2
24 46 0.6 0.12
24 47 0.58 0.26
24 48 0.52 0.25
24 49 0.8 0.21
24 50 0.53 0.27
25 26 0.66 0.16
25 27 0.68 0.26
25 28 0.54 0.25
25 29 0.31 0.22
25 30 0.5 0.28
25 31 0.71 0.12
25 32 0.56 0.1
25 33 0.56 0.16
25 34 0.66 0.11
25 35 0.38 0.2
25 36 0.42 0.18
25 37 0.59 0.16
25 38 0.59 0.22
25 39 0.7 0.18
25 40 0.34 0.15
25 41 0.53 0.2
25 42 0.64 0.21
25 43 0.65 0.24
25 44 0.54 0.21
25 45 0.46 0.17
25 46 0.51 0.22
25 47 0.78 0.2
25 48 0.68 0.3
25 49 0.72 0.24
25 50 0.64 0.28
26 27 0.67 0.22
26 28 0.44 0.21
26 29 0.64 0.23
26 30 0.7 0.24
26 31 0.52 0.25
26 32 0.79 0.06
26 33 0.63 0.18
26 34 0.61 0.07
26 35 0.28 0.22
26 36 0.69 0.2
26 37 0.67 0.12
26 38 0.72 0.12
26 39 0.64 0.14
26 40 0.46 0.13
26 41 0.63 0.27
26 42 0.54 0.17
26 43 0.69 0.26
26 44 0.63 0.15
26 45 0.44 0.15
26 46 0.54 0.19
26 47 0.74 0.22
26 48 0.74 0.18
26 49 0.64 0.26
26 50 0.74 0.31
27 28 0.42 0.1
27 29 0.46 0.23
27 30 0.72 0.25
27 31 0.44 0.21
27 32 0.72 0.16
27 33 0.49 0.24
27 34 0.51 0.17
27 35 0.5 0.2
27 36 0.59 0.19
27 37 0.48 0.23
27 38 0.54 0.2
27 39 0.53 0.24
27 40 0.65 0.23
27 41 0.42 0.23
27 42 0.69 0.27
27 43 0.47 0.28
27 44 0.24 0.1
27 45 0.49 0.25
27 46 0.64 0.15
27 47 0.79 0.29
27 48 0.67 0.29
27 49 0.75 0.29
27 50 0.52 0.35
28 29 0.64 0.17
28 30 0.45 0.15
28 31 0.49 0.25
28 32 0.55 0.2
28 33 0.48 0.14
28 34 0.57 0.21
28 35 0.16 0.1
28 36 0.57 0.19
28 37 0.59 0.24
28 38 0.52 0.17
28 39 0.6 0.24
28 40 0.67 0.24
28 41 0.52 0.29
28 42 0.42 0.27
28 43 0.49 0.18
28 44 0.62 0.2
28 45 0.72 0.22
28 46 0.66 0.15
28 47 0.48 0.27
28 48 0.67 0.29
28 49 0.48 0.23
28 50 0.68 0.28
29 30 0.62 0.14
29 31 0.68 0.26
29 32 0.67 0.19
29 33 0.5 0.11
29 34 0.59 0.18
29 35 0.69 0.15
29 36 0.52 0.22
29 37 0.53 0.18
29 38 0.74 0.19
29 39 0.63 0.24
29 40 0.5 0.22
29 41 0.62 0.32
29 42 0.46 0.27
29 43 0.36 0.22
29 44 0.7 0.13
29 45 0.34 0.2
29 46 0.42 0.2
29 47 0.74 0.28
29 48 0.72 0.21
29 49 0.44 0.06
29 50 0.62 0.28
30 31 0.46 0.18
30 32 0.79 0.23
30 33 0.66 0.22
30 34 0.34 0.22
30 35 0.6 0.25
30 36 0.78 0.2
30 37 0.6 0.16
30 38 0.6 0.24
30 39 0.58 0.25
30 40 0.7 0.24
30 41 0.69 0.26
30 42 0.38 0.14
30 43 0.62 0.1
30 44 0.48 0.18
30 45 0.54 0.26
30 46 0.73 0.12
30 47 0.73 0.26
30 48 0.64 0.26
30 49 0.63 0.2
30 50 0.55 0.34
31 32 0.68 0.2
31 33 0.77 0.24
31 34 0.52 0.21
31 35 0.52 0.23
31 36 0.55 0.18
31 37 0.44 0.22
31 38 0.68 0.2
31 39 0.63 0.2
31 40 0.66 0.23
31 41 0.52 0.08
31 42 0.72 0.13
31 43 0.66 0.24
31 44 0.2 0.2
31 45 0.61 0.22
31 46 0.6 0.1
31 47 0.66 0.08
31 48 0.51 0.24
31 49 0.56 0.32
31 50 0.62 0.2
32 33 0.49 0.18
32 34 0.68 0.01
32 35 0.52 0.21
32 36 0.64 0.14
32 37 0.55 0.18
32 38 0.6 0.16
32 39 0.68 0.08
32 40 0.67 0.07
32 41 0.69 0.22
32 42 0.75 0.11
32 43 0.45 0.23
32 44 0.48 0.21
32 45 0.73 0.09
32 46 0.25 0.14
32 47 0.44 0.2
32 48 0.71 0.24
32 49 0.51 0.25
32 50 0.82 0.25
33 34 0.5 0.17
33 35 0.5 0.04
33 36 0.71 0.12
33 37 0.41 0.1
33 38 0.55 0.14
33 39 0.62 0.2
33 40 0.78 0.16
33 41 0.61 0.22
33 42 0.7 0.19
33 43 0.35 0.22
33 44 0.65 0.23
33 45 0.62 0.16
33 46 0.61 0.16
33 47 0.59 0.22
33 48 0.72 0.24
33 49 0.75 0.17
33 50 0.64 0.31
34 35 0.64 0.21
34 36 0.67 0.15
34 37 0.57 0.19
34 38 0.63 0.17
34 39 0.66 0.09
34 40 0.64 0.08
34 41 0.35 0.21
34 42 0.38 0.1
34 43 0.39 0.22
34 44 0.58 0.2
34 45 0.57 0.1
34 46 0.82 0.15
34 47 0.54 0.21
34 48 0.3 0.25
34 49 0.61 0.24
34 50 0.63 0.26
35 36 0.41 0.14
35 37 0.69 0.14
35 38 0.48 0.18
35 39 0.72 0.19
35 40 0.72 0.14
35 41 0.37 0.24
35 42 0.26 0.17
35 43 0.54 0.2
35 44 0.72 0.26
35 45 0.64 0.12
35 46 0.76 0.2
35 47 0.49 0.18
35 48 0.66 0.24
35 49 0.64 0.21
35 50 0.72 0.34
36 37 0.54 0.15
36 38 0.72 0.22
36 39 0.72 0.22
36 40 0.76 0.21
36 41 0.6 0.1
36 42 0.64 0.24
36 43 0.76 0.1
36 44 0.35 0.12
36 45 0.6 0.23
36 46 0.72 0.12
36 47 0.68 0.26
36 48 0.51 0.26
36 49 0.55 0.16
36 50 0.55 0.22
37 38 0.62 0.15
37 39 0.44 0.26
37 40 0.64 0.2
37 41 0.44 0.15
37 42 0.7 0.09
37 43 0.3 0.24
37 44 0.24 0.13
37 45 0.54 0.22
37 46 0.48 0.22
37 47 0.78 0.27
37 48 0.69 0.18
37 49 0.79 0.24
37 50 0.53 0.24
38 39 0.33 0.2
38 40 0.7 0.23
38 41 0.28 0.15
38 42 0.5 0.24
38 43 0.6 0.14
38 44 0.68 0.21
38 45 0.54 0.21
38 46 0.56 0.24
38 47 0.7 0.12
38 48 0.4 0.21
38 49 0.31 0.14
38 50 0.66 0.27
39 40 0.58 0.09
39 41 0.38 0.2
39 42 0.6 0.19
39 43 0.27 0.26
39 44 0.43 0.28
39 45 0.68 0.07
39 46 0.8 0.17
39 47 0.81 0.21
39 48 0.71 0.24
39 49 0.47 0.23
39 50 0.57 0.3
40 41 0.46 0.24
40 42 0.63 0.18
40 43 0.48 0.3
40 44 0.52 0.27
40 45 0.16 0.02
40 46 0.42 0.21
40 47 0.58 0.16
40 48 0.34 0.18
40 49 0.42 0.18
40 50 0.64 0.3
41 42 0.63 0.21
41 43 0.64 0.16
41 44 0.44 0.22
41 45 0.3 0.22
41 46 0.74 0.18
41 47 0.64 0.16
41 48 0.61 0.32
41 49 0.56 0.26
41 50 0.38 0.12
42 43 0.58 0.24
42 44 0.64 0.22
42 45 0.58 0.2
42 46 0.5 0.23
42 47 0.68 0.18
42 48 0.64 0.27
42 49 0.46 0.33
42 50 0.84 0.22
43 44 0.54 0.22
43 45 0.6 0.32
43 46 0.53 0.22
43 47 0.54 0.26
43 48 0.6 0.2
43 49 0.7 0.26
43 50 0.83 0.28
44 45 0.42 0.25
44 46 0.4 0.16
44 47 0.58 0.28
44 48 0.61 0.3
44 49 0.68 0.19
44 50 0.51 0.34
45 46 0.48 0.2
45 47 0.54 0.14
45 48 0.5 0.2
45 49 0.26 0.16
45 50 0.68 0.3
46 47 0.69 0.18
46 48 0.64 0.14
46 49 0.7 0.26
46 50 0.76 0.3
47 48 0.4 0.32
47 49 0.59 0.26
47 50 0.68 0.28
48 49 0.62 0.27
48 50 0.8 0.34
49 50 0.78 0.34
node_demand
0.225
0.025
0.15
0.025
0.125
0.2
0.075
0.125
0.05
0.125
0.225
0.225
0.15
0.125
0.175
0.225
0.15
0.225
0.15
0.2
0.225
0.225
0.225
0.2
0.225
0.125
0.075
0.125
0.2
0.225
0.075
0.125
0.225
0.075
0.075
0.175
0.225
0.225
0.1
0.025
0.1
0.2
0.15
0.225
0.2
0.15
0.2
0.05
0.025
0.125
