min_dist:
0.0000 0.1180 0.3290 0.3350 0.1080 0.3350 0.2100 0.3750 0.3940 0.2220 0.3860 0.3950 0.3560 0.4000 0.2730 0.3890 0.2180 0.2700 0.2130 0.2760 0.1390
0.1180 0.0000 0.2110 0.3520 0.0500 0.3460 0.0920 0.2570 0.3360 0.1640 0.3280 0.2770 0.2980 0.2820 0.2200 0.2710 0.1600 0.1520 0.0950 0.1580 0.2400
0.3290 0.2110 0.0000 0.3900 0.2610 0.3240 0.2540 0.3480 0.1410 0.3130 0.2430 0.3400 0.3360 0.1500 0.3780 0.3530 0.3170 0.0590 0.3060 0.1850 0.2320
0.3350 0.3520 0.3900 0.0000 0.3020 0.2440 0.3800 0.1130 0.3610 0.3090 0.2780 0.2300 0.4430 0.3400 0.2660 0.1310 0.2910 0.4250 0.2750 0.3600 0.4280
0.1080 0.0500 0.2610 0.3020 0.0000 0.2960 0.1420 0.2880 0.2860 0.1140 0.2780 0.3270 0.2480 0.3320 0.2240 0.2920 0.1100 0.2020 0.1450 0.1900 0.2470
0.3350 0.3460 0.3240 0.2440 0.2960 0.0000 0.3800 0.2220 0.2180 0.3900 0.1870 0.3400 0.5240 0.2950 0.3280 0.2400 0.1860 0.3200 0.3840 0.1940 0.1960
0.2100 0.0920 0.2540 0.3800 0.1420 0.3800 0.0000 0.2670 0.3920 0.2400 0.3790 0.2870 0.3490 0.2920 0.1300 0.2850 0.2520 0.1950 0.1050 0.1980 0.1840
0.3750 0.2570 0.3480 0.1130 0.2880 0.2220 0.2670 0.0000 0.2480 0.1960 0.3330 0.2440 0.3300 0.2270 0.2920 0.0180 0.1780 0.3120 0.1620 0.3020 0.4140
0.3940 0.3360 0.1410 0.3610 0.2860 0.2180 0.3920 0.2480 0.0000 0.1720 0.1620 0.3060 0.3060 0.2910 0.2820 0.2300 0.3100 0.2000 0.4100 0.2490 0.3040
0.2220 0.1640 0.3130 0.3090 0.1140 0.3900 0.2400 0.1960 0.1720 0.0000 0.2430 0.4400 0.1340 0.3700 0.1100 0.1780 0.2240 0.3160 0.2590 0.3040 0.3610
0.3860 0.3280 0.2430 0.2780 0.2780 0.1870 0.3790 0.3330 0.1620 0.2430 0.0000 0.4650 0.3770 0.3560 0.3530 0.3150 0.1910 0.1840 0.3360 0.3100 0.3830
0.3950 0.2770 0.3400 0.2300 0.3270 0.3400 0.2870 0.2440 0.3060 0.4400 0.4650 0.0000 0.4260 0.3250 0.3880 0.2620 0.4220 0.2810 0.1820 0.4070 0.4460
0.3560 0.2980 0.3360 0.4430 0.2480 0.5240 0.3490 0.3300 0.3060 0.1340 0.3770 0.4260 0.0000 0.2360 0.2440 0.3120 0.3580 0.2850 0.2440 0.4110 0.3740
0.4000 0.2820 0.1500 0.3400 0.3320 0.2950 0.2920 0.2270 0.2910 0.3700 0.3560 0.3250 0.2360 0.0000 0.3410 0.2090 0.4050 0.2090 0.1870 0.3350 0.3820
0.2730 0.2200 0.3780 0.2660 0.2240 0.3280 0.1300 0.2920 0.2820 0.1100 0.3530 0.3880 0.2440 0.3410 0.0000 0.2740 0.3340 0.3250 0.2350 0.3280 0.3140
0.3890 0.2710 0.3530 0.1310 0.2920 0.2400 0.2850 0.0180 0.2300 0.1780 0.3150 0.2620 0.3120 0.2090 0.2740 0.0000 0.1960 0.2940 0.1800 0.2840 0.4320
0.2180 0.1600 0.3170 0.2910 0.1100 0.1860 0.2520 0.1780 0.3100 0.2240 0.1910 0.4220 0.3580 0.4050 0.3340 0.1960 0.0000 0.2580 0.2550 0.1320 0.3570
0.2700 0.1520 0.0590 0.4250 0.2020 0.3200 0.1950 0.3120 0.2000 0.3160 0.1840 0.2810 0.2850 0.2090 0.3250 0.2940 0.2580 0.0000 0.2470 0.1260 0.2910
0.2130 0.0950 0.3060 0.2750 0.1450 0.3840 0.1050 0.1620 0.4100 0.2590 0.3360 0.1820 0.2440 0.1870 0.2350 0.1800 0.2550 0.2470 0.0000 0.2530 0.2890
0.2760 0.1580 0.1850 0.3600 0.1900 0.1940 0.1980 0.3020 0.2490 0.3040 0.3100 0.4070 0.4110 0.3350 0.3280 0.2840 0.1320 0.1260 0.2530 0.0000 0.2910
0.1390 0.2400 0.2320 0.4280 0.2470 0.1960 0.1840 0.4140 0.3040 0.3610 0.3830 0.4460 0.3740 0.3820 0.3140 0.4320 0.3570 0.2910 0.2890 0.2910 0.0000

max_dist:
0.0000 0.1540 0.6640 0.4120 0.5040 0.6070 0.3840 0.6920 0.8090 0.7680 0.7870 0.5820 0.7100 0.7060 0.4260 0.5760 0.7780 0.7740 0.5640 0.7200 0.3540
0.1540 0.0000 0.5100 0.5660 0.3500 0.7340 0.2300 0.5380 0.7060 0.6140 0.6590 0.4280 0.5560 0.6080 0.5240 0.6640 0.7000 0.6430 0.5000 0.6680 0.5080
0.6640 0.5100 0.0000 0.6830 0.6350 0.5160 0.2800 0.3730 0.5660 0.6420 0.6700 0.5960 0.7280 0.6860 0.5700 0.6790 0.6000 0.6290 0.5860 0.5470 0.5100
0.4120 0.5660 0.6830 0.0000 0.5220 0.4580 0.6330 0.3100 0.6840 0.3960 0.6590 0.8740 0.5570 0.7230 0.3150 0.5890 0.4870 0.4900 0.6260 0.5350 0.7660
0.5040 0.3500 0.6350 0.5220 0.0000 0.6860 0.4400 0.7060 0.6940 0.6420 0.7300 0.7460 0.5460 0.5180 0.5120 0.4960 0.4680 0.7800 0.8500 0.5800 0.7490
0.6070 0.7340 0.5160 0.4580 0.6860 0.0000 0.5900 0.6580 0.5680 0.7760 0.7210 0.6480 0.7090 0.3150 0.4350 0.5620 0.7530 0.7290 0.6740 0.8640 0.7200
0.3840 0.2300 0.2800 0.6330 0.4400 0.5900 0.0000 0.5560 0.4760 0.6360 0.4900 0.6580 0.4480 0.8080 0.4800 0.5360 0.7940 0.4130 0.4730 0.5980 0.7380
0.6920 0.5380 0.3730 0.3100 0.7060 0.6580 0.5560 0.0000 0.7110 0.6110 0.7810 0.6500 0.5730 0.7100 0.4200 0.8360 0.2380 0.5240 0.3160 0.5500 0.7580
0.8090 0.7060 0.5660 0.6840 0.6940 0.5680 0.4760 0.7110 0.0000 0.6700 0.4540 0.4240 0.5560 0.5920 0.5540 0.6350 0.4730 0.5140 0.4460 0.3250 0.4550
0.7680 0.6140 0.6420 0.3960 0.6420 0.7760 0.6360 0.6110 0.6700 0.0000 0.2630 0.5850 0.7320 0.5680 0.4080 0.8610 0.8000 0.5940 0.6270 0.6590 0.5740
0.7870 0.6590 0.6700 0.6590 0.7300 0.7210 0.4900 0.7810 0.4540 0.2630 0.0000 0.7200 0.5720 0.4060 0.3610 0.5980 0.7530 0.5960 0.6680 0.3960 0.6280
0.5820 0.4280 0.5960 0.8740 0.7460 0.6480 0.6580 0.6500 0.4240 0.5850 0.7200 0.0000 0.6950 0.6870 0.5590 0.6360 0.7830 0.6860 0.7070 0.7490 0.7250
0.7100 0.5560 0.7280 0.5570 0.5460 0.7090 0.4480 0.5730 0.5560 0.7320 0.5720 0.6950 0.0000 0.3940 0.5280 0.5720 0.8110 0.4920 0.5100 0.5580 0.8040
0.7060 0.6080 0.6860 0.7230 0.5180 0.3150 0.8080 0.7100 0.5920 0.5680 0.4060 0.6870 0.3940 0.0000 0.5000 0.8770 0.7680 0.4140 0.7780 0.7010 0.6910
0.4260 0.5240 0.5700 0.3150 0.5120 0.4350 0.4800 0.4200 0.5540 0.4080 0.3610 0.5590 0.5280 0.5000 0.0000 0.5900 0.6580 0.8050 0.5500 0.7570 0.4580
0.5760 0.6640 0.6790 0.5890 0.4960 0.5620 0.5360 0.8360 0.6350 0.8610 0.5980 0.6360 0.5720 0.8770 0.5900 0.0000 0.7420 0.8000 0.6430 0.7540 0.7300
0.7780 0.7000 0.6000 0.4870 0.4680 0.7530 0.7940 0.2380 0.4730 0.8000 0.7530 0.7830 0.8110 0.7680 0.6580 0.7420 0.0000 0.7620 0.5540 0.7360 0.5960
0.7740 0.6430 0.6290 0.4900 0.7800 0.7290 0.4130 0.5240 0.5140 0.5940 0.5960 0.6860 0.4920 0.4140 0.8050 0.8000 0.7620 0.0000 0.7010 0.6260 0.8040
0.5640 0.5000 0.5860 0.6260 0.8500 0.6740 0.4730 0.3160 0.4460 0.6270 0.6680 0.7070 0.5100 0.7780 0.5500 0.6430 0.5540 0.7010 0.0000 0.4820 0.6850
0.7200 0.6680 0.5470 0.5350 0.5800 0.8640 0.5980 0.5500 0.3250 0.6590 0.3960 0.7490 0.5580 0.7010 0.7570 0.7540 0.7360 0.6260 0.4820 0.0000 0.7800
0.3540 0.5080 0.5100 0.7660 0.7490 0.7200 0.7380 0.7580 0.4550 0.5740 0.6280 0.7250 0.8040 0.6910 0.4580 0.7300 0.5960 0.8040 0.6850 0.7800 0.0000

--- Contains 5 samples ---

--- Sample 1 ---
node_demand:
0.2667
0.2667
0.2000
0.2667
0.0667
0.2333
0.2333
0.0333
0.0667
0.2667
0.1667
0.1333
0.3000
0.1000
0.0333
0.2333
0.0333
0.0667
0.1667
0.0667

dist_matrix:
0.0000 0.1370 0.6262 0.4039 0.4238 0.5083 0.2357 0.5389 0.7020 0.7166 0.6049 0.5478 0.3790 0.7010 0.4161 0.5106 0.2813 0.3829 0.3680 0.6854 0.2751
0.1197 0.0000 0.4592 0.3820 0.1769 0.7166 0.1330 0.4529 0.4093 0.5640 0.5510 0.3295 0.3678 0.3955 0.4083 0.3647 0.4655 0.1524 0.3927 0.5726 0.4582
0.4128 0.5089 0.0000 0.6376 0.3324 0.3947 0.2679 0.3588 0.1637 0.5461 0.3527 0.5328 0.4697 0.2657 0.4352 0.5603 0.3503 0.0898 0.5227 0.5253 0.3467
0.3868 0.5071 0.4069 0.0000 0.3143 0.4314 0.4602 0.2273 0.6450 0.3811 0.6453 0.4763 0.4781 0.5083 0.2977 0.4948 0.4043 0.4672 0.5385 0.4369 0.7174
0.1631 0.1229 0.6058 0.4800 0.0000 0.6194 0.2695 0.5834 0.5908 0.1944 0.4938 0.7376 0.5392 0.4754 0.2619 0.4821 0.2861 0.7760 0.4173 0.2629 0.3812
0.5511 0.7215 0.5099 0.2922 0.4048 0.0000 0.4770 0.4683 0.2242 0.6495 0.5733 0.5778 0.5432 0.3032 0.3520 0.3101 0.3341 0.5585 0.4546 0.7718 0.6944
0.3367 0.1625 0.2749 0.6131 0.2282 0.5402 0.0000 0.4941 0.4073 0.3850 0.4579 0.3800 0.3660 0.7876 0.2963 0.5294 0.4689 0.2357 0.1100 0.4301 0.3603
0.5380 0.3391 0.3668 0.1663 0.4063 0.5120 0.4966 0.0000 0.3291 0.2753 0.5094 0.3322 0.5682 0.6747 0.4176 0.0889 0.1931 0.4701 0.2849 0.4997 0.4923
0.5080 0.5283 0.4754 0.4934 0.2989 0.2732 0.4436 0.3727 0.0000 0.3193 0.4410 0.3902 0.4161 0.4379 0.4206 0.2374 0.4021 0.3713 0.4225 0.2699 0.3116
0.3162 0.3217 0.4570 0.3108 0.3627 0.6310 0.5392 0.4030 0.5984 0.0000 0.2493 0.4680 0.6595 0.5065 0.2840 0.8549 0.6898 0.4749 0.5515 0.3850 0.4565
0.5510 0.3842 0.3876 0.5933 0.4975 0.6751 0.4191 0.6379 0.2434 0.2572 0.0000 0.5270 0.4916 0.3954 0.3533 0.5184 0.3225 0.1936 0.5661 0.3944 0.5359
0.4323 0.3243 0.4082 0.6764 0.3688 0.6448 0.6482 0.3052 0.3648 0.4729 0.6796 0.0000 0.4644 0.5435 0.4542 0.3657 0.5127 0.4960 0.6214 0.6585 0.6779
0.3838 0.4010 0.5612 0.5370 0.5040 0.6936 0.3700 0.3870 0.5441 0.5490 0.4884 0.5437 0.0000 0.3170 0.3681 0.5620 0.6113 0.3907 0.2872 0.4670 0.7296
0.5497 0.3266 0.4115 0.4335 0.3495 0.3045 0.3432 0.6712 0.5249 0.3750 0.3633 0.5412 0.3240 0.0000 0.4588 0.4581 0.5281 0.2665 0.3743 0.3942 0.5859
0.3809 0.4199 0.5141 0.3077 0.2941 0.4144 0.3498 0.3515 0.5151 0.3450 0.3539 0.4027 0.2689 0.4802 0.0000 0.2897 0.6341 0.5202 0.2816 0.4862 0.3357
0.5140 0.6016 0.5468 0.2883 0.3945 0.2532 0.4344 0.6956 0.4417 0.6108 0.3538 0.2976 0.4839 0.4776 0.5541 0.0000 0.5331 0.5896 0.2730 0.7466 0.6678
0.3721 0.6738 0.4248 0.4336 0.2448 0.4580 0.6446 0.1887 0.3571 0.4545 0.4346 0.5467 0.3649 0.5160 0.5419 0.6156 0.0000 0.5401 0.5502 0.2256 0.4494
0.6180 0.2124 0.5476 0.4402 0.2718 0.3621 0.2989 0.3263 0.2444 0.3566 0.5277 0.2860 0.4047 0.2931 0.7784 0.4745 0.5648 0.0000 0.6364 0.3808 0.4939
0.4793 0.1940 0.5571 0.3939 0.7041 0.4226 0.3882 0.2327 0.4392 0.2631 0.4477 0.4317 0.4642 0.3079 0.4747 0.4629 0.3069 0.6483 0.0000 0.4391 0.3925
0.5991 0.4249 0.5000 0.5172 0.2022 0.7285 0.2955 0.3264 0.3115 0.6200 0.3461 0.4744 0.5136 0.5814 0.3531 0.3085 0.1417 0.5086 0.3722 0.0000 0.6246
0.2583 0.2418 0.3287 0.4643 0.4636 0.5002 0.5909 0.6270 0.3764 0.4672 0.4077 0.6039 0.7310 0.6700 0.3973 0.5692 0.4484 0.3699 0.6562 0.7709 0.0000

--- Sample 2 ---
node_demand:
0.2667
0.2667
0.2000
0.2667
0.0667
0.2333
0.2333
0.0333
0.0667
0.2667
0.1667
0.1333
0.3000
0.1000
0.0333
0.2333
0.0333
0.0667
0.1667
0.0667

dist_matrix:
0.0000 0.1345 0.5252 0.3716 0.5025 0.4921 0.2925 0.6247 0.4503 0.7221 0.6744 0.4196 0.3940 0.6382 0.3952 0.5307 0.3166 0.7457 0.3991 0.2984 0.3184
0.1360 0.0000 0.4156 0.3739 0.2980 0.4252 0.1579 0.4867 0.6816 0.3268 0.4230 0.2911 0.4864 0.5465 0.3686 0.3856 0.4854 0.5923 0.1445 0.4767 0.2925
0.6326 0.2911 0.0000 0.6119 0.4174 0.4121 0.2753 0.3654 0.4271 0.3954 0.4734 0.5291 0.4018 0.4199 0.4573 0.3917 0.5006 0.4795 0.5373 0.2859 0.3404
0.3850 0.3553 0.6605 0.0000 0.5210 0.4218 0.5504 0.1621 0.4139 0.3095 0.2848 0.7316 0.5332 0.5947 0.3136 0.1450 0.4571 0.4327 0.3889 0.5136 0.5168
0.1924 0.2894 0.4520 0.4903 0.0000 0.3868 0.2672 0.3006 0.5234 0.3058 0.3880 0.5789 0.5098 0.4382 0.2308 0.4229 0.2913 0.7127 0.5477 0.4033 0.5352
0.3455 0.3811 0.3658 0.4123 0.4204 0.0000 0.5051 0.4594 0.3821 0.5353 0.6595 0.5801 0.6174 0.2956 0.3571 0.3095 0.3027 0.3860 0.4685 0.6084 0.3520
0.3408 0.1426 0.2546 0.6055 0.1704 0.4414 0.0000 0.4008 0.4519 0.6081 0.4885 0.4218 0.3957 0.4809 0.1648 0.3340 0.3338 0.2648 0.2287 0.4765 0.1984
0.6718 0.2955 0.3647 0.1306 0.6373 0.2952 0.5187 0.0000 0.4411 0.4455 0.6999 0.6392 0.3686 0.4277 0.3905 0.1627 0.2082 0.3252 0.2193 0.5382 0.5055
0.7673 0.4344 0.4303 0.4695 0.4856 0.3037 0.4725 0.3332 0.0000 0.5859 0.2237 0.3067 0.5117 0.5812 0.5342 0.6180 0.4673 0.4628 0.4102 0.3249 0.3732
0.4049 0.3607 0.6030 0.3263 0.2433 0.5994 0.4052 0.2367 0.3658 0.0000 0.2628 0.5079 0.3309 0.4302 0.2502 0.4766 0.6844 0.5371 0.2795 0.6111 0.4023
0.4411 0.4305 0.5253 0.4526 0.5597 0.4057 0.4072 0.5925 0.3146 0.2596 0.0000 0.5787 0.4524 0.3626 0.3587 0.3351 0.4943 0.2948 0.4067 0.3294 0.4576
0.5044 0.4151 0.4167 0.4596 0.5451 0.5325 0.3275 0.3157 0.3463 0.5045 0.7179 0.0000 0.4761 0.4764 0.4514 0.4272 0.7760 0.3810 0.4982 0.6969 0.6491
0.6803 0.3695 0.3649 0.5062 0.3354 0.5885 0.4372 0.3801 0.3300 0.3658 0.4254 0.5474 0.0000 0.3888 0.3950 0.3602 0.7706 0.3616 0.4816 0.4356 0.3953
0.6452 0.3321 0.6526 0.5158 0.4016 0.3145 0.5809 0.5997 0.5090 0.5498 0.3647 0.5494 0.3639 0.0000 0.4872 0.7786 0.7176 0.3778 0.3754 0.4811 0.6450
0.3117 0.5052 0.5205 0.2900 0.4041 0.4036 0.2246 0.3105 0.4299 0.3193 0.3588 0.5258 0.3768 0.4229 0.0000 0.2743 0.6213 0.7950 0.5416 0.7248 0.3551
0.5496 0.6374 0.5807 0.4251 0.3875 0.4499 0.3194 0.7693 0.2526 0.5402 0.4050 0.3020 0.5431 0.6239 0.3573 0.0000 0.5205 0.6543 0.2615 0.5883 0.5721
0.3800 0.4885 0.3241 0.3193 0.3571 0.6821 0.6030 0.1802 0.3637 0.6809 0.4474 0.5067 0.4529 0.5053 0.5965 0.3025 0.0000 0.3608 0.4411 0.5507 0.3629
0.4576 0.1878 0.1280 0.4789 0.7154 0.5199 0.2693 0.4465 0.4646 0.5683 0.2097 0.5031 0.3918 0.2775 0.4096 0.7823 0.7324 0.0000 0.3099 0.4125 0.4716
0.4054 0.1801 0.3644 0.5254 0.3099 0.5814 0.1050 0.2877 0.4359 0.2981 0.5608 0.5616 0.2466 0.2200 0.4685 0.4716 0.3866 0.2765 0.0000 0.2917 0.3526
0.3736 0.6061 0.2160 0.3833 0.3748 0.7977 0.2284 0.3631 0.2663 0.4177 0.3787 0.5184 0.5109 0.5634 0.6527 0.6309 0.5886 0.1432 0.4210 0.0000 0.5510
0.2095 0.2493 0.4863 0.6151 0.5661 0.4940 0.2283 0.5052 0.3086 0.5145 0.5769 0.6861 0.6981 0.5315 0.3798 0.4789 0.5957 0.2924 0.6282 0.4683 0.0000

--- Sample 3 ---
node_demand:
0.2667
0.2667
0.2000
0.2667
0.0667
0.2333
0.2333
0.0333
0.0667
0.2667
0.1667
0.1333
0.3000
0.1000
0.0333
0.2333
0.0333
0.0667
0.1667
0.0667

dist_matrix:
0.0000 0.1489 0.4783 0.3384 0.2350 0.5254 0.2258 0.6520 0.8069 0.2730 0.6635 0.3959 0.5672 0.6197 0.3746 0.4623 0.2553 0.7137 0.3408 0.4831 0.2605
0.1315 0.0000 0.3780 0.3555 0.1620 0.4309 0.1127 0.3300 0.6188 0.3664 0.4594 0.3504 0.3970 0.5046 0.3496 0.5083 0.5935 0.2484 0.2400 0.3026 0.2798
0.4743 0.4326 0.0000 0.4856 0.3110 0.4802 0.2703 0.3695 0.2190 0.5818 0.3649 0.3918 0.6078 0.2409 0.5096 0.4953 0.4059 0.3315 0.3280 0.3596 0.2967
0.3927 0.4821 0.4182 0.0000 0.4833 0.2569 0.4410 0.2275 0.6629 0.3163 0.6455 0.3972 0.4827 0.6033 0.2757 0.2643 0.3069 0.4508 0.5720 0.4070 0.5823
0.1184 0.1635 0.5959 0.3247 0.0000 0.5297 0.3495 0.4412 0.5146 0.1151 0.3996 0.5232 0.2923 0.4107 0.4424 0.3829 0.4183 0.2751 0.5797 0.3112 0.6190
0.3789 0.5903 0.4264 0.4090 0.6070 0.0000 0.5031 0.4834 0.3726 0.7397 0.3550 0.5872 0.6305 0.3002 0.3562 0.3996 0.4401 0.6246 0.4443 0.6779 0.5040
0.3649 0.0976 0.2668 0.3808 0.2915 0.4422 0.0000 0.2956 0.4317 0.5095 0.3922 0.4662 0.4184 0.3118 0.1774 0.5353 0.7195 0.2624 0.2294 0.3903 0.1897
0.6501 0.2800 0.3540 0.2744 0.3566 0.4259 0.5205 0.0000 0.3975 0.3610 0.5995 0.2549 0.5633 0.4926 0.3882 0.0507 0.2151 0.4244 0.2723 0.4501 0.6762
0.7791 0.3809 0.2366 0.5889 0.3699 0.2972 0.4671 0.4030 0.0000 0.4056 0.2924 0.3130 0.3565 0.4912 0.3530 0.4344 0.4571 0.3654 0.4163 0.2665 0.3969
0.5977 0.2575 0.6219 0.3327 0.3280 0.4310 0.4471 0.5946 0.2301 0.0000 0.2584 0.5540 0.5553 0.5158 0.2639 0.4197 0.6297 0.5603 0.5638 0.4401 0.5356
0.7713 0.4690 0.3202 0.4206 0.3612 0.5993 0.4575 0.3931 0.2561 0.2600 0.0000 0.6208 0.4973 0.3861 0.3579 0.5067 0.5245 0.2643 0.6368 0.3588 0.4959
0.4465 0.3523 0.5506 0.3005 0.7355 0.4520 0.3373 0.4296 0.3810 0.5654 0.5953 0.0000 0.6865 0.3670 0.5156 0.4934 0.7690 0.5048 0.6268 0.5420 0.5308
0.5796 0.5291 0.4549 0.4618 0.4421 0.5309 0.4321 0.3660 0.5163 0.3116 0.5265 0.5303 0.0000 0.3447 0.2474 0.3563 0.4157 0.3219 0.3469 0.4681 0.6614
0.6362 0.3728 0.4343 0.5359 0.4523 0.3026 0.5611 0.4834 0.5908 0.4426 0.3561 0.3599 0.2766 0.0000 0.4839 0.2497 0.5730 0.4132 0.4292 0.4162 0.4032
0.3601 0.3337 0.4420 0.3009 0.2906 0.3315 0.3215 0.3352 0.5086 0.2209 0.3591 0.4374 0.2957 0.4705 0.0000 0.4048 0.5717 0.5479 0.3579 0.7054 0.4036
0.4228 0.6065 0.5919 0.5768 0.4394 0.2522 0.3423 0.1828 0.5742 0.3226 0.5787 0.5967 0.3360 0.3448 0.4768 0.0000 0.5509 0.5079 0.2576 0.5604 0.7013
0.3371 0.4067 0.3617 0.3248 0.2449 0.6798 0.2788 0.2078 0.3242 0.4521 0.6603 0.6051 0.7228 0.5406 0.4115 0.5839 0.0000 0.6850 0.3682 0.2839 0.5105
0.4684 0.5391 0.4038 0.4697 0.6118 0.3995 0.3404 0.3506 0.4324 0.4494 0.5657 0.4484 0.4492 0.3311 0.3571 0.3503 0.5502 0.0000 0.6900 0.2105 0.7955
0.2642 0.1135 0.5263 0.3046 0.2768 0.6305 0.3231 0.2809 0.4354 0.3652 0.3950 0.2777 0.3922 0.7743 0.3031 0.5167 0.3865 0.4974 0.0000 0.2538 0.4085
0.6034 0.4665 0.4871 0.4378 0.2068 0.4522 0.5868 0.3115 0.3223 0.3887 0.3733 0.4831 0.4143 0.6230 0.5005 0.5082 0.3465 0.1437 0.3836 0.0000 0.7522
0.2408 0.3770 0.2440 0.7601 0.6616 0.6467 0.1995 0.6365 0.3211 0.5174 0.5458 0.5181 0.4494 0.6145 0.3536 0.5145 0.5923 0.5846 0.3150 0.7081 0.0000

--- Sample 4 ---
node_demand:
0.2667
0.2667
0.2000
0.2667
0.0667
0.2333
0.2333
0.0333
0.0667
0.2667
0.1667
0.1333
0.3000
0.1000
0.0333
0.2333
0.0333
0.0667
0.1667
0.0667

dist_matrix:
0.0000 0.1274 0.6276 0.3686 0.3989 0.5102 0.2926 0.5460 0.4633 0.5668 0.6931 0.4927 0.3581 0.4488 0.2791 0.5618 0.4925 0.7013 0.2951 0.5012 0.2218
0.1532 0.0000 0.4000 0.5377 0.1355 0.5035 0.1709 0.3718 0.5980 0.3924 0.6050 0.4224 0.3110 0.5731 0.5142 0.4585 0.2376 0.5378 0.1614 0.1716 0.4290
0.4260 0.4988 0.0000 0.4336 0.4366 0.3402 0.2576 0.3498 0.3568 0.3510 0.2989 0.4571 0.5585 0.3577 0.4726 0.3678 0.5173 0.1819 0.5405 0.4784 0.4418
0.3390 0.3727 0.4108 0.0000 0.4611 0.3832 0.5378 0.2858 0.6432 0.3124 0.3476 0.5078 0.5032 0.4035 0.3149 0.3682 0.4230 0.4724 0.4649 0.3857 0.6496
0.4032 0.1411 0.4787 0.4072 0.0000 0.6057 0.4193 0.4487 0.5143 0.5849 0.2855 0.4631 0.3288 0.3688 0.2589 0.3672 0.3123 0.5934 0.7672 0.4684 0.3312
0.4411 0.5556 0.3498 0.3631 0.3027 0.0000 0.4558 0.3267 0.3825 0.5213 0.6046 0.5879 0.6239 0.3052 0.4056 0.3557 0.2088 0.3488 0.6333 0.2783 0.4479
0.3069 0.1682 0.2574 0.5453 0.4332 0.4475 0.0000 0.4654 0.4371 0.4792 0.4538 0.4506 0.4299 0.6676 0.1417 0.4654 0.6978 0.2303 0.3635 0.4671 0.4918
0.6396 0.4488 0.3636 0.2175 0.3888 0.6515 0.3228 0.0000 0.2806 0.3769 0.4587 0.6078 0.3336 0.5366 0.2983 0.2360 0.2201 0.4625 0.2324 0.4450 0.6886
0.8033 0.5563 0.2550 0.3798 0.4207 0.4264 0.4447 0.7099 0.0000 0.3035 0.2119 0.3632 0.5093 0.4002 0.3310 0.3078 0.3247 0.2928 0.4400 0.2969 0.3248
0.3669 0.3615 0.5841 0.3329 0.3826 0.4309 0.6171 0.3631 0.6553 0.0000 0.2539 0.5398 0.3978 0.5065 0.1286 0.6265 0.3158 0.4138 0.4243 0.6579 0.5653
0.7790 0.4286 0.5602 0.5368 0.6114 0.6784 0.4785 0.7181 0.3244 0.2572 0.0000 0.6707 0.4033 0.3590 0.3595 0.4755 0.3140 0.2682 0.4206 0.3521 0.5140
0.5288 0.3012 0.3410 0.5701 0.5460 0.6284 0.4090 0.2841 0.4186 0.5732 0.5546 0.0000 0.4306 0.6472 0.4829 0.4568 0.4637 0.4294 0.3901 0.5705 0.4997
0.6248 0.3541 0.7105 0.5314 0.2599 0.6269 0.3682 0.4597 0.3206 0.3714 0.4617 0.4742 0.0000 0.3033 0.4363 0.3883 0.3823 0.4252 0.2575 0.4164 0.6790
0.6093 0.5972 0.2041 0.6030 0.3517 0.2964 0.6982 0.4567 0.4801 0.3772 0.3627 0.6703 0.2940 0.0000 0.4873 0.3751 0.6374 0.2912 0.5760 0.6244 0.4805
0.3085 0.3496 0.4311 0.2762 0.4480 0.3289 0.4706 0.3261 0.3418 0.2301 0.3539 0.5079 0.3315 0.4783 0.0000 0.3459 0.5435 0.5671 0.2587 0.5715 0.4014
0.5602 0.3109 0.6524 0.4359 0.3993 0.2785 0.3002 0.8222 0.3859 0.6753 0.5139 0.4204 0.3592 0.7558 0.3607 0.0000 0.3200 0.6446 0.4760 0.3016 0.4754
0.4229 0.3176 0.5383 0.4655 0.3784 0.3100 0.3750 0.2114 0.3815 0.7506 0.2323 0.5512 0.6672 0.5915 0.6580 0.6138 0.0000 0.2581 0.3510 0.7101 0.4009
0.3952 0.4054 0.4421 0.4471 0.7493 0.5462 0.3475 0.3386 0.3714 0.4403 0.4495 0.5584 0.4885 0.3472 0.5995 0.6731 0.6797 0.0000 0.6175 0.5941 0.7318
0.2590 0.4836 0.4407 0.5678 0.7065 0.5577 0.1501 0.1718 0.4109 0.3850 0.5654 0.5403 0.4137 0.4083 0.4297 0.3343 0.2963 0.6121 0.0000 0.3495 0.4854
0.3277 0.4888 0.4215 0.4011 0.5644 0.7955 0.4995 0.3290 0.2528 0.4599 0.3144 0.4350 0.4158 0.5669 0.4203 0.5055 0.4707 0.4783 0.4728 0.0000 0.4554
0.2658 0.4798 0.2566 0.5248 0.5805 0.5945 0.6588 0.6946 0.4242 0.5547 0.5385 0.5140 0.4204 0.5276 0.4224 0.7248 0.5132 0.5800 0.3204 0.3127 0.0000

--- Sample 5 ---
node_demand:
0.2667
0.2667
0.2000
0.2667
0.0667
0.2333
0.2333
0.0333
0.0667
0.2667
0.1667
0.1333
0.3000
0.1000
0.0333
0.2333
0.0333
0.0667
0.1667
0.0667

dist_matrix:
0.0000 0.1227 0.3563 0.3524 0.4695 0.5863 0.2110 0.6553 0.3941 0.5096 0.5297 0.5215 0.6983 0.5099 0.2812 0.4522 0.7336 0.6148 0.3049 0.3422 0.2578
0.1447 0.0000 0.3397 0.3601 0.1161 0.3697 0.1568 0.3932 0.5788 0.5987 0.5131 0.4134 0.3605 0.4543 0.5168 0.6332 0.2488 0.6003 0.1894 0.3693 0.4215
0.4776 0.4590 0.0000 0.3953 0.4715 0.3620 0.2693 0.3480 0.2103 0.4955 0.5449 0.4101 0.7144 0.1726 0.3926 0.6650 0.5522 0.4925 0.5133 0.2998 0.3945
0.3982 0.3739 0.6779 0.0000 0.4731 0.3463 0.5394 0.2490 0.4978 0.3766 0.4125 0.4607 0.4615 0.6675 0.2697 0.4578 0.4474 0.4305 0.2926 0.5305 0.6559
0.1228 0.1918 0.2953 0.4036 0.0000 0.5332 0.2650 0.4099 0.4891 0.3573 0.5552 0.3597 0.5203 0.4059 0.3381 0.3893 0.4625 0.4863 0.7081 0.3254 0.5387
0.3630 0.3995 0.4328 0.3398 0.3849 0.0000 0.5299 0.4569 0.5414 0.5587 0.3825 0.4519 0.5301 0.2951 0.3330 0.4468 0.4095 0.6741 0.6106 0.2788 0.6127
0.3545 0.1328 0.2766 0.6108 0.1609 0.4172 0.0000 0.4730 0.4603 0.4562 0.4221 0.4958 0.4216 0.5718 0.4533 0.3504 0.7461 0.3636 0.3547 0.2163 0.7309
0.4180 0.3677 0.3556 0.1640 0.3993 0.4037 0.4968 0.0000 0.4251 0.3450 0.3812 0.5809 0.4639 0.4600 0.3760 0.6623 0.2336 0.5125 0.2960 0.5391 0.7408
0.4868 0.5433 0.3799 0.6428 0.5663 0.3604 0.4137 0.4744 0.0000 0.3506 0.2604 0.3671 0.4095 0.5729 0.4551 0.6122 0.4716 0.3193 0.4423 0.2919 0.3547
0.6479 0.6002 0.5962 0.3945 0.1899 0.7029 0.3838 0.2341 0.4682 0.0000 0.2596 0.5129 0.2116 0.3788 0.3415 0.8392 0.3963 0.3459 0.2979 0.6398 0.4041
0.6784 0.4905 0.5955 0.3274 0.3638 0.6298 0.4161 0.5488 0.2566 0.2620 0.0000 0.6629 0.4800 0.3893 0.3580 0.5414 0.4478 0.4994 0.3967 0.3509 0.4236
0.4118 0.3858 0.4992 0.7760 0.6186 0.6188 0.6227 0.6317 0.3182 0.5792 0.7153 0.0000 0.5917 0.5791 0.4097 0.3906 0.4624 0.4497 0.3875 0.4675 0.4573
0.3760 0.3840 0.4854 0.5236 0.3229 0.6493 0.4227 0.3796 0.3745 0.6671 0.4049 0.5134 0.0000 0.3314 0.4090 0.5150 0.6625 0.3299 0.4321 0.4196 0.5649
0.5560 0.4383 0.6165 0.6903 0.4947 0.3098 0.4834 0.2515 0.5529 0.4803 0.3639 0.4708 0.3270 0.0000 0.3471 0.7441 0.4142 0.2343 0.3981 0.5961 0.3919
0.3744 0.4430 0.5689 0.2900 0.4725 0.3598 0.4257 0.3861 0.5018 0.1369 0.3599 0.4538 0.2750 0.4871 0.0000 0.5508 0.5091 0.7672 0.3040 0.6859 0.3877
0.4363 0.5743 0.4309 0.3441 0.3189 0.4255 0.4923 0.4496 0.3498 0.6080 0.5384 0.4072 0.3690 0.7247 0.5278 0.0000 0.2479 0.5981 0.4267 0.4443 0.4772
0.3844 0.2931 0.4067 0.3309 0.3269 0.6716 0.3528 0.2057 0.4355 0.6803 0.6579 0.4532 0.4336 0.4639 0.3619 0.7307 0.0000 0.6617 0.3182 0.6766 0.5060
0.3709 0.2041 0.5318 0.4358 0.7225 0.5974 0.3730 0.3582 0.2674 0.4527 0.5571 0.4307 0.3383 0.3974 0.6993 0.2952 0.4002 0.0000 0.5455 0.4756 0.3463
0.4767 0.3065 0.3401 0.3982 0.7311 0.5427 0.4165 0.2370 0.4358 0.3540 0.5635 0.2796 0.2725 0.7382 0.4160 0.4816 0.4019 0.3240 0.0000 0.4304 0.5615
0.5979 0.4295 0.2224 0.4991 0.2929 0.4164 0.3980 0.5063 0.2981 0.4610 0.3919 0.6352 0.4651 0.5660 0.4629 0.4956 0.2707 0.5441 0.4580 0.0000 0.5033
0.1903 0.2486 0.5071 0.5774 0.2559 0.5889 0.3549 0.6149 0.3722 0.5397 0.5546 0.6443 0.6773 0.6702 0.3740 0.6456 0.4517 0.4533 0.3345 0.6536 0.0000
