min_dist:
0.0000 0.3170 0.1640 0.3100 0.1580 0.2360 0.3190 0.2540 0.0420 0.2730 0.2930 0.3440 0.2620 0.3510 0.1310 0.2900 0.3020 0.1660 0.1810 0.3160 0.1600
0.3170 0.0000 0.1900 0.3110 0.1590 0.2620 0.2710 0.2150 0.3360 0.2520 0.1740 0.3290 0.2880 0.3120 0.3360 0.2910 0.3280 0.4280 0.1970 0.1900 0.3090
0.1640 0.1900 0.0000 0.2980 0.1460 0.0720 0.2330 0.2240 0.2060 0.1130 0.3240 0.3120 0.0980 0.2890 0.2810 0.2140 0.1380 0.3300 0.1840 0.1520 0.3180
0.3100 0.3110 0.2980 0.0000 0.1520 0.3700 0.2140 0.2460 0.3250 0.2680 0.3170 0.2950 0.2630 0.3430 0.4020 0.2420 0.3030 0.3220 0.1860 0.2950 0.3120
0.1580 0.1590 0.1460 0.1520 0.0000 0.2180 0.3080 0.3700 0.1770 0.1650 0.3330 0.1860 0.2440 0.3030 0.2870 0.1320 0.2840 0.3140 0.0380 0.2270 0.3060
0.2360 0.2620 0.0720 0.3700 0.2180 0.0000 0.2170 0.1520 0.2780 0.1850 0.3960 0.3580 0.1520 0.2490 0.2400 0.2860 0.1120 0.4000 0.2080 0.1980 0.2460
0.3190 0.2710 0.2330 0.2140 0.3080 0.2170 0.0000 0.3250 0.3200 0.1430 0.1980 0.2410 0.3310 0.2280 0.1880 0.2300 0.3290 0.1830 0.2700 0.0810 0.2960
0.2540 0.2150 0.2240 0.2460 0.3700 0.1520 0.3250 0.0000 0.2960 0.3060 0.3800 0.3890 0.3040 0.0970 0.3180 0.3750 0.2640 0.3860 0.3600 0.2440 0.0940
0.0420 0.3360 0.2060 0.3250 0.1770 0.2780 0.3200 0.2960 0.0000 0.2310 0.3350 0.3630 0.3040 0.3280 0.1730 0.3090 0.3440 0.1370 0.1390 0.2930 0.2020
0.2730 0.2520 0.1130 0.2680 0.1650 0.1850 0.1430 0.3060 0.2310 0.0000 0.3410 0.2220 0.2110 0.2090 0.1960 0.2970 0.2510 0.3260 0.1270 0.0620 0.2760
0.2930 0.1740 0.3240 0.3170 0.3330 0.3960 0.1980 0.3800 0.3350 0.3410 0.0000 0.4390 0.3880 0.2830 0.1620 0.2940 0.3480 0.3810 0.3580 0.2790 0.4530
0.3440 0.3290 0.3120 0.2950 0.1860 0.3580 0.2410 0.3890 0.3630 0.2220 0.4390 0.0000 0.4100 0.3070 0.4180 0.3180 0.3840 0.4240 0.2240 0.1600 0.2950
0.2620 0.2880 0.0980 0.2630 0.2440 0.1520 0.3310 0.3040 0.3040 0.2110 0.3880 0.4100 0.0000 0.3870 0.3350 0.3120 0.0400 0.4120 0.2820 0.2500 0.2830
0.3510 0.3120 0.2890 0.3430 0.3030 0.2490 0.2280 0.0970 0.3280 0.2090 0.2830 0.3070 0.3870 0.0000 0.2210 0.4350 0.3610 0.2890 0.2650 0.1470 0.1910
0.1310 0.3360 0.2810 0.4020 0.2870 0.2400 0.1880 0.3180 0.1730 0.1960 0.1620 0.4180 0.3350 0.2210 0.0000 0.3980 0.3520 0.2970 0.3120 0.2580 0.2910
0.2900 0.2910 0.2140 0.2420 0.1320 0.2860 0.2300 0.3750 0.3090 0.2970 0.2940 0.3180 0.3120 0.4350 0.3980 0.0000 0.3520 0.3000 0.1700 0.2900 0.4380
0.3020 0.3280 0.1380 0.3030 0.2840 0.1120 0.3290 0.2640 0.3440 0.2510 0.3480 0.3840 0.0400 0.3610 0.3520 0.3520 0.0000 0.3720 0.3200 0.2900 0.3230
0.1660 0.4280 0.3300 0.3220 0.3140 0.4000 0.1830 0.3860 0.1370 0.3260 0.3810 0.4240 0.4120 0.2890 0.2970 0.3000 0.3720 0.0000 0.2760 0.2640 0.3260
0.1810 0.1970 0.1840 0.1860 0.0380 0.2080 0.2700 0.3600 0.1390 0.1270 0.3580 0.2240 0.2820 0.2650 0.3120 0.1700 0.3200 0.2760 0.0000 0.1890 0.2680
0.3160 0.1900 0.1520 0.2950 0.2270 0.1980 0.0810 0.2440 0.2930 0.0620 0.2790 0.1600 0.2500 0.1470 0.2580 0.2900 0.2900 0.2640 0.1890 0.0000 0.3380
0.1600 0.3090 0.3180 0.3120 0.3060 0.2460 0.2960 0.0940 0.2020 0.2760 0.4530 0.2950 0.2830 0.1910 0.2910 0.4380 0.3230 0.3260 0.2680 0.3380 0.0000

max_dist:
0.0000 0.7290 0.4360 0.4180 0.7240 0.5630 0.6980 0.4840 0.1670 0.7980 0.5370 0.7650 0.8160 0.6620 0.5610 0.6900 0.4040 0.6520 0.5320 0.7020 0.7210
0.7290 0.0000 0.4080 0.6420 0.4320 0.5360 0.6260 0.4120 0.6390 0.3700 0.3920 0.7250 0.6330 0.7130 0.5610 0.4440 0.6960 0.5820 0.4770 0.4460 0.7520
0.4360 0.4080 0.0000 0.7840 0.7140 0.1960 0.6240 0.3610 0.6030 0.7780 0.6690 0.8850 0.6280 0.3480 0.4790 0.4720 0.4640 0.7960 0.4160 0.4120 0.5920
0.4180 0.6420 0.7840 0.0000 0.3560 0.5880 0.7060 0.4450 0.5850 0.6150 0.5960 0.4380 0.4340 0.5200 0.4680 0.8630 0.6010 0.5620 0.4700 0.4940 0.5080
0.7240 0.4320 0.7140 0.3560 0.0000 0.8090 0.6320 0.7570 0.7740 0.6240 0.6770 0.4220 0.3190 0.7880 0.3240 0.6420 0.9000 0.6360 0.5340 0.4200 0.7250
0.5630 0.5360 0.1960 0.5880 0.8090 0.0000 0.6880 0.1960 0.7300 0.6680 0.7060 0.7640 0.4900 0.3960 0.5370 0.5020 0.3860 0.6000 0.6120 0.6080 0.7770
0.6980 0.6260 0.6240 0.7060 0.6320 0.6880 0.0000 0.6920 0.6580 0.5260 0.2340 0.6240 0.4930 0.5550 0.3380 0.5960 0.5400 0.5000 0.5170 0.2120 0.4640
0.4840 0.4120 0.3610 0.4450 0.7570 0.1960 0.6920 0.0000 0.5510 0.7240 0.5100 0.6300 0.6050 0.5920 0.4330 0.4180 0.5820 0.7960 0.4630 0.7730 0.6480
0.1670 0.6390 0.6030 0.5850 0.7740 0.7300 0.6580 0.5510 0.0000 0.8440 0.4240 0.7200 0.6490 0.4970 0.4500 0.7860 0.5710 0.6700 0.6990 0.7880 0.5540
0.7980 0.3700 0.7780 0.6150 0.6240 0.6680 0.5260 0.7240 0.8440 0.0000 0.6780 0.7840 0.5030 0.5380 0.5360 0.7250 0.8680 0.7180 0.6500 0.6100 0.3820
0.5370 0.3920 0.6690 0.5960 0.6770 0.7060 0.2340 0.5100 0.4240 0.6780 0.0000 0.6500 0.7060 0.3210 0.5720 0.3620 0.4840 0.7340 0.5500 0.4460 0.6460
0.7650 0.7250 0.8850 0.4380 0.4220 0.7640 0.6240 0.6300 0.7200 0.7840 0.6500 0.0000 0.7020 0.5450 0.6420 0.6460 0.5960 0.8450 0.7280 0.6580 0.4570
0.8160 0.6330 0.6280 0.4340 0.3190 0.4900 0.4930 0.6050 0.6490 0.5030 0.7060 0.7020 0.0000 0.6400 0.6430 0.5060 0.8200 0.8230 0.4500 0.7050 0.4060
0.6620 0.7130 0.3480 0.5200 0.7880 0.3960 0.5550 0.5920 0.4970 0.5380 0.3210 0.5450 0.6400 0.0000 0.4640 0.5770 0.7820 0.7130 0.3320 0.5810 0.4620
0.5610 0.5610 0.4790 0.4680 0.3240 0.5370 0.3380 0.4330 0.4500 0.5360 0.5720 0.6420 0.6430 0.4640 0.0000 0.5760 0.7840 0.5740 0.7960 0.5500 0.7220
0.6900 0.4440 0.4720 0.8630 0.6420 0.5020 0.5960 0.4180 0.7860 0.7250 0.3620 0.6460 0.5060 0.5770 0.5760 0.0000 0.4560 0.8260 0.8810 0.8080 0.6380
0.4040 0.6960 0.4640 0.6010 0.9000 0.3860 0.5400 0.5820 0.5710 0.8680 0.4840 0.5960 0.8200 0.7820 0.7840 0.4560 0.0000 0.4320 0.4560 0.7520 0.5470
0.6520 0.5820 0.7960 0.5620 0.6360 0.6000 0.5000 0.7960 0.6700 0.7180 0.7340 0.8450 0.8230 0.7130 0.5740 0.8260 0.4320 0.0000 0.3810 0.6930 0.6690
0.5320 0.4770 0.4160 0.4700 0.5340 0.6120 0.5170 0.4630 0.6990 0.6500 0.5500 0.7280 0.4500 0.3320 0.7960 0.8810 0.4560 0.3810 0.0000 0.6340 0.2880
0.7020 0.4460 0.4120 0.4940 0.4200 0.6080 0.2120 0.7730 0.7880 0.6100 0.4460 0.6580 0.7050 0.5810 0.5500 0.8080 0.7520 0.6930 0.6340 0.0000 0.6760
0.7210 0.7520 0.5920 0.5080 0.7250 0.7770 0.4640 0.6480 0.5540 0.3820 0.6460 0.4570 0.4060 0.4620 0.7220 0.6380 0.5470 0.6690 0.2880 0.6760 0.0000

--- Contains 5 samples ---

--- Sample 1 ---
node_demand:
0.2000
0.0333
0.2333
0.0333
0.1667
0.1667
0.1667
0.0667
0.1667
0.2333
0.2667
0.0667
0.3000
0.2667
0.1000
0.1333
0.2000
0.3000
0.1000
0.2667

dist_matrix:
0.0000 0.5423 0.1820 0.3515 0.3977 0.3503 0.3779 0.3428 0.0495 0.3412 0.4871 0.6036 0.6742 0.3748 0.4537 0.5425 0.3649 0.5718 0.3047 0.3227 0.6216
0.3850 0.0000 0.1937 0.3648 0.3457 0.2759 0.3879 0.2742 0.4657 0.2703 0.2235 0.3434 0.4187 0.3250 0.3696 0.3807 0.4134 0.4402 0.3623 0.2478 0.5371
0.3312 0.3849 0.0000 0.3018 0.4657 0.1937 0.6010 0.3172 0.3192 0.5377 0.3485 0.6704 0.2057 0.3014 0.3574 0.4054 0.3556 0.7422 0.4032 0.2865 0.4753
0.3423 0.5878 0.7777 0.0000 0.1872 0.5864 0.5425 0.2886 0.3820 0.5328 0.3219 0.3602 0.4210 0.4398 0.4333 0.8392 0.4879 0.4190 0.4190 0.3936 0.3849
0.5764 0.1855 0.5984 0.2745 0.0000 0.3335 0.3486 0.6171 0.2909 0.3000 0.4139 0.3437 0.2621 0.5483 0.3113 0.1732 0.7855 0.3605 0.0973 0.3287 0.5438
0.2738 0.3036 0.0763 0.4113 0.2247 0.0000 0.6071 0.1685 0.3922 0.5465 0.6886 0.7266 0.2194 0.2602 0.5198 0.3291 0.2850 0.5100 0.4370 0.3663 0.5002
0.3333 0.6068 0.2625 0.7034 0.3472 0.3790 0.0000 0.6156 0.5387 0.2957 0.2114 0.5289 0.4864 0.5496 0.2922 0.5316 0.4401 0.2617 0.4021 0.1453 0.3314
0.4748 0.3264 0.2512 0.4323 0.6916 0.1559 0.3480 0.0000 0.4579 0.6210 0.3989 0.5300 0.4565 0.5442 0.3940 0.4002 0.4208 0.4454 0.3707 0.7722 0.3003
0.0879 0.5357 0.4472 0.5300 0.5559 0.4061 0.4309 0.3875 0.0000 0.7858 0.4121 0.5160 0.3758 0.4314 0.2360 0.6548 0.4645 0.1661 0.5648 0.5532 0.3613
0.6499 0.2871 0.4854 0.5242 0.3437 0.3490 0.4274 0.4895 0.6953 0.0000 0.6570 0.2997 0.2726 0.3809 0.4312 0.7223 0.5181 0.3310 0.4014 0.2805 0.3586
0.3780 0.2902 0.3965 0.4644 0.4343 0.4602 0.2087 0.3896 0.4005 0.5327 0.0000 0.6400 0.4837 0.2960 0.5296 0.3039 0.4106 0.4787 0.5378 0.2829 0.6274
0.3534 0.4779 0.4874 0.4230 0.3475 0.3586 0.5508 0.4809 0.5792 0.2926 0.4560 0.0000 0.5528 0.4231 0.4738 0.4835 0.4125 0.4477 0.6208 0.6535 0.3261
0.2931 0.5966 0.5510 0.3488 0.2675 0.2816 0.4612 0.5481 0.3383 0.3160 0.5375 0.5570 0.0000 0.5445 0.5797 0.3720 0.6849 0.7428 0.3297 0.4086 0.3039
0.4720 0.4160 0.3366 0.3494 0.4542 0.3401 0.3232 0.3057 0.4579 0.3716 0.2859 0.4841 0.5444 0.0000 0.3003 0.5601 0.6971 0.3839 0.3105 0.5258 0.2352
0.4869 0.5043 0.2875 0.4173 0.3051 0.3092 0.2633 0.4301 0.3014 0.3117 0.5506 0.5448 0.3812 0.4425 0.0000 0.5641 0.4954 0.5491 0.4957 0.3260 0.5428
0.6131 0.3344 0.4595 0.5051 0.1864 0.3825 0.4505 0.3843 0.3359 0.3349 0.3266 0.5015 0.3504 0.4759 0.4681 0.0000 0.3653 0.3778 0.1834 0.7017 0.4600
0.3124 0.6704 0.4194 0.5981 0.7837 0.2429 0.4720 0.5054 0.4870 0.7452 0.3704 0.3972 0.3420 0.5469 0.3736 0.3542 0.0000 0.4053 0.3399 0.6436 0.3248
0.2360 0.5259 0.6443 0.3896 0.4463 0.4051 0.3761 0.6561 0.6129 0.4200 0.6528 0.7715 0.7191 0.3979 0.4169 0.4626 0.3935 0.0000 0.3267 0.3864 0.5790
0.3637 0.4704 0.3975 0.2529 0.4481 0.3131 0.4347 0.4099 0.4609 0.6192 0.4977 0.3876 0.3001 0.3038 0.5328 0.7597 0.3754 0.3183 0.0000 0.6314 0.2840
0.5998 0.2313 0.3521 0.4209 0.2546 0.3735 0.1151 0.7078 0.7238 0.3858 0.3088 0.3068 0.6497 0.1777 0.3797 0.4958 0.3580 0.3770 0.2348 0.0000 0.5536
0.3123 0.5153 0.4843 0.5016 0.6365 0.5586 0.4600 0.5227 0.2473 0.3155 0.6209 0.3545 0.3526 0.1941 0.7152 0.4430 0.5132 0.3822 0.2794 0.5621 0.0000

--- Sample 2 ---
node_demand:
0.2000
0.0333
0.2333
0.0333
0.1667
0.1667
0.1667
0.0667
0.1667
0.2333
0.2667
0.0667
0.3000
0.2667
0.1000
0.1333
0.2000
0.3000
0.1000
0.2667

dist_matrix:
0.0000 0.6543 0.3918 0.3738 0.3522 0.4147 0.3290 0.4034 0.1430 0.7715 0.5094 0.3803 0.6696 0.6383 0.4767 0.4703 0.3369 0.6250 0.4059 0.3523 0.4679
0.7116 0.0000 0.3499 0.3384 0.2719 0.4429 0.2926 0.2878 0.4197 0.3075 0.2599 0.3582 0.5231 0.3726 0.3426 0.3322 0.5398 0.5344 0.2711 0.4020 0.4932
0.3191 0.2404 0.0000 0.7031 0.3096 0.1353 0.5013 0.2850 0.6021 0.3280 0.3286 0.6354 0.2093 0.3319 0.4031 0.3005 0.2065 0.6872 0.2944 0.3854 0.4465
0.3333 0.5442 0.6411 0.0000 0.1639 0.5594 0.5179 0.3204 0.5373 0.4927 0.4332 0.4224 0.4289 0.3933 0.4573 0.6366 0.4616 0.5433 0.3387 0.3770 0.4747
0.7043 0.3137 0.5974 0.2684 0.0000 0.5133 0.6253 0.5059 0.4661 0.4942 0.6344 0.2796 0.3078 0.7854 0.3009 0.1847 0.5896 0.4809 0.2404 0.2750 0.6072
0.2361 0.3916 0.1620 0.4337 0.7678 0.0000 0.4790 0.1840 0.3658 0.5213 0.4689 0.6917 0.3033 0.3902 0.4664 0.4501 0.3620 0.5820 0.5853 0.5689 0.5620
0.4989 0.5806 0.3496 0.3232 0.4737 0.5104 0.0000 0.4293 0.3672 0.4166 0.2332 0.3565 0.3924 0.3180 0.2889 0.3120 0.4351 0.3018 0.3794 0.1847 0.3092
0.4220 0.3906 0.2867 0.3329 0.5755 0.1920 0.3329 0.0000 0.4001 0.3808 0.4477 0.5807 0.3473 0.1302 0.3469 0.4056 0.2704 0.7550 0.3624 0.2541 0.5369
0.0475 0.3724 0.5000 0.3765 0.5412 0.6753 0.3897 0.4180 0.0000 0.7328 0.4169 0.5310 0.4519 0.3951 0.2723 0.7612 0.5046 0.2633 0.3060 0.4168 0.2524
0.4757 0.3296 0.5859 0.4130 0.1885 0.2696 0.2066 0.3883 0.7580 0.0000 0.5456 0.2729 0.4018 0.3653 0.2540 0.6018 0.6639 0.5275 0.6159 0.2078 0.3719
0.3525 0.2958 0.6389 0.4110 0.3405 0.6391 0.2082 0.4544 0.3583 0.4437 0.0000 0.5506 0.6188 0.2839 0.2865 0.3031 0.4432 0.5817 0.4789 0.4000 0.5331
0.6191 0.5449 0.5809 0.3980 0.2706 0.6062 0.2650 0.4814 0.4928 0.5571 0.4479 0.0000 0.5166 0.4794 0.5969 0.4223 0.4705 0.6104 0.3580 0.5024 0.3675
0.7755 0.5733 0.4676 0.3842 0.2617 0.2068 0.4313 0.5518 0.5027 0.4656 0.5950 0.5364 0.0000 0.4474 0.3782 0.3325 0.6061 0.7153 0.3507 0.4954 0.2886
0.3657 0.3864 0.3435 0.4325 0.6528 0.2710 0.5269 0.5140 0.4953 0.5318 0.3204 0.5159 0.5681 0.0000 0.3407 0.5402 0.6058 0.3349 0.2984 0.1821 0.4142
0.4153 0.3962 0.4787 0.4314 0.2922 0.2741 0.2611 0.4120 0.2230 0.4472 0.2572 0.5514 0.3520 0.2661 0.0000 0.4211 0.7830 0.4222 0.5047 0.3258 0.4820
0.4406 0.3682 0.2543 0.5603 0.1444 0.4370 0.3230 0.3781 0.5153 0.6691 0.3388 0.5077 0.3425 0.5036 0.5142 0.0000 0.4453 0.4614 0.3764 0.4112 0.6112
0.3164 0.4032 0.2254 0.3907 0.7236 0.2143 0.4941 0.3299 0.4052 0.6551 0.3503 0.5855 0.7244 0.4489 0.4541 0.4466 0.0000 0.4195 0.4226 0.3011 0.4138
0.2453 0.5025 0.7116 0.4291 0.5929 0.5317 0.2591 0.4799 0.2441 0.5403 0.4687 0.5486 0.5993 0.3610 0.4128 0.3805 0.4084 0.0000 0.2844 0.3226 0.5172
0.2648 0.2057 0.3128 0.2243 0.3231 0.4482 0.3062 0.4364 0.6419 0.3998 0.4651 0.6588 0.4055 0.2734 0.6094 0.5399 0.4482 0.3438 0.0000 0.6048 0.2740
0.3933 0.4268 0.3702 0.3960 0.3320 0.2429 0.0816 0.6657 0.3719 0.4507 0.3705 0.3242 0.5238 0.2246 0.4877 0.6427 0.6932 0.4156 0.6177 0.0000 0.6586
0.6246 0.6987 0.5793 0.4344 0.4922 0.7392 0.4145 0.3915 0.4635 0.3230 0.6141 0.3875 0.3728 0.3512 0.4139 0.5475 0.4905 0.3395 0.2775 0.4644 0.0000

--- Sample 3 ---
node_demand:
0.2000
0.0333
0.2333
0.0333
0.1667
0.1667
0.1667
0.0667
0.1667
0.2333
0.2667
0.0667
0.3000
0.2667
0.1000
0.1333
0.2000
0.3000
0.1000
0.2667

dist_matrix:
0.0000 0.4874 0.2478 0.4144 0.4562 0.4569 0.4578 0.2564 0.0935 0.7453 0.3096 0.5126 0.8119 0.4521 0.5233 0.4896 0.3577 0.4303 0.3145 0.4375 0.2948
0.5213 0.0000 0.3951 0.6144 0.2783 0.3172 0.4738 0.2263 0.4576 0.3361 0.2358 0.6626 0.3622 0.3947 0.4511 0.3740 0.4055 0.5213 0.3043 0.4058 0.7254
0.3535 0.2381 0.0000 0.4483 0.2161 0.0918 0.3347 0.3402 0.2678 0.5988 0.5289 0.7234 0.6149 0.3062 0.3339 0.3820 0.3901 0.7243 0.3572 0.3014 0.5641
0.3380 0.5422 0.5145 0.0000 0.2089 0.4143 0.4365 0.3565 0.4680 0.5487 0.5851 0.3467 0.4140 0.5081 0.4407 0.6290 0.3823 0.4473 0.2756 0.3562 0.3301
0.3577 0.2130 0.6500 0.3246 0.0000 0.5970 0.4955 0.6691 0.6696 0.3565 0.5218 0.2146 0.2887 0.6646 0.3083 0.2149 0.3982 0.3716 0.2460 0.2692 0.6533
0.3756 0.4942 0.1377 0.5849 0.4006 0.0000 0.2185 0.1601 0.2792 0.4358 0.5998 0.5802 0.4490 0.3874 0.3560 0.3053 0.2776 0.4711 0.5935 0.2972 0.2565
0.3263 0.3519 0.3909 0.2880 0.4300 0.6779 0.0000 0.4231 0.5033 0.2045 0.2034 0.5029 0.4267 0.5141 0.2376 0.4939 0.3807 0.2099 0.3204 0.2116 0.3293
0.3814 0.3591 0.2671 0.4243 0.6748 0.1904 0.4364 0.0000 0.2962 0.3584 0.4301 0.4017 0.3328 0.2500 0.4099 0.4007 0.5208 0.5340 0.4176 0.4381 0.2888
0.1310 0.5795 0.5930 0.4735 0.1880 0.6972 0.4377 0.3842 0.0000 0.5998 0.4069 0.7046 0.3896 0.3615 0.3565 0.6416 0.5416 0.5924 0.1632 0.6213 0.2716
0.4100 0.2633 0.6850 0.4545 0.2767 0.4182 0.3120 0.4555 0.6232 0.0000 0.5418 0.4572 0.2597 0.2333 0.2958 0.5695 0.4256 0.5203 0.3111 0.3879 0.3168
0.5223 0.2229 0.6449 0.5238 0.5797 0.6394 0.2004 0.4895 0.3479 0.5658 0.0000 0.5731 0.6985 0.3112 0.2381 0.3133 0.4111 0.7254 0.3761 0.3021 0.5222
0.5906 0.5873 0.4981 0.4341 0.3845 0.4345 0.3949 0.6022 0.4509 0.7281 0.5118 0.0000 0.4663 0.5302 0.4658 0.4651 0.5475 0.5544 0.4778 0.1962 0.3868
0.3039 0.3951 0.6155 0.2900 0.2720 0.3627 0.4710 0.3418 0.4706 0.4663 0.4414 0.6023 0.0000 0.5292 0.6290 0.3510 0.7108 0.7270 0.3643 0.4384 0.3033
0.5065 0.6501 0.3376 0.4713 0.5690 0.3857 0.5523 0.2577 0.4960 0.3771 0.3210 0.4791 0.4884 0.0000 0.4340 0.5424 0.6976 0.6110 0.3112 0.4725 0.2673
0.1679 0.4628 0.3185 0.4151 0.3149 0.4756 0.3257 0.4223 0.3149 0.4931 0.2271 0.4573 0.3883 0.4364 0.0000 0.5591 0.6403 0.3752 0.4357 0.2609 0.4101
0.4655 0.4019 0.3754 0.6334 0.5320 0.3529 0.2373 0.3865 0.5194 0.6604 0.3608 0.5114 0.3208 0.4414 0.5221 0.0000 0.3705 0.7838 0.7599 0.3827 0.5993
0.3302 0.4280 0.1928 0.3709 0.3786 0.3783 0.4250 0.3092 0.4196 0.5218 0.4597 0.4630 0.6828 0.6940 0.7830 0.4046 0.0000 0.4117 0.4047 0.7181 0.4801
0.3181 0.5717 0.3378 0.4223 0.5097 0.4831 0.2459 0.7331 0.3985 0.5284 0.5918 0.7769 0.7049 0.3909 0.4940 0.3455 0.3783 0.0000 0.3528 0.4861 0.6526
0.2823 0.3557 0.1926 0.4127 0.2690 0.4382 0.4774 0.4459 0.2420 0.4618 0.5328 0.3976 0.4191 0.3111 0.7671 0.4158 0.3962 0.2791 0.0000 0.4251 0.2813
0.5374 0.2107 0.2258 0.3038 0.2726 0.2207 0.0868 0.5797 0.5800 0.1848 0.3585 0.1792 0.4991 0.1875 0.2604 0.7334 0.7126 0.5992 0.5069 0.0000 0.5255
0.6384 0.7153 0.4992 0.3533 0.6311 0.4999 0.4352 0.2082 0.3099 0.3779 0.4923 0.3376 0.3446 0.2205 0.5354 0.4688 0.3422 0.3603 0.2726 0.4934 0.0000

--- Sample 4 ---
node_demand:
0.2000
0.0333
0.2333
0.0333
0.1667
0.1667
0.1667
0.0667
0.1667
0.2333
0.2667
0.0667
0.3000
0.2667
0.1000
0.1333
0.2000
0.3000
0.1000
0.2667

dist_matrix:
0.0000 0.4563 0.2548 0.3918 0.6089 0.5609 0.5467 0.3557 0.0519 0.7970 0.5052 0.5164 0.5744 0.4363 0.5298 0.4178 0.3087 0.4431 0.2179 0.4157 0.4192
0.7247 0.0000 0.3893 0.4690 0.2238 0.4543 0.4305 0.3236 0.5638 0.2568 0.1750 0.5972 0.3703 0.6637 0.5026 0.3513 0.6499 0.4328 0.3394 0.2334 0.5775
0.3707 0.3823 0.0000 0.4597 0.1467 0.0933 0.4821 0.3542 0.5996 0.1492 0.5147 0.6309 0.1964 0.3044 0.2811 0.3681 0.1594 0.3344 0.2226 0.2335 0.5335
0.3584 0.4310 0.6845 0.0000 0.1736 0.4252 0.2583 0.3386 0.4189 0.4471 0.5589 0.4235 0.3391 0.4146 0.4176 0.3179 0.5030 0.4449 0.2723 0.4661 0.3980
0.4375 0.3298 0.4391 0.2604 0.0000 0.5624 0.4487 0.5392 0.3164 0.6055 0.4475 0.1921 0.2832 0.6624 0.3108 0.2375 0.7985 0.6311 0.1217 0.3725 0.6380
0.2546 0.3271 0.1824 0.3922 0.5932 0.0000 0.3883 0.1575 0.6776 0.4285 0.6992 0.6993 0.1699 0.2745 0.5224 0.4821 0.3095 0.5263 0.4570 0.4945 0.5545
0.4888 0.6078 0.5335 0.3177 0.5598 0.3275 0.0000 0.4732 0.4377 0.2268 0.2167 0.4805 0.4731 0.3411 0.3114 0.5936 0.3515 0.3591 0.3232 0.1031 0.3937
0.4105 0.3240 0.3116 0.3849 0.5943 0.1870 0.5863 0.0000 0.3693 0.5693 0.4634 0.3898 0.4191 0.5247 0.3751 0.4070 0.5525 0.4706 0.3818 0.5744 0.3019
0.1001 0.3730 0.4597 0.3379 0.4005 0.3804 0.5813 0.4503 0.0000 0.8143 0.3821 0.6665 0.4654 0.3425 0.2069 0.5785 0.4421 0.5169 0.4303 0.4697 0.3074
0.7276 0.2960 0.1650 0.6094 0.3508 0.4782 0.1586 0.6960 0.6137 0.0000 0.4299 0.5432 0.2725 0.4668 0.2940 0.6542 0.7606 0.5968 0.3330 0.6050 0.2978
0.4688 0.3635 0.6609 0.3768 0.4911 0.5131 0.2202 0.4555 0.3849 0.5168 0.0000 0.5403 0.4116 0.3178 0.2081 0.3135 0.4129 0.5971 0.4471 0.3018 0.5158
0.6159 0.6879 0.4136 0.3480 0.3428 0.5716 0.4859 0.5014 0.4000 0.2825 0.5581 0.0000 0.4169 0.4830 0.4358 0.3201 0.4521 0.7916 0.7074 0.4122 0.3495
0.6991 0.3823 0.5977 0.4140 0.2456 0.1565 0.4129 0.4632 0.5591 0.3529 0.4294 0.4675 0.0000 0.6037 0.5099 0.4225 0.4563 0.4725 0.3081 0.5711 0.3395
0.4553 0.3739 0.3306 0.3720 0.5395 0.3190 0.4481 0.3688 0.4077 0.3010 0.2985 0.4205 0.4701 0.0000 0.2567 0.4882 0.6836 0.5153 0.2918 0.5070 0.3961
0.3932 0.5539 0.3419 0.4452 0.2952 0.5230 0.2912 0.3311 0.4168 0.4158 0.4819 0.4763 0.5692 0.3352 0.0000 0.4174 0.6418 0.4793 0.5599 0.3181 0.5694
0.5686 0.3451 0.3448 0.3380 0.1672 0.4385 0.5173 0.3800 0.4837 0.6363 0.3323 0.5592 0.3664 0.5417 0.5293 0.0000 0.3581 0.5306 0.7442 0.4118 0.4438
0.3759 0.4299 0.2428 0.3530 0.8947 0.2277 0.4416 0.4935 0.4500 0.4955 0.3514 0.4808 0.3693 0.7359 0.4696 0.4061 0.0000 0.3963 0.3297 0.5425 0.3627
0.4230 0.5105 0.5404 0.3257 0.5006 0.5151 0.4506 0.6395 0.3246 0.4904 0.6760 0.4657 0.7477 0.3041 0.3843 0.3503 0.4199 0.0000 0.3273 0.5913 0.5867
0.4326 0.2265 0.2511 0.1919 0.1560 0.5544 0.3884 0.4184 0.6670 0.5228 0.4398 0.3724 0.3075 0.2991 0.7482 0.8682 0.4028 0.2788 0.0000 0.1961 0.2787
0.5502 0.2880 0.2696 0.4624 0.3391 0.5929 0.1438 0.3511 0.7350 0.3756 0.4146 0.3705 0.4636 0.4219 0.4344 0.6962 0.3262 0.6733 0.4429 0.0000 0.6008
0.3611 0.4986 0.5350 0.4672 0.7185 0.4475 0.3435 0.2333 0.5325 0.3770 0.5330 0.3418 0.3504 0.2550 0.5697 0.4470 0.5293 0.6015 0.2688 0.4573 0.0000

--- Sample 5 ---
node_demand:
0.2000
0.0333
0.2333
0.0333
0.1667
0.1667
0.1667
0.0667
0.1667
0.2333
0.2667
0.0667
0.3000
0.2667
0.1000
0.1333
0.2000
0.3000
0.1000
0.2667

dist_matrix:
0.0000 0.4716 0.1928 0.3692 0.3203 0.3951 0.4887 0.3320 0.0850 0.4345 0.3960 0.7077 0.3816 0.5616 0.2441 0.6056 0.3022 0.4933 0.3251 0.5804 0.1627
0.6064 0.0000 0.3156 0.5221 0.1667 0.3526 0.5483 0.2537 0.5423 0.2655 0.3241 0.5461 0.3090 0.5708 0.4220 0.3470 0.6944 0.5284 0.4363 0.3294 0.3225
0.3928 0.3508 0.0000 0.3842 0.1694 0.1912 0.5861 0.3313 0.5076 0.2674 0.4065 0.7964 0.5314 0.3391 0.3551 0.4366 0.1701 0.4340 0.3940 0.3595 0.5819
0.3613 0.4381 0.3505 0.0000 0.2533 0.4636 0.5400 0.3880 0.5700 0.5143 0.5828 0.3197 0.3812 0.4651 0.4412 0.4381 0.5623 0.4969 0.2737 0.4270 0.4728
0.5172 0.3078 0.4878 0.3206 0.0000 0.4492 0.5255 0.5493 0.5634 0.2944 0.4234 0.3054 0.3026 0.4443 0.2985 0.2858 0.6024 0.5224 0.5319 0.2910 0.4532
0.4527 0.3053 0.0981 0.4331 0.2563 0.0000 0.4572 0.1818 0.6934 0.2516 0.6339 0.6270 0.3756 0.3250 0.2766 0.4135 0.2522 0.4911 0.3353 0.4981 0.5754
0.6059 0.6256 0.5655 0.6885 0.4795 0.2414 0.0000 0.5898 0.5748 0.3172 0.2035 0.4132 0.4329 0.3120 0.2380 0.4360 0.4216 0.2249 0.4213 0.0958 0.4628
0.3292 0.2323 0.2426 0.2883 0.4039 0.1727 0.3848 0.0000 0.5037 0.3351 0.4044 0.4505 0.4451 0.1565 0.3779 0.4161 0.4178 0.5105 0.4485 0.5385 0.6344
0.0787 0.5392 0.2292 0.3635 0.3165 0.2911 0.6061 0.5399 0.0000 0.7841 0.3755 0.4208 0.4034 0.4876 0.4267 0.4626 0.3622 0.5042 0.6743 0.4358 0.5441
0.5619 0.2671 0.4142 0.5627 0.5310 0.5527 0.4843 0.5774 0.3170 0.0000 0.4562 0.5601 0.2842 0.4384 0.4958 0.4896 0.7873 0.3982 0.4761 0.2224 0.3106
0.4808 0.3136 0.5517 0.4591 0.4359 0.5702 0.2135 0.5027 0.3624 0.4841 0.0000 0.4982 0.4701 0.3098 0.2090 0.2964 0.4478 0.4042 0.4365 0.3109 0.5381
0.6917 0.3982 0.6264 0.4071 0.3887 0.3982 0.4190 0.5610 0.4017 0.6902 0.5648 0.0000 0.5665 0.4650 0.5836 0.6217 0.5303 0.7980 0.6700 0.3864 0.3508
0.4433 0.5228 0.1932 0.3474 0.2663 0.1656 0.3382 0.4162 0.4056 0.3627 0.5239 0.5739 0.0000 0.5273 0.3759 0.3663 0.4830 0.6931 0.3993 0.5995 0.3308
0.6473 0.4637 0.3199 0.3762 0.3306 0.2972 0.3821 0.3651 0.4354 0.4910 0.2840 0.3843 0.5283 0.0000 0.2622 0.4525 0.4346 0.5668 0.2689 0.3875 0.4172
0.5562 0.4717 0.4606 0.4453 0.3055 0.4139 0.3327 0.3613 0.2065 0.4017 0.3747 0.5621 0.3853 0.4241 0.0000 0.4324 0.4811 0.4297 0.5750 0.3209 0.3973
0.5478 0.2981 0.3263 0.5648 0.6379 0.2964 0.4627 0.3930 0.4558 0.4245 0.2971 0.4311 0.4708 0.4460 0.4652 0.0000 0.3849 0.3896 0.7504 0.3573 0.5740
0.3824 0.4552 0.1897 0.4490 0.8447 0.2602 0.3478 0.2874 0.3737 0.7734 0.3672 0.5691 0.7338 0.4960 0.6057 0.3657 0.0000 0.3732 0.4482 0.5691 0.3867
0.6001 0.4756 0.5884 0.5513 0.5161 0.4894 0.3582 0.7052 0.1450 0.5662 0.4922 0.4706 0.6589 0.4991 0.4112 0.4489 0.3767 0.0000 0.2799 0.4470 0.4024
0.4292 0.4404 0.3316 0.2028 0.4580 0.5178 0.3540 0.4530 0.6380 0.5532 0.4370 0.4810 0.3911 0.3074 0.5751 0.2041 0.3724 0.3329 0.0000 0.3295 0.2864
0.4093 0.3044 0.3706 0.4329 0.4073 0.5260 0.1438 0.3498 0.7848 0.5346 0.4020 0.2728 0.2721 0.5690 0.5228 0.7280 0.6372 0.5086 0.4758 0.0000 0.5388
0.3779 0.7034 0.3722 0.3512 0.4694 0.3916 0.4026 0.5767 0.3180 0.2762 0.5788 0.4554 0.3181 0.2697 0.3251 0.4867 0.4715 0.5983 0.2855 0.6568 0.0000
