min_dist:
0.0000 0.2030 0.3010 0.1280 0.2220 0.3160 0.2720 0.3100 0.1600 0.3670 0.2290 0.3040 0.2610 0.3280 0.2920 0.2450 0.1700 0.3500 0.3650 0.1690 0.0530
0.2030 0.0000 0.2330 0.3310 0.1660 0.4760 0.2400 0.2420 0.3010 0.1640 0.3540 0.3950 0.2900 0.3340 0.4410 0.2940 0.1380 0.4690 0.2400 0.2660 0.1500
0.3010 0.2330 0.0000 0.2940 0.2390 0.2430 0.1570 0.0090 0.2470 0.3710 0.1930 0.3260 0.2580 0.1510 0.3610 0.2110 0.2590 0.4050 0.1710 0.2630 0.3540
0.1280 0.3310 0.2940 0.0000 0.3500 0.2140 0.3310 0.3030 0.2880 0.4860 0.1010 0.4190 0.3890 0.2330 0.3250 0.3140 0.2980 0.4780 0.3670 0.2970 0.1810
0.2220 0.1660 0.2390 0.3500 0.0000 0.4640 0.0820 0.2300 0.3470 0.3280 0.3120 0.2880 0.2870 0.2840 0.3950 0.1360 0.1840 0.3300 0.2560 0.2120 0.2750
0.3160 0.4760 0.2430 0.2140 0.4640 0.0000 0.3820 0.2340 0.4030 0.5480 0.3150 0.2050 0.4820 0.3060 0.4330 0.3570 0.4840 0.3350 0.3600 0.2940 0.3420
0.2720 0.2400 0.1570 0.3310 0.0820 0.3820 0.0000 0.1480 0.2650 0.3440 0.2300 0.2060 0.2050 0.3080 0.3130 0.0540 0.1020 0.2480 0.1740 0.1300 0.2460
0.3100 0.2420 0.0090 0.3030 0.2300 0.2340 0.1480 0.0000 0.2560 0.3800 0.2020 0.3170 0.2670 0.1600 0.3540 0.2020 0.2500 0.3960 0.1620 0.2540 0.3630
0.1600 0.3010 0.2470 0.2880 0.3470 0.4030 0.2650 0.2560 0.0000 0.2150 0.3890 0.1980 0.3340 0.2660 0.4520 0.3190 0.1630 0.3280 0.3530 0.3290 0.2130
0.3670 0.1640 0.3710 0.4860 0.3280 0.5480 0.3440 0.3800 0.2150 0.0000 0.3850 0.4130 0.3240 0.4660 0.4980 0.3980 0.2420 0.3900 0.4040 0.4100 0.3140
0.2290 0.3540 0.1930 0.1010 0.3120 0.3150 0.2300 0.2020 0.3890 0.3850 0.0000 0.3650 0.3640 0.1320 0.2240 0.2130 0.3320 0.4070 0.2660 0.2890 0.2440
0.3040 0.3950 0.3260 0.4190 0.2880 0.2050 0.2060 0.3170 0.1980 0.4130 0.3650 0.0000 0.3030 0.3490 0.3500 0.1520 0.3080 0.1300 0.1550 0.2280 0.3300
0.2610 0.2900 0.2580 0.3890 0.2870 0.4820 0.2050 0.2670 0.3340 0.3240 0.3640 0.3030 0.0000 0.4090 0.4000 0.1510 0.1710 0.3450 0.2190 0.2270 0.2080
0.3280 0.3340 0.1510 0.2330 0.2840 0.3060 0.3080 0.1600 0.2660 0.4660 0.1320 0.3490 0.4090 0.0000 0.3560 0.3440 0.4100 0.3900 0.2240 0.4140 0.3760
0.2920 0.4410 0.3610 0.3250 0.3950 0.4330 0.3130 0.3540 0.4520 0.4980 0.2240 0.3500 0.4000 0.3560 0.0000 0.3140 0.4150 0.3660 0.2520 0.3900 0.2910
0.2450 0.2940 0.2110 0.3140 0.1360 0.3570 0.0540 0.2020 0.3190 0.3980 0.2130 0.1520 0.1510 0.3440 0.3140 0.0000 0.1560 0.1940 0.1200 0.0760 0.1920
0.1700 0.1380 0.2590 0.2980 0.1840 0.4840 0.1020 0.2500 0.1630 0.2420 0.3320 0.3080 0.1710 0.4100 0.4150 0.1560 0.0000 0.3500 0.2760 0.2320 0.2230
0.3500 0.4690 0.4050 0.4780 0.3300 0.3350 0.2480 0.3960 0.3280 0.3900 0.4070 0.1300 0.3450 0.3900 0.3660 0.1940 0.3500 0.0000 0.2850 0.2700 0.3190
0.3650 0.2400 0.1710 0.3670 0.2560 0.3600 0.1740 0.1620 0.3530 0.4040 0.2660 0.1550 0.2190 0.2240 0.2520 0.1200 0.2760 0.2850 0.0000 0.1960 0.3120
0.1690 0.2660 0.2630 0.2970 0.2120 0.2940 0.1300 0.2540 0.3290 0.4100 0.2890 0.2280 0.2270 0.4140 0.3900 0.0760 0.2320 0.2700 0.1960 0.0000 0.1160
0.0530 0.1500 0.3540 0.1810 0.2750 0.3420 0.2460 0.3630 0.2130 0.3140 0.2440 0.3300 0.2080 0.3760 0.2910 0.1920 0.2230 0.3190 0.3120 0.1160 0.0000

max_dist:
0.0000 0.7920 0.7610 0.5410 0.6760 0.4480 0.6140 0.3880 0.4490 0.4970 0.5140 0.3890 0.6300 0.7500 0.4010 0.5210 0.5570 0.5810 0.7300 0.6080 0.4160
0.7920 0.0000 0.5790 0.5860 0.5240 0.8080 0.5470 0.6660 0.6530 0.3520 0.5540 0.7160 0.7190 0.5740 0.7860 0.4540 0.6340 0.5750 0.8480 0.5500 0.3760
0.7610 0.5790 0.0000 0.8400 0.6420 0.5320 0.4040 0.6830 0.7450 0.4690 0.6200 0.7400 0.5480 0.2920 0.3890 0.4970 0.6420 0.6940 0.7960 0.7380 0.6680
0.5410 0.5860 0.8400 0.0000 0.5520 0.4890 0.7700 0.6120 0.7670 0.6580 0.4740 0.5340 0.7180 0.5480 0.5440 0.7760 0.7630 0.6040 0.4910 0.7500 0.2100
0.6760 0.5240 0.6420 0.5520 0.0000 0.7270 0.4750 0.2880 0.4620 0.7300 0.5640 0.6100 0.6680 0.4760 0.7900 0.5680 0.4480 0.8630 0.7860 0.7740 0.6900
0.4480 0.8080 0.5320 0.4890 0.7270 0.0000 0.7380 0.5600 0.6390 0.6880 0.7570 0.3450 0.6800 0.3760 0.6580 0.6560 0.7980 0.8030 0.6860 0.4040 0.5720
0.6140 0.5470 0.4040 0.7700 0.4750 0.7380 0.0000 0.4220 0.4740 0.5520 0.4470 0.7150 0.4810 0.6600 0.6040 0.0930 0.2700 0.6100 0.7270 0.3340 0.7170
0.3880 0.6660 0.6830 0.6120 0.2880 0.5600 0.4220 0.0000 0.7220 0.5990 0.5510 0.5920 0.4000 0.6720 0.7890 0.5150 0.5570 0.7280 0.7220 0.4860 0.4020
0.4490 0.6530 0.7450 0.7670 0.4620 0.6390 0.4740 0.7220 0.0000 0.5840 0.4880 0.7520 0.5200 0.8380 0.6040 0.4470 0.4750 0.4860 0.6600 0.6990 0.6330
0.4970 0.3520 0.4690 0.6580 0.7300 0.6880 0.5520 0.5990 0.5840 0.0000 0.6920 0.7360 0.6820 0.6430 0.5500 0.6450 0.2820 0.5540 0.7340 0.6080 0.6480
0.5140 0.5540 0.6200 0.4740 0.5640 0.7570 0.4470 0.5510 0.4880 0.6920 0.0000 0.7170 0.7180 0.8320 0.6970 0.5110 0.4100 0.5240 0.4240 0.4680 0.6840
0.3890 0.7160 0.7400 0.5340 0.6100 0.3450 0.7150 0.5920 0.7520 0.7360 0.7170 0.0000 0.5940 0.4960 0.3560 0.6220 0.7480 0.4580 0.3410 0.7270 0.5560
0.6300 0.7190 0.5480 0.7180 0.6680 0.6800 0.4810 0.4000 0.5200 0.6820 0.7180 0.5940 0.0000 0.6970 0.5040 0.3880 0.4570 0.7060 0.4940 0.6400 0.8020
0.7500 0.5740 0.2920 0.5480 0.4760 0.3760 0.6600 0.6720 0.8380 0.6430 0.8320 0.4960 0.6970 0.0000 0.6810 0.7160 0.4880 0.6940 0.6550 0.7190 0.7580
0.4010 0.7860 0.3890 0.5440 0.7900 0.6580 0.6040 0.7890 0.6040 0.5500 0.6970 0.3560 0.5040 0.6810 0.0000 0.6270 0.6240 0.5180 0.5940 0.7320 0.5760
0.5210 0.4540 0.4970 0.7760 0.5680 0.6560 0.0930 0.5150 0.4470 0.6450 0.5110 0.6220 0.3880 0.7160 0.6270 0.0000 0.3630 0.5840 0.6340 0.2520 0.7320
0.5570 0.6340 0.6420 0.7630 0.4480 0.7980 0.2700 0.5570 0.4750 0.2820 0.4100 0.7480 0.4570 0.4880 0.6240 0.3630 0.0000 0.8360 0.7760 0.5670 0.7200
0.5810 0.5750 0.6940 0.6040 0.8630 0.8030 0.6100 0.7280 0.4860 0.5540 0.5240 0.4580 0.7060 0.6940 0.5180 0.5840 0.8360 0.0000 0.7990 0.6120 0.5140
0.7300 0.8480 0.7960 0.4910 0.7860 0.6860 0.7270 0.7220 0.6600 0.7340 0.4240 0.3410 0.4940 0.6550 0.5940 0.6340 0.7760 0.7990 0.0000 0.5430 0.7010
0.6080 0.5500 0.7380 0.7500 0.7740 0.4040 0.3340 0.4860 0.6990 0.6080 0.4680 0.7270 0.6400 0.7190 0.7320 0.2520 0.5670 0.6120 0.5430 0.0000 0.5400
0.4160 0.3760 0.6680 0.2100 0.6900 0.5720 0.7170 0.4020 0.6330 0.6480 0.6840 0.5560 0.8020 0.7580 0.5760 0.7320 0.7200 0.5140 0.7010 0.5400 0.0000

--- Contains 5 samples ---

--- Sample 1 ---
node_demand:
0.1667
0.2333
0.0667
0.3000
0.0667
0.1000
0.1333
0.2667
0.2333
0.2667
0.0667
0.2000
0.0667
0.3000
0.2667
0.1000
0.2333
0.0333
0.2333
0.1000

dist_matrix:
0.0000 0.2101 0.5682 0.4915 0.5546 0.4322 0.3418 0.3136 0.3488 0.4733 0.3698 0.3277 0.2789 0.5992 0.4009 0.3265 0.3982 0.4187 0.6683 0.3315 0.2934
0.5851 0.0000 0.5229 0.5542 0.2967 0.6128 0.4526 0.4440 0.4909 0.2320 0.4773 0.6026 0.3639 0.3918 0.4788 0.4130 0.4145 0.5232 0.5692 0.3834 0.3217
0.5861 0.3056 0.0000 0.4957 0.6042 0.2588 0.1611 0.4963 0.4224 0.4320 0.2691 0.3627 0.2992 0.1703 0.3829 0.4811 0.3114 0.4303 0.2789 0.6158 0.4353
0.4486 0.3727 0.3368 0.0000 0.4517 0.3580 0.3375 0.4293 0.7266 0.5713 0.2074 0.4451 0.4377 0.4639 0.5285 0.5797 0.4488 0.5322 0.4063 0.5932 0.2070
0.6653 0.3107 0.4838 0.4221 0.0000 0.7115 0.2029 0.2870 0.4156 0.4946 0.4461 0.4403 0.5606 0.4482 0.5597 0.4956 0.2554 0.7972 0.7468 0.3122 0.5540
0.3745 0.5761 0.3373 0.2581 0.5159 0.0000 0.5044 0.3399 0.4457 0.5961 0.7277 0.3388 0.5879 0.3289 0.5089 0.4625 0.6802 0.7218 0.5449 0.3736 0.5217
0.5518 0.4126 0.3211 0.6325 0.1541 0.5625 0.0000 0.2512 0.3167 0.3474 0.2944 0.6149 0.3019 0.3389 0.4571 0.0800 0.2572 0.3945 0.2689 0.3179 0.3791
0.3834 0.6104 0.0275 0.3352 0.2682 0.2926 0.3987 0.0000 0.5375 0.3995 0.5140 0.3305 0.3973 0.6143 0.4879 0.2817 0.3084 0.4508 0.3424 0.2656 0.3770
0.1935 0.3422 0.3757 0.4131 0.4542 0.5071 0.3142 0.6070 0.0000 0.4935 0.4771 0.2681 0.4361 0.7084 0.4873 0.3507 0.3546 0.3980 0.5053 0.5747 0.5234
0.4240 0.1672 0.4319 0.5863 0.4765 0.5632 0.3820 0.4512 0.3490 0.0000 0.5937 0.5443 0.6419 0.5055 0.5386 0.4533 0.2702 0.4678 0.4505 0.4313 0.4021
0.4980 0.4866 0.5598 0.4554 0.3706 0.5946 0.3479 0.2279 0.4487 0.4015 0.0000 0.4611 0.4213 0.7033 0.4846 0.3782 0.3553 0.4956 0.3836 0.3776 0.2595
0.3228 0.5103 0.4675 0.4461 0.3764 0.3436 0.4423 0.4801 0.3539 0.4284 0.7157 0.0000 0.4683 0.4183 0.3542 0.3317 0.3388 0.4539 0.1615 0.5537 0.3509
0.5783 0.2945 0.4395 0.6853 0.4392 0.5839 0.3052 0.3921 0.4953 0.3616 0.6158 0.4633 0.0000 0.6121 0.4711 0.2506 0.2371 0.4058 0.3273 0.3596 0.3815
0.4590 0.4652 0.1742 0.2336 0.3445 0.3193 0.3853 0.5904 0.7902 0.5618 0.3491 0.4306 0.6570 0.0000 0.5753 0.6215 0.4158 0.4221 0.2703 0.5267 0.7570
0.3389 0.5194 0.3878 0.4329 0.6824 0.6559 0.3287 0.6851 0.5906 0.5162 0.3954 0.3542 0.4561 0.4039 0.0000 0.6224 0.4508 0.3678 0.4537 0.6375 0.3129
0.3822 0.3186 0.4602 0.4107 0.4923 0.5861 0.0545 0.2393 0.3885 0.5096 0.4149 0.3682 0.2091 0.6072 0.3610 0.0000 0.2848 0.4692 0.6299 0.1523 0.5754
0.3060 0.1979 0.4901 0.5113 0.4075 0.5420 0.2172 0.4607 0.3979 0.2617 0.3664 0.3408 0.3992 0.4596 0.5987 0.3380 0.0000 0.5590 0.6818 0.4395 0.4071
0.4316 0.5157 0.6854 0.5462 0.3948 0.5960 0.5334 0.6585 0.3470 0.4696 0.4619 0.2289 0.5424 0.6194 0.5154 0.4351 0.4087 0.0000 0.5268 0.6056 0.3622
0.7229 0.3532 0.2358 0.3696 0.6517 0.3852 0.5774 0.2944 0.5766 0.4061 0.3312 0.2019 0.2204 0.6400 0.5815 0.3055 0.3834 0.7220 0.0000 0.4306 0.5432
0.2811 0.5359 0.7203 0.5795 0.2259 0.3581 0.1674 0.2719 0.6303 0.5846 0.4204 0.3848 0.3013 0.4652 0.7260 0.0809 0.3893 0.4245 0.5282 0.0000 0.4148
0.0777 0.1646 0.6458 0.1972 0.3005 0.3793 0.4129 0.3850 0.4914 0.6169 0.6784 0.4875 0.4936 0.4441 0.2924 0.5601 0.5158 0.3829 0.3837 0.4629 0.0000

--- Sample 2 ---
node_demand:
0.1667
0.2333
0.0667
0.3000
0.0667
0.1000
0.1333
0.2667
0.2333
0.2667
0.0667
0.2000
0.0667
0.3000
0.2667
0.1000
0.2333
0.0333
0.2333
0.1000

dist_matrix:
0.0000 0.6683 0.7598 0.4507 0.5704 0.3866 0.3089 0.3461 0.2587 0.4567 0.4609 0.3136 0.3059 0.7468 0.3051 0.4265 0.3217 0.5468 0.3880 0.2763 0.1040
0.4384 0.0000 0.2398 0.5537 0.2533 0.6295 0.4252 0.3915 0.3508 0.2727 0.4219 0.4389 0.2969 0.3717 0.7469 0.3894 0.3753 0.4942 0.5923 0.5275 0.3234
0.6196 0.4019 0.0000 0.6684 0.3116 0.5235 0.3201 0.0321 0.5500 0.4209 0.6063 0.6545 0.4430 0.2179 0.3833 0.2907 0.3637 0.5168 0.4670 0.3711 0.4642
0.4666 0.5481 0.5663 0.0000 0.4420 0.3070 0.6852 0.3681 0.5813 0.5059 0.4026 0.5219 0.4105 0.2688 0.3564 0.7577 0.5841 0.5895 0.4654 0.6086 0.1909
0.5602 0.2583 0.3435 0.5482 0.0000 0.4999 0.1153 0.2544 0.4439 0.4544 0.3666 0.4664 0.4752 0.4439 0.6639 0.3914 0.2068 0.7942 0.6356 0.4052 0.2882
0.4053 0.6548 0.4484 0.4798 0.5375 0.0000 0.6352 0.3330 0.5227 0.5682 0.7354 0.2409 0.4853 0.3679 0.5502 0.6408 0.5003 0.5214 0.4105 0.3578 0.4197
0.2907 0.3111 0.2318 0.7365 0.3439 0.5763 0.0000 0.2860 0.3600 0.4665 0.3971 0.5454 0.3230 0.6521 0.4850 0.0829 0.2518 0.5518 0.3016 0.1477 0.3166
0.3701 0.5623 0.6572 0.3356 0.2500 0.4415 0.3637 0.0000 0.4302 0.4512 0.4246 0.4193 0.3499 0.4074 0.5804 0.3577 0.3440 0.6776 0.3634 0.4686 0.3817
0.1790 0.4938 0.6884 0.7052 0.3490 0.5074 0.4010 0.3420 0.0000 0.3768 0.4736 0.2870 0.4968 0.4275 0.4704 0.3984 0.3522 0.3376 0.5282 0.6380 0.6102
0.4462 0.3165 0.4136 0.4877 0.4901 0.6059 0.4801 0.5016 0.4133 0.0000 0.4077 0.7224 0.3388 0.6019 0.5420 0.6436 0.2544 0.4725 0.6960 0.6069 0.3732
0.2478 0.4875 0.4075 0.1709 0.4801 0.5571 0.2915 0.3905 0.4140 0.4463 0.0000 0.7134 0.4150 0.7791 0.4826 0.5025 0.3768 0.5006 0.3936 0.3193 0.2495
0.3857 0.5199 0.5371 0.4281 0.4913 0.2653 0.6328 0.3688 0.5087 0.5991 0.6988 0.0000 0.3116 0.4599 0.3506 0.3878 0.6335 0.2338 0.3301 0.4770 0.4397
0.2825 0.6406 0.3306 0.4546 0.3576 0.6312 0.3463 0.2961 0.5116 0.3934 0.6939 0.3674 0.0000 0.6268 0.4721 0.2348 0.3841 0.4289 0.4486 0.6038 0.4946
0.5317 0.3398 0.2842 0.5000 0.4618 0.3398 0.6045 0.5354 0.4357 0.5500 0.2854 0.4795 0.6844 0.0000 0.5790 0.5500 0.4830 0.4097 0.4602 0.4370 0.5920
0.3113 0.6371 0.3821 0.4611 0.7023 0.5582 0.5648 0.4251 0.4824 0.5077 0.5313 0.3515 0.4789 0.3856 0.0000 0.5568 0.5521 0.4248 0.5191 0.6878 0.3381
0.4415 0.3127 0.3252 0.5166 0.4645 0.6116 0.0696 0.2929 0.4319 0.4546 0.3042 0.4980 0.2534 0.3804 0.3247 0.0000 0.2142 0.5108 0.1415 0.1984 0.4454
0.4321 0.3338 0.3958 0.3819 0.3898 0.6875 0.2637 0.4239 0.3342 0.2661 0.3596 0.5234 0.2701 0.4394 0.5656 0.2173 0.0000 0.4039 0.5922 0.5243 0.3001
0.4405 0.4854 0.5109 0.5970 0.4767 0.7381 0.6032 0.6650 0.3896 0.4047 0.4807 0.2744 0.5739 0.5714 0.4548 0.2470 0.6361 0.0000 0.3632 0.3135 0.4752
0.4350 0.7711 0.2430 0.4604 0.5204 0.4460 0.2475 0.2211 0.5255 0.6378 0.3267 0.2369 0.2330 0.3164 0.4799 0.4882 0.5693 0.4899 0.0000 0.4548 0.3297
0.5951 0.5127 0.6028 0.5719 0.4458 0.3706 0.3166 0.4647 0.5596 0.4166 0.3595 0.6465 0.5240 0.6621 0.5551 0.1949 0.4771 0.3012 0.3448 0.0000 0.2176
0.3917 0.1639 0.4186 0.1919 0.6636 0.5187 0.6196 0.3635 0.3835 0.5373 0.6134 0.4265 0.2287 0.4197 0.4827 0.6072 0.2892 0.4165 0.6411 0.1927 0.0000

--- Sample 3 ---
node_demand:
0.1667
0.2333
0.0667
0.3000
0.0667
0.1000
0.1333
0.2667
0.2333
0.2667
0.0667
0.2000
0.0667
0.3000
0.2667
0.1000
0.2333
0.0333
0.2333
0.1000

dist_matrix:
0.0000 0.7074 0.3900 0.3889 0.3118 0.3283 0.5230 0.3875 0.2426 0.4719 0.4394 0.3363 0.5027 0.5765 0.3690 0.2918 0.2025 0.3773 0.4889 0.2572 0.1429
0.4812 0.0000 0.4780 0.5691 0.3471 0.6085 0.2911 0.3647 0.3707 0.3509 0.3851 0.6529 0.4144 0.5205 0.5806 0.4197 0.2706 0.4882 0.6388 0.3031 0.3612
0.5734 0.4627 0.0000 0.4918 0.6139 0.4111 0.2335 0.0909 0.5868 0.4148 0.3371 0.4183 0.3337 0.1934 0.3637 0.2948 0.5986 0.6104 0.3950 0.3987 0.4727
0.3918 0.3774 0.3486 0.0000 0.5324 0.3266 0.3878 0.3190 0.6636 0.5711 0.1838 0.4301 0.5495 0.4872 0.4090 0.6613 0.5988 0.5801 0.4647 0.4194 0.1934
0.4306 0.2610 0.3059 0.4090 0.0000 0.5961 0.2337 0.2663 0.4317 0.6208 0.5477 0.4921 0.4858 0.4521 0.7865 0.2038 0.4186 0.4090 0.3329 0.7257 0.4831
0.3416 0.6107 0.4965 0.3654 0.5508 0.0000 0.5470 0.5050 0.5672 0.6486 0.5420 0.2964 0.5679 0.3461 0.5871 0.3817 0.6891 0.7728 0.3903 0.3513 0.4299
0.5444 0.3470 0.2378 0.4055 0.1508 0.4612 0.0000 0.2897 0.3767 0.3849 0.3442 0.4046 0.4494 0.4734 0.5931 0.0709 0.2460 0.3108 0.4260 0.1886 0.6130
0.3333 0.2648 0.6246 0.3032 0.2451 0.4592 0.3948 0.0000 0.4137 0.5475 0.3411 0.4026 0.3158 0.1711 0.6933 0.5096 0.3885 0.6190 0.6596 0.3177 0.3841
0.1833 0.3522 0.5425 0.6586 0.4057 0.4827 0.4219 0.6794 0.0000 0.2906 0.4603 0.3551 0.4112 0.6830 0.5350 0.3346 0.4328 0.3559 0.5899 0.3339 0.4336
0.4533 0.3241 0.4504 0.5436 0.3795 0.6569 0.5427 0.5440 0.3416 0.0000 0.5259 0.5323 0.3664 0.5383 0.5470 0.5816 0.2796 0.4355 0.5520 0.4332 0.4516
0.3222 0.5110 0.3667 0.4697 0.5454 0.4103 0.4265 0.5420 0.4829 0.6879 0.0000 0.4721 0.6160 0.7283 0.5096 0.4796 0.3343 0.4610 0.2935 0.4274 0.6038
0.3394 0.4269 0.4965 0.5033 0.3449 0.2673 0.4753 0.5799 0.5390 0.5692 0.4967 0.0000 0.4703 0.3569 0.3548 0.4136 0.4470 0.4231 0.1760 0.2342 0.4727
0.4898 0.4247 0.3746 0.4223 0.4811 0.6651 0.3127 0.3040 0.4523 0.4551 0.4033 0.5867 0.0000 0.5468 0.4364 0.3773 0.4529 0.5349 0.3004 0.4073 0.2351
0.5002 0.5470 0.1816 0.3250 0.3799 0.3421 0.4100 0.2761 0.3287 0.5661 0.7127 0.4951 0.4523 0.0000 0.3774 0.4149 0.4177 0.4542 0.2952 0.4205 0.6654
0.3960 0.5790 0.3864 0.4968 0.5719 0.5201 0.5535 0.5346 0.5947 0.5086 0.6338 0.3529 0.4659 0.6789 0.0000 0.6124 0.5236 0.4414 0.4497 0.4346 0.3878
0.4710 0.3171 0.4529 0.6531 0.4986 0.4095 0.0643 0.4719 0.3520 0.5815 0.4706 0.3807 0.3687 0.6294 0.3299 0.0000 0.3092 0.5586 0.5712 0.0826 0.6934
0.3010 0.3799 0.5911 0.6062 0.2475 0.7625 0.2054 0.4120 0.3949 0.2778 0.4060 0.3559 0.3594 0.4398 0.5053 0.1991 0.0000 0.7046 0.3175 0.4205 0.3615
0.4532 0.5399 0.4746 0.5734 0.4865 0.3776 0.3104 0.5010 0.4738 0.4486 0.4194 0.1301 0.4898 0.5335 0.4866 0.4359 0.6257 0.0000 0.7108 0.4640 0.3336
0.4194 0.4583 0.3371 0.4081 0.7587 0.4165 0.7015 0.2741 0.5261 0.6403 0.3858 0.2704 0.4577 0.5020 0.3928 0.4430 0.6366 0.4661 0.0000 0.2657 0.3161
0.2094 0.4944 0.7064 0.3176 0.4934 0.3188 0.2211 0.4325 0.6618 0.4616 0.4665 0.6551 0.2444 0.5616 0.5923 0.1245 0.2453 0.4793 0.5210 0.0000 0.1846
0.2027 0.2438 0.5682 0.2062 0.4416 0.4614 0.4371 0.3675 0.3641 0.5021 0.6299 0.4584 0.2438 0.6166 0.3986 0.4057 0.3784 0.4718 0.6554 0.4981 0.0000

--- Sample 4 ---
node_demand:
0.1667
0.2333
0.0667
0.3000
0.0667
0.1000
0.1333
0.2667
0.2333
0.2667
0.0667
0.2000
0.0667
0.3000
0.2667
0.1000
0.2333
0.0333
0.2333
0.1000

dist_matrix:
0.0000 0.3768 0.3819 0.2036 0.3085 0.3367 0.5710 0.3848 0.3071 0.3680 0.2792 0.3682 0.4393 0.5317 0.3272 0.4533 0.3764 0.4472 0.5718 0.5544 0.0756
0.4241 0.0000 0.2917 0.4712 0.3652 0.7515 0.4348 0.4237 0.3536 0.2524 0.4682 0.7044 0.2925 0.5578 0.7145 0.4423 0.3437 0.5415 0.4530 0.3455 0.1553
0.6534 0.3029 0.0000 0.4583 0.3082 0.2651 0.3458 0.6251 0.6202 0.3974 0.5533 0.5468 0.4161 0.1555 0.3657 0.2778 0.5574 0.5043 0.5747 0.4200 0.5043
0.1734 0.4486 0.6522 0.0000 0.4673 0.4175 0.7418 0.3533 0.7560 0.5148 0.2362 0.5234 0.5652 0.5358 0.4253 0.3441 0.5609 0.5789 0.4239 0.6519 0.1862
0.4955 0.2927 0.5133 0.5029 0.0000 0.6639 0.3261 0.2347 0.3662 0.5920 0.4625 0.4687 0.6632 0.3960 0.7577 0.3517 0.3041 0.5565 0.2567 0.4971 0.4213
0.3420 0.5803 0.4012 0.3044 0.7017 0.0000 0.6118 0.3097 0.4162 0.6347 0.6554 0.2525 0.6044 0.3530 0.5703 0.5585 0.7215 0.7874 0.6427 0.3526 0.4674
0.3295 0.3801 0.1942 0.4723 0.1970 0.7281 0.0000 0.2787 0.3398 0.5232 0.4446 0.6758 0.3464 0.4630 0.5187 0.0628 0.1813 0.4189 0.2668 0.2718 0.6506
0.3845 0.3972 0.6159 0.5275 0.2655 0.4875 0.2910 0.0000 0.5247 0.4796 0.3144 0.5858 0.3161 0.6491 0.7235 0.3508 0.3916 0.4620 0.3883 0.4327 0.3804
0.4216 0.4588 0.3264 0.5645 0.4144 0.4936 0.2744 0.5080 0.0000 0.3582 0.4315 0.3018 0.4361 0.3838 0.4529 0.4114 0.3129 0.3855 0.3826 0.5268 0.3718
0.3689 0.1670 0.4591 0.5960 0.6288 0.5520 0.4337 0.4189 0.3624 0.0000 0.4531 0.5245 0.6134 0.6088 0.5456 0.6386 0.2481 0.5022 0.4624 0.5888 0.5052
0.5037 0.3575 0.3328 0.1667 0.4913 0.3848 0.3491 0.3563 0.4518 0.4489 0.0000 0.4005 0.5132 0.6912 0.5281 0.3618 0.3733 0.4218 0.3678 0.4033 0.3844
0.3338 0.4887 0.4357 0.4753 0.6034 0.2456 0.2095 0.3947 0.5494 0.6830 0.3999 0.0000 0.3781 0.4359 0.3517 0.3844 0.5074 0.1883 0.1567 0.4411 0.5420
0.3519 0.6296 0.3741 0.5466 0.4245 0.5058 0.4757 0.3519 0.4590 0.6615 0.4336 0.3373 0.0000 0.6193 0.4954 0.3045 0.3622 0.4638 0.3653 0.3867 0.5635
0.3620 0.4214 0.1651 0.3797 0.3491 0.3451 0.3943 0.4639 0.8123 0.5240 0.7980 0.4511 0.6219 0.0000 0.3922 0.5407 0.4495 0.5265 0.3762 0.4389 0.3885
0.3336 0.7503 0.3779 0.4026 0.7455 0.4486 0.4010 0.4787 0.5386 0.5396 0.3645 0.3524 0.4546 0.5256 0.0000 0.5183 0.6134 0.5141 0.3433 0.5795 0.5269
0.4180 0.3350 0.3728 0.6180 0.1368 0.5535 0.0777 0.3851 0.3810 0.5562 0.2822 0.2301 0.2256 0.4775 0.4235 0.0000 0.2070 0.3339 0.2617 0.2402 0.3496
0.3619 0.4959 0.2928 0.6251 0.3862 0.4946 0.1038 0.5419 0.1690 0.2629 0.3574 0.5263 0.3554 0.4217 0.4276 0.2382 0.0000 0.6828 0.4926 0.2782 0.5775
0.4854 0.5648 0.5331 0.5897 0.5696 0.4867 0.2720 0.5545 0.4768 0.4083 0.4179 0.1344 0.4090 0.5880 0.3925 0.4641 0.7152 0.0000 0.5602 0.3893 0.4865
0.4685 0.5573 0.4670 0.4851 0.2630 0.3806 0.4212 0.4235 0.6056 0.7339 0.2736 0.2658 0.2532 0.2389 0.3439 0.3288 0.4715 0.5528 0.0000 0.4289 0.5051
0.3041 0.5320 0.7305 0.4379 0.4638 0.4020 0.2748 0.3472 0.4662 0.4606 0.4470 0.6341 0.5501 0.6188 0.5349 0.0979 0.5635 0.4689 0.4510 0.0000 0.3446
0.1092 0.2472 0.3563 0.1914 0.4496 0.5090 0.3816 0.3835 0.6000 0.3332 0.3451 0.5218 0.3254 0.7502 0.5186 0.2371 0.5614 0.4763 0.5043 0.2564 0.0000

--- Sample 5 ---
node_demand:
0.1667
0.2333
0.0667
0.3000
0.0667
0.1000
0.1333
0.2667
0.2333
0.2667
0.0667
0.2000
0.0667
0.3000
0.2667
0.1000
0.2333
0.0333
0.2333
0.1000

dist_matrix:
0.0000 0.4009 0.3685 0.2641 0.6034 0.4457 0.4470 0.3710 0.1808 0.4838 0.2950 0.3221 0.3040 0.6498 0.3162 0.4193 0.4831 0.3857 0.7282 0.2949 0.0882
0.2923 0.0000 0.4824 0.3688 0.4068 0.4915 0.4656 0.4172 0.4163 0.1907 0.3886 0.5950 0.4776 0.5670 0.6227 0.3080 0.4925 0.5708 0.3984 0.3157 0.2989
0.5652 0.4784 0.0000 0.4573 0.3104 0.5318 0.3607 0.6268 0.4181 0.4169 0.4599 0.4663 0.5334 0.1678 0.3728 0.2367 0.4471 0.5433 0.4777 0.5853 0.3611
0.4706 0.5781 0.7907 0.0000 0.4473 0.3657 0.4020 0.3864 0.7444 0.5542 0.4299 0.4752 0.4350 0.4232 0.5071 0.7600 0.4595 0.6038 0.4016 0.4005 0.2055
0.3062 0.2322 0.2988 0.3646 0.0000 0.7140 0.2868 0.2794 0.3923 0.6832 0.5451 0.4042 0.4826 0.3363 0.6771 0.1998 0.2699 0.6989 0.6689 0.7487 0.3579
0.3606 0.7044 0.3214 0.2509 0.6831 0.0000 0.4972 0.4039 0.5318 0.6720 0.6054 0.3196 0.5600 0.3758 0.6516 0.6433 0.6274 0.4201 0.4229 0.2990 0.5621
0.3749 0.2561 0.3851 0.6707 0.1472 0.6268 0.0000 0.2331 0.2874 0.5339 0.3432 0.3986 0.2660 0.5134 0.3430 0.0639 0.1176 0.5912 0.5903 0.2240 0.5589
0.3143 0.2825 0.2088 0.4513 0.2310 0.2647 0.2717 0.0000 0.6080 0.4482 0.4835 0.4361 0.3774 0.5956 0.6754 0.3081 0.3157 0.5119 0.2574 0.2781 0.4016
0.2134 0.6380 0.5202 0.5467 0.4565 0.5082 0.3004 0.5646 0.0000 0.3428 0.4753 0.5167 0.4972 0.6461 0.5232 0.4253 0.2824 0.4259 0.5344 0.6403 0.5189
0.4448 0.1837 0.4572 0.5426 0.4982 0.6592 0.4490 0.4489 0.5144 0.0000 0.3953 0.6492 0.5314 0.6134 0.5215 0.5329 0.2452 0.4002 0.6214 0.4519 0.5736
0.4284 0.5285 0.4259 0.2555 0.3527 0.7021 0.3106 0.4859 0.4055 0.4303 0.0000 0.6524 0.5699 0.1817 0.4314 0.3124 0.3349 0.4602 0.3890 0.4542 0.3330
0.3063 0.6651 0.3864 0.4660 0.3678 0.2298 0.6281 0.5748 0.3667 0.4965 0.4338 0.0000 0.4315 0.4297 0.3540 0.5387 0.7214 0.1756 0.2473 0.4501 0.4493
0.2864 0.3507 0.3843 0.5425 0.5469 0.4978 0.2074 0.3848 0.3700 0.4712 0.4106 0.4359 0.0000 0.5107 0.4366 0.3569 0.2082 0.4912 0.3693 0.5507 0.4348
0.3416 0.3979 0.1564 0.4309 0.3098 0.3101 0.3106 0.5522 0.5364 0.5121 0.3699 0.4823 0.4868 0.0000 0.4317 0.6450 0.4213 0.4220 0.2520 0.6852 0.3870
0.3063 0.4610 0.3703 0.4529 0.6815 0.5679 0.3780 0.6654 0.5680 0.5317 0.3196 0.3508 0.4690 0.4192 0.0000 0.4217 0.4177 0.3665 0.3084 0.6087 0.3120
0.5023 0.3408 0.3736 0.5406 0.5077 0.3649 0.0764 0.4813 0.4304 0.5061 0.2177 0.2542 0.3505 0.6421 0.5477 0.0000 0.1797 0.2673 0.5014 0.1304 0.2724
0.5020 0.2524 0.6200 0.6038 0.4053 0.5643 0.1864 0.2697 0.2165 0.2679 0.3468 0.5677 0.2709 0.4616 0.5912 0.3551 0.0000 0.3930 0.5181 0.2964 0.3798
0.5793 0.5206 0.5320 0.5583 0.6661 0.5333 0.2691 0.5237 0.3485 0.4663 0.4958 0.2672 0.4209 0.6440 0.4265 0.4585 0.5764 0.0000 0.5713 0.5028 0.4115
0.5546 0.7117 0.2662 0.4335 0.3678 0.5709 0.4987 0.4773 0.3664 0.6880 0.3475 0.3122 0.3877 0.4050 0.4623 0.4250 0.3847 0.4729 0.0000 0.4726 0.4205
0.4739 0.3214 0.6250 0.5283 0.4791 0.3793 0.2947 0.2610 0.5782 0.4945 0.3631 0.4468 0.4068 0.5859 0.4431 0.1637 0.3334 0.2701 0.4895 0.0000 0.1785
0.4014 0.2775 0.6078 0.1823 0.5052 0.5328 0.6888 0.3674 0.5482 0.4427 0.6806 0.3950 0.2837 0.6534 0.3598 0.4525 0.2773 0.4276 0.5974 0.3549 0.0000
