min_dist:
0.0000 0.1740 0.2330 0.3100 0.2800 0.3080 0.3420 0.3380 0.2300 0.3100 0.4230 0.1980 0.2910 0.1280 0.2500 0.2200 0.2240 0.2890 0.1570 0.2680 0.4000
0.1740 0.0000 0.3520 0.1360 0.3510 0.3210 0.2590 0.3100 0.2360 0.3260 0.4280 0.2510 0.1580 0.2400 0.2360 0.1920 0.2620 0.2060 0.3310 0.3120 0.3660
0.2330 0.3520 0.0000 0.2400 0.2980 0.3300 0.2610 0.2290 0.1160 0.3250 0.1900 0.2460 0.1940 0.3480 0.1400 0.3470 0.1140 0.2080 0.0760 0.2480 0.3160
0.3100 0.1360 0.2400 0.0000 0.2470 0.2570 0.2010 0.2410 0.1480 0.3290 0.3740 0.1470 0.2260 0.3760 0.1000 0.3180 0.1260 0.1480 0.2800 0.3640 0.3640
0.2800 0.3510 0.2980 0.2470 0.0000 0.2100 0.2040 0.2990 0.2710 0.2820 0.2280 0.1000 0.1930 0.1520 0.2100 0.3390 0.1840 0.2570 0.2880 0.2830 0.3260
0.3080 0.3210 0.3300 0.2570 0.2100 0.0000 0.2490 0.2470 0.2810 0.2750 0.1400 0.1100 0.2030 0.2840 0.2940 0.1290 0.3200 0.1960 0.2980 0.3950 0.1610
0.3420 0.2590 0.2610 0.2010 0.2040 0.2490 0.0000 0.4090 0.2970 0.2610 0.3890 0.3040 0.2190 0.3560 0.3010 0.2910 0.3270 0.0530 0.1850 0.2500 0.4100
0.3380 0.3100 0.2290 0.2410 0.2990 0.2470 0.4090 0.0000 0.1720 0.2990 0.1640 0.2320 0.2500 0.4040 0.1410 0.1180 0.1150 0.3560 0.3050 0.3650 0.2360
0.2300 0.2360 0.1160 0.1480 0.2710 0.2810 0.2970 0.1720 0.0000 0.2460 0.2260 0.1710 0.0780 0.2320 0.2480 0.2900 0.2300 0.2510 0.1920 0.2720 0.3020
0.3100 0.3260 0.3250 0.3290 0.2820 0.2750 0.2610 0.2990 0.2460 0.0000 0.1350 0.1820 0.1680 0.1820 0.3390 0.2680 0.3130 0.2080 0.3400 0.3670 0.2280
0.4230 0.4280 0.1900 0.3740 0.2280 0.1400 0.3890 0.1640 0.2260 0.1350 0.0000 0.2500 0.3030 0.3170 0.3050 0.2690 0.2790 0.3360 0.2660 0.4380 0.3010
0.1980 0.2510 0.2460 0.1470 0.1000 0.1100 0.3040 0.2320 0.1710 0.1820 0.2500 0.0000 0.0930 0.2520 0.2470 0.2390 0.2730 0.2950 0.1880 0.3600 0.2260
0.2910 0.1580 0.1940 0.2260 0.1930 0.2030 0.2190 0.2500 0.0780 0.1680 0.3030 0.0930 0.0000 0.3100 0.3260 0.2300 0.3080 0.2720 0.2020 0.3500 0.3190
0.1280 0.2400 0.3480 0.3760 0.1520 0.2840 0.3560 0.4040 0.2320 0.1820 0.3170 0.2520 0.3100 0.0000 0.3620 0.3160 0.3360 0.3900 0.2850 0.3960 0.4100
0.2500 0.2360 0.1400 0.1000 0.2100 0.2940 0.3010 0.1410 0.2480 0.3390 0.3050 0.2470 0.3260 0.3620 0.0000 0.2590 0.0260 0.2480 0.2160 0.3880 0.2640
0.2200 0.1920 0.3470 0.3180 0.3390 0.1290 0.2910 0.1180 0.2900 0.2680 0.2690 0.2390 0.2300 0.3160 0.2590 0.0000 0.2330 0.2380 0.3700 0.4540 0.2520
0.2240 0.2620 0.1140 0.1260 0.1840 0.3200 0.3270 0.1150 0.2300 0.3130 0.2790 0.2730 0.3080 0.3360 0.0260 0.2330 0.0000 0.2740 0.1900 0.3620 0.2380
0.2890 0.2060 0.2080 0.1480 0.2570 0.1960 0.0530 0.3560 0.2510 0.2080 0.3360 0.2950 0.2720 0.3900 0.2480 0.2380 0.2740 0.0000 0.1320 0.2160 0.3570
0.1570 0.3310 0.0760 0.2800 0.2880 0.2980 0.1850 0.3050 0.1920 0.3400 0.2660 0.1880 0.2020 0.2850 0.2160 0.3700 0.1900 0.1320 0.0000 0.1720 0.3920
0.2680 0.3120 0.2480 0.3640 0.2830 0.3950 0.2500 0.3650 0.2720 0.3670 0.4380 0.3600 0.3500 0.3960 0.3880 0.4540 0.3620 0.2160 0.1720 0.0000 0.2340
0.4000 0.3660 0.3160 0.3640 0.3260 0.1610 0.4100 0.2360 0.3020 0.2280 0.3010 0.2260 0.3190 0.4100 0.2640 0.2520 0.2380 0.3570 0.3920 0.2340 0.0000

max_dist:
0.0000 0.7640 0.5180 0.7470 0.4440 0.5490 0.6740 0.6260 0.5960 0.4420 0.6980 0.6880 0.6530 0.6640 0.6440 0.6480 0.6980 0.7780 0.3100 0.4880 0.5090
0.7640 0.0000 0.4770 0.5380 0.6400 0.7020 0.4560 0.5570 0.7710 0.5040 0.6970 0.8660 0.5600 0.7260 0.4950 0.6700 0.3800 0.5020 0.5960 0.5350 0.7430
0.5180 0.4770 0.0000 0.8100 0.7310 0.5640 0.5840 0.4690 0.5250 0.5000 0.2650 0.6630 0.7390 0.4980 0.5890 0.7180 0.7180 0.6770 0.6240 0.7400 0.3760
0.7470 0.5380 0.8100 0.0000 0.8860 0.6120 0.5730 0.4110 0.6930 0.6830 0.9030 0.7430 0.8900 0.6200 0.4130 0.4500 0.6260 0.3470 0.7450 0.5670 0.8620
0.4440 0.6400 0.7310 0.8860 0.0000 0.4150 0.5820 0.5060 0.7680 0.5890 0.4660 0.2440 0.3980 0.5660 0.4740 0.5070 0.2600 0.6380 0.6840 0.5060 0.4680
0.5490 0.7020 0.5640 0.6120 0.4150 0.0000 0.6700 0.4400 0.5020 0.5780 0.2990 0.1710 0.5540 0.3560 0.5620 0.7520 0.6310 0.4440 0.6600 0.5170 0.3060
0.6740 0.4560 0.5840 0.5730 0.5820 0.6700 0.0000 0.5100 0.5810 0.5620 0.5620 0.6480 0.7840 0.6160 0.8100 0.5360 0.6740 0.2260 0.7180 0.6040 0.4740
0.6260 0.5570 0.4690 0.4110 0.5060 0.4400 0.5100 0.0000 0.2820 0.3840 0.7340 0.3320 0.6900 0.6060 0.7120 0.5000 0.7130 0.7200 0.5620 0.3840 0.6200
0.5960 0.7710 0.5250 0.6930 0.7680 0.5020 0.5810 0.2820 0.0000 0.4780 0.6510 0.5240 0.4080 0.7000 0.4300 0.6360 0.5360 0.6380 0.4860 0.3080 0.5140
0.4420 0.5040 0.5000 0.6830 0.5890 0.5780 0.5620 0.3840 0.4780 0.0000 0.5440 0.7160 0.4660 0.2220 0.7740 0.6460 0.3290 0.3360 0.7520 0.7340 0.3400
0.6980 0.6970 0.2650 0.9030 0.4660 0.2990 0.5620 0.7340 0.6510 0.5440 0.0000 0.4700 0.4740 0.6270 0.6340 0.4530 0.6110 0.6560 0.5320 0.7100 0.5540
0.6880 0.8660 0.6630 0.7430 0.2440 0.1710 0.6480 0.3320 0.5240 0.7160 0.4700 0.0000 0.6420 0.5270 0.5860 0.7320 0.5040 0.5820 0.6790 0.6880 0.4770
0.6530 0.5600 0.7390 0.8900 0.3980 0.5540 0.7840 0.6900 0.4080 0.4660 0.4740 0.6420 0.0000 0.6880 0.6070 0.7360 0.6440 0.7700 0.6520 0.6140 0.6840
0.6640 0.7260 0.4980 0.6200 0.5660 0.3560 0.6160 0.6060 0.7000 0.2220 0.6270 0.5270 0.6880 0.0000 0.9030 0.4250 0.5510 0.5580 0.6040 0.6280 0.5620
0.6440 0.4950 0.5890 0.4130 0.4740 0.5620 0.8100 0.7120 0.4300 0.7740 0.6340 0.5860 0.6070 0.9030 0.0000 0.4780 0.4450 0.5870 0.7830 0.7070 0.7000
0.6480 0.6700 0.7180 0.4500 0.5070 0.7520 0.5360 0.5000 0.6360 0.6460 0.4530 0.7320 0.7360 0.4250 0.4780 0.0000 0.4840 0.3100 0.6320 0.7840 0.6260
0.6980 0.3800 0.7180 0.6260 0.2600 0.6310 0.6740 0.7130 0.5360 0.3290 0.6110 0.5040 0.6440 0.5510 0.4450 0.4840 0.0000 0.6650 0.4810 0.6590 0.3740
0.7780 0.5020 0.6770 0.3470 0.6380 0.4440 0.2260 0.7200 0.6380 0.3360 0.6560 0.5820 0.7700 0.5580 0.5870 0.3100 0.6650 0.0000 0.6770 0.4990 0.6550
0.3100 0.5960 0.6240 0.7450 0.6840 0.6600 0.7180 0.5620 0.4860 0.7520 0.5320 0.6790 0.6520 0.6040 0.7830 0.6320 0.4810 0.6770 0.0000 0.1780 0.5580
0.4880 0.5350 0.7400 0.5670 0.5060 0.5170 0.6040 0.3840 0.3080 0.7340 0.7100 0.6880 0.6140 0.6280 0.7070 0.7840 0.6590 0.4990 0.1780 0.0000 0.5700
0.5090 0.7430 0.3760 0.8620 0.4680 0.3060 0.4740 0.6200 0.5140 0.3400 0.5540 0.4770 0.6840 0.5620 0.7000 0.6260 0.3740 0.6550 0.5580 0.5700 0.0000

--- Contains 5 samples ---

--- Sample 1 ---
node_demand:
0.2000
0.2000
0.0333
0.3000
0.1000
0.1000
0.2667
0.2667
0.2000
0.0667
0.2667
0.2333
0.1000
0.2333
0.1333
0.0333
0.2667
0.3000
0.0667
0.2333

dist_matrix:
0.0000 0.5487 0.2624 0.5162 0.4221 0.4437 0.5995 0.3630 0.3928 0.3313 0.6722 0.5112 0.3213 0.2175 0.5928 0.6004 0.3325 0.7236 0.1688 0.3352 0.5055
0.2306 0.0000 0.4440 0.4293 0.5740 0.5937 0.3226 0.3204 0.5198 0.4184 0.5959 0.2960 0.2298 0.5478 0.4633 0.6485 0.2620 0.4082 0.3715 0.5192 0.4092
0.3617 0.4605 0.0000 0.8010 0.3408 0.3350 0.2977 0.2582 0.3145 0.3611 0.1939 0.3207 0.3263 0.3671 0.1584 0.5719 0.5444 0.2468 0.2370 0.6081 0.3431
0.7431 0.1943 0.7581 0.0000 0.7393 0.5784 0.3909 0.4004 0.4620 0.6599 0.8977 0.4047 0.3612 0.4458 0.3018 0.3195 0.3632 0.2396 0.4763 0.3772 0.6326
0.3500 0.4804 0.3048 0.3424 0.0000 0.3610 0.4777 0.3453 0.6455 0.3262 0.2503 0.1014 0.3252 0.5351 0.4478 0.3864 0.2152 0.3750 0.4367 0.3241 0.4049
0.3336 0.4293 0.3715 0.4439 0.2193 0.0000 0.3907 0.2621 0.4707 0.4847 0.2014 0.1533 0.4278 0.3515 0.5268 0.4242 0.4915 0.3034 0.4663 0.4363 0.1929
0.5452 0.3938 0.5265 0.2358 0.4278 0.3206 0.0000 0.4728 0.3236 0.4377 0.4708 0.3571 0.2434 0.4443 0.7387 0.3693 0.3906 0.1468 0.3651 0.3964 0.4141
0.5016 0.4000 0.2838 0.3466 0.4173 0.3738 0.4706 0.0000 0.2488 0.3054 0.6960 0.3285 0.3127 0.4196 0.5406 0.4798 0.5174 0.4583 0.3254 0.3808 0.5316
0.3057 0.3844 0.4636 0.6285 0.6775 0.3611 0.4233 0.2572 0.0000 0.2879 0.2633 0.3755 0.2598 0.5524 0.3480 0.5064 0.4022 0.5704 0.3333 0.2902 0.4266
0.4363 0.4798 0.3759 0.3939 0.3070 0.3007 0.5016 0.3260 0.3852 0.0000 0.2935 0.2772 0.3964 0.2057 0.6415 0.6206 0.3162 0.2850 0.5431 0.4811 0.2586
0.4391 0.4983 0.2641 0.8276 0.4578 0.1473 0.4298 0.6084 0.3386 0.1479 0.0000 0.3240 0.4134 0.4073 0.3537 0.3168 0.5689 0.5225 0.2836 0.5054 0.5223
0.5750 0.3345 0.3238 0.5442 0.2104 0.1107 0.6149 0.2592 0.2736 0.3761 0.4276 0.0000 0.1968 0.5192 0.4406 0.5750 0.3459 0.3785 0.5188 0.4606 0.4109
0.4844 0.4725 0.5357 0.4740 0.2800 0.5415 0.2227 0.3129 0.1974 0.4510 0.3705 0.6249 0.0000 0.3118 0.3334 0.5714 0.5534 0.6821 0.2275 0.5844 0.4663
0.2384 0.6419 0.4299 0.5415 0.4020 0.3194 0.5167 0.5255 0.4960 0.1949 0.5534 0.2569 0.4716 0.0000 0.6503 0.4150 0.4096 0.4782 0.5294 0.5605 0.5412
0.3783 0.3275 0.3612 0.2477 0.4707 0.3612 0.6235 0.1496 0.2841 0.3869 0.3195 0.3241 0.3416 0.5204 0.0000 0.3579 0.3398 0.5357 0.6673 0.4288 0.6205
0.5606 0.2160 0.6117 0.3568 0.4557 0.4068 0.4227 0.3860 0.3411 0.4298 0.3527 0.5955 0.5870 0.3293 0.2822 0.0000 0.4256 0.2509 0.4679 0.5320 0.6049
0.2380 0.3291 0.2855 0.3199 0.2127 0.6140 0.6215 0.3669 0.3798 0.3241 0.3721 0.4061 0.4747 0.4795 0.4189 0.2386 0.0000 0.4996 0.3172 0.5192 0.2568
0.6884 0.4907 0.5500 0.3355 0.3729 0.2510 0.0893 0.5348 0.2570 0.3197 0.3669 0.3511 0.4903 0.5521 0.3967 0.3066 0.3137 0.0000 0.2827 0.4159 0.6249
0.2239 0.3558 0.2996 0.6440 0.5189 0.4798 0.3973 0.4313 0.4552 0.6729 0.3082 0.6505 0.3246 0.4705 0.7038 0.6285 0.2489 0.5784 0.0000 0.1767 0.4524
0.3222 0.3185 0.6070 0.5326 0.3204 0.4821 0.2807 0.3791 0.2969 0.6099 0.6812 0.5423 0.5159 0.4962 0.6084 0.7707 0.3885 0.3005 0.1758 0.0000 0.3724
0.4817 0.5130 0.3226 0.6503 0.3363 0.1825 0.4436 0.4944 0.3623 0.2967 0.3342 0.3701 0.3326 0.5579 0.3682 0.4484 0.3338 0.4747 0.4380 0.4212 0.0000

--- Sample 2 ---
node_demand:
0.2000
0.2000
0.0333
0.3000
0.1000
0.1000
0.2667
0.2667
0.2000
0.0667
0.2667
0.2333
0.1000
0.2333
0.1333
0.0333
0.2667
0.3000
0.0667
0.2333

dist_matrix:
0.0000 0.7216 0.4312 0.7378 0.4085 0.4898 0.5356 0.3495 0.4132 0.3699 0.6012 0.4251 0.3863 0.6009 0.5041 0.5710 0.6737 0.6794 0.2160 0.2875 0.4024
0.6205 0.0000 0.3734 0.3661 0.5576 0.4031 0.3891 0.3167 0.4385 0.3986 0.5454 0.6704 0.4893 0.4736 0.3076 0.3016 0.2828 0.4073 0.5175 0.4038 0.5355
0.3242 0.4568 0.0000 0.7936 0.3526 0.4240 0.2942 0.2810 0.4159 0.3637 0.2402 0.2733 0.6627 0.4525 0.1592 0.6873 0.5163 0.3023 0.5040 0.6450 0.3239
0.6054 0.2288 0.3983 0.0000 0.8050 0.5075 0.3616 0.2538 0.1798 0.6775 0.6767 0.7206 0.5890 0.4674 0.3636 0.3686 0.5721 0.1607 0.3230 0.3951 0.8093
0.3715 0.5608 0.4801 0.4599 0.0000 0.3841 0.3074 0.3324 0.6310 0.5756 0.3447 0.1421 0.3417 0.1646 0.3190 0.3421 0.2455 0.5596 0.6359 0.3102 0.3758
0.5009 0.4529 0.5057 0.4369 0.2186 0.0000 0.5067 0.3238 0.3613 0.5640 0.1532 0.1317 0.2447 0.3469 0.5285 0.7446 0.4223 0.4127 0.4789 0.4882 0.1874
0.5093 0.4355 0.2948 0.4454 0.4202 0.3552 0.0000 0.4821 0.4502 0.3989 0.5160 0.4198 0.7016 0.5904 0.6586 0.4255 0.3863 0.1721 0.2776 0.5566 0.4711
0.4785 0.3342 0.3819 0.2463 0.3421 0.4073 0.4100 0.0000 0.2111 0.3431 0.3757 0.2783 0.2824 0.4758 0.1530 0.2572 0.4879 0.4097 0.4525 0.3749 0.3851
0.3171 0.5089 0.4641 0.3350 0.3170 0.4133 0.3178 0.2222 0.0000 0.2912 0.5157 0.4946 0.2768 0.5550 0.2985 0.3070 0.3046 0.5060 0.4205 0.2921 0.3363
0.4201 0.3811 0.3735 0.5643 0.4385 0.2836 0.5254 0.3278 0.2536 0.0000 0.2314 0.2059 0.3285 0.2207 0.7556 0.4737 0.3253 0.2198 0.4298 0.4135 0.2886
0.5061 0.6377 0.2231 0.4096 0.4005 0.2291 0.4036 0.3351 0.5316 0.4944 0.0000 0.2869 0.4249 0.3199 0.5825 0.3843 0.4103 0.6381 0.4282 0.6086 0.3511
0.5944 0.3243 0.5266 0.7353 0.2430 0.1670 0.4544 0.2755 0.4526 0.4550 0.3201 0.0000 0.2618 0.5233 0.4154 0.6694 0.4585 0.4807 0.3532 0.6724 0.2396
0.5327 0.1638 0.5885 0.4634 0.3788 0.2722 0.4152 0.2976 0.3558 0.2562 0.3164 0.0954 0.0000 0.6341 0.5628 0.4278 0.4275 0.6614 0.2611 0.5189 0.3478
0.3411 0.5998 0.4075 0.5674 0.3098 0.3049 0.3895 0.5908 0.2656 0.2092 0.3668 0.3213 0.5215 0.0000 0.5945 0.3488 0.3749 0.4465 0.5843 0.4633 0.4346
0.5360 0.4099 0.3408 0.2766 0.3242 0.4590 0.6771 0.2654 0.3138 0.4722 0.6112 0.5034 0.5862 0.6625 0.0000 0.2801 0.4003 0.5478 0.4774 0.5406 0.5758
0.6368 0.6686 0.3537 0.3183 0.3687 0.4177 0.3817 0.1490 0.5631 0.4797 0.4384 0.7152 0.6205 0.4054 0.2616 0.0000 0.4469 0.2696 0.6043 0.5954 0.5627
0.3697 0.3494 0.6751 0.4656 0.2586 0.3904 0.3843 0.2091 0.4318 0.3223 0.5737 0.4660 0.4905 0.4653 0.0704 0.4261 0.0000 0.4751 0.4120 0.4962 0.3287
0.4289 0.3578 0.3488 0.1785 0.3667 0.3541 0.1744 0.4152 0.4437 0.3093 0.6304 0.3865 0.6184 0.3967 0.5500 0.2613 0.5667 0.0000 0.6105 0.4663 0.3647
0.1634 0.5307 0.5069 0.4403 0.4302 0.3044 0.4004 0.3253 0.4812 0.3835 0.3594 0.6052 0.4548 0.5282 0.6457 0.5797 0.4776 0.5856 0.0000 0.1754 0.4108
0.3812 0.4239 0.6527 0.4745 0.4975 0.4269 0.3644 0.3784 0.2939 0.6106 0.5165 0.6167 0.6049 0.5847 0.5838 0.4543 0.5955 0.3524 0.1749 0.0000 0.3096
0.4239 0.6784 0.3704 0.6897 0.4104 0.2473 0.4581 0.3835 0.3809 0.3372 0.4183 0.3718 0.4320 0.4760 0.2794 0.5255 0.2646 0.6232 0.4554 0.5359 0.0000

--- Sample 3 ---
node_demand:
0.2000
0.2000
0.0333
0.3000
0.1000
0.1000
0.2667
0.2667
0.2000
0.0667
0.2667
0.2333
0.1000
0.2333
0.1333
0.0333
0.2667
0.3000
0.0667
0.2333

dist_matrix:
0.0000 0.5562 0.3394 0.5035 0.3923 0.4341 0.5214 0.5117 0.5297 0.3713 0.6179 0.2999 0.5631 0.2688 0.4559 0.2624 0.5693 0.5413 0.1853 0.3106 0.4224
0.2565 0.0000 0.3600 0.4113 0.4458 0.4294 0.3169 0.3153 0.3971 0.4057 0.6664 0.2632 0.4741 0.3259 0.3262 0.2162 0.2853 0.3047 0.4728 0.3960 0.5795
0.3130 0.3868 0.0000 0.7387 0.4907 0.3786 0.4669 0.3685 0.1665 0.3504 0.2069 0.6222 0.2466 0.3952 0.2940 0.3750 0.2955 0.2792 0.2319 0.7078 0.3340
0.4780 0.4100 0.3881 0.0000 0.7806 0.2906 0.2195 0.3903 0.4329 0.4532 0.6787 0.5843 0.3628 0.4736 0.2436 0.4490 0.1377 0.2458 0.7317 0.3923 0.7039
0.3788 0.4702 0.7103 0.5497 0.0000 0.2657 0.4247 0.3815 0.5522 0.3374 0.2442 0.1619 0.3581 0.3540 0.4215 0.4477 0.2314 0.3096 0.5051 0.3174 0.3862
0.3973 0.5428 0.5430 0.4404 0.3516 0.0000 0.2622 0.3963 0.3498 0.3780 0.1593 0.1108 0.2550 0.3232 0.4414 0.3847 0.4316 0.4316 0.5483 0.3962 0.2547
0.3443 0.4162 0.4080 0.3092 0.5072 0.4149 0.0000 0.4852 0.4121 0.4017 0.5092 0.4468 0.4474 0.4822 0.3628 0.5125 0.5668 0.0858 0.3178 0.5646 0.4610
0.3560 0.4531 0.4476 0.3077 0.3790 0.4230 0.4761 0.0000 0.2285 0.3270 0.4680 0.2453 0.6186 0.6009 0.4398 0.4201 0.6038 0.7071 0.5608 0.3710 0.3515
0.4644 0.6289 0.1484 0.2212 0.5359 0.3486 0.5011 0.2187 0.0000 0.2789 0.4230 0.4021 0.2630 0.5525 0.3515 0.3645 0.4718 0.2746 0.2241 0.2915 0.4524
0.3490 0.4127 0.3602 0.4868 0.4300 0.5609 0.4769 0.3779 0.2514 0.0000 0.3974 0.2400 0.3922 0.1860 0.6673 0.4530 0.3199 0.2104 0.6415 0.4546 0.3114
0.5557 0.6102 0.2066 0.6272 0.2816 0.1659 0.5287 0.5256 0.2689 0.1392 0.0000 0.3152 0.4607 0.4537 0.5390 0.3703 0.4683 0.5970 0.3656 0.6440 0.5037
0.3079 0.2742 0.2982 0.6791 0.2414 0.1651 0.4410 0.2722 0.3232 0.2075 0.3825 0.0000 0.4619 0.5165 0.4286 0.4366 0.4494 0.4466 0.6287 0.6783 0.2826
0.5304 0.4292 0.6127 0.4020 0.3496 0.5047 0.5471 0.4183 0.1207 0.4301 0.3874 0.1969 0.0000 0.4211 0.5845 0.4864 0.3281 0.7033 0.6514 0.4973 0.5456
0.6308 0.6934 0.3651 0.5192 0.5659 0.3532 0.4524 0.4712 0.3428 0.1884 0.4412 0.3837 0.6745 0.0000 0.6662 0.3468 0.5487 0.4564 0.5281 0.4411 0.5392
0.5123 0.3285 0.3920 0.3070 0.3812 0.4701 0.3562 0.6460 0.2674 0.6709 0.3863 0.4240 0.5337 0.7543 0.0000 0.3285 0.1103 0.4292 0.7148 0.5450 0.4587
0.5342 0.2633 0.5740 0.3988 0.3397 0.2473 0.3780 0.1857 0.6155 0.5984 0.2811 0.4248 0.4901 0.3300 0.3537 0.0000 0.2477 0.2950 0.5157 0.5393 0.3384
0.4319 0.2661 0.2093 0.5798 0.2031 0.5744 0.3324 0.4204 0.2721 0.3222 0.4925 0.4945 0.3735 0.3608 0.1058 0.3580 0.0000 0.3638 0.4459 0.4981 0.3413
0.7562 0.2683 0.3280 0.2429 0.5353 0.4264 0.1888 0.5385 0.5103 0.2278 0.4156 0.3595 0.5981 0.5482 0.4363 0.2946 0.5606 0.0000 0.5297 0.4092 0.4412
0.1829 0.5891 0.1567 0.7236 0.3239 0.4284 0.4757 0.3278 0.4676 0.6316 0.3345 0.4442 0.2980 0.2932 0.2613 0.5347 0.4549 0.6031 0.0000 0.1730 0.5466
0.4238 0.4126 0.4774 0.4847 0.3120 0.4827 0.5269 0.3803 0.2884 0.6567 0.4883 0.5221 0.4093 0.5556 0.6266 0.4894 0.6377 0.2420 0.1727 0.0000 0.5233
0.4952 0.3721 0.3447 0.7241 0.3731 0.2617 0.4647 0.3781 0.3717 0.2429 0.4956 0.3150 0.5941 0.5280 0.6116 0.5185 0.3218 0.5742 0.4494 0.5163 0.0000

--- Sample 4 ---
node_demand:
0.2000
0.2000
0.0333
0.3000
0.1000
0.1000
0.2667
0.2667
0.2000
0.0667
0.2667
0.2333
0.1000
0.2333
0.1333
0.0333
0.2667
0.3000
0.0667
0.2333

dist_matrix:
0.0000 0.6267 0.4725 0.6015 0.3336 0.3534 0.6341 0.4590 0.4983 0.4295 0.5119 0.4012 0.3955 0.2514 0.3869 0.6080 0.6867 0.4735 0.1887 0.3962 0.4886
0.3763 0.0000 0.4535 0.4285 0.4345 0.6604 0.4353 0.3940 0.6979 0.4714 0.5454 0.6757 0.5444 0.2450 0.4821 0.3259 0.3261 0.2172 0.3541 0.4915 0.6779
0.5037 0.3705 0.0000 0.6893 0.4011 0.5034 0.3221 0.4089 0.1894 0.4142 0.2505 0.5153 0.2814 0.4310 0.1457 0.4403 0.3429 0.2783 0.5839 0.4881 0.3226
0.6010 0.5213 0.6827 0.0000 0.5915 0.3557 0.4154 0.2726 0.6514 0.5361 0.8813 0.3958 0.7023 0.4009 0.1168 0.3928 0.3575 0.2022 0.4651 0.4427 0.6995
0.4364 0.5483 0.6613 0.7497 0.0000 0.2409 0.4379 0.4492 0.4533 0.3600 0.3249 0.1709 0.2871 0.1587 0.3885 0.4549 0.2322 0.5508 0.5451 0.4460 0.4445
0.3365 0.5051 0.3421 0.5662 0.2962 0.0000 0.4038 0.3068 0.3876 0.3821 0.2888 0.1350 0.4745 0.2994 0.5160 0.2419 0.4549 0.2839 0.5868 0.4919 0.2737
0.5213 0.2677 0.4317 0.4681 0.5176 0.5161 0.0000 0.4561 0.5337 0.2807 0.4363 0.3799 0.3436 0.5584 0.3532 0.4370 0.4014 0.1441 0.3537 0.4679 0.4698
0.5120 0.3337 0.3430 0.2875 0.3923 0.4229 0.4540 0.0000 0.2567 0.3294 0.2599 0.2946 0.4223 0.5668 0.3352 0.1821 0.3574 0.7069 0.3929 0.3781 0.4803
0.2941 0.5990 0.5022 0.5443 0.6899 0.3396 0.5118 0.1880 0.0000 0.4138 0.4430 0.3631 0.0839 0.2670 0.4146 0.6350 0.4273 0.6128 0.1998 0.2935 0.3416
0.3812 0.3401 0.3944 0.3949 0.3606 0.2789 0.2826 0.3200 0.2492 0.0000 0.1912 0.4282 0.1709 0.2014 0.7407 0.6255 0.3228 0.2982 0.5886 0.4025 0.2288
0.5182 0.4397 0.2268 0.3792 0.3599 0.2217 0.4348 0.2061 0.2827 0.4904 0.0000 0.3049 0.4214 0.3589 0.4276 0.2849 0.5400 0.4842 0.4085 0.5222 0.3759
0.4793 0.6496 0.4869 0.4376 0.2291 0.1284 0.5141 0.2888 0.4129 0.6571 0.3892 0.0000 0.1457 0.4475 0.2483 0.5108 0.4900 0.5168 0.6405 0.5625 0.3097
0.6013 0.1803 0.3998 0.3194 0.2103 0.3977 0.4148 0.5949 0.3435 0.4552 0.3043 0.2202 0.0000 0.3227 0.3698 0.4710 0.5839 0.5614 0.6208 0.5564 0.4580
0.3182 0.2959 0.4131 0.5806 0.3207 0.2953 0.4270 0.5682 0.5101 0.2168 0.6232 0.4416 0.5149 0.0000 0.4427 0.3472 0.4975 0.4427 0.3945 0.4637 0.5620
0.3960 0.4333 0.1948 0.2799 0.4414 0.5126 0.4152 0.6365 0.3705 0.4960 0.3529 0.4722 0.3379 0.4832 0.0000 0.3998 0.2496 0.2521 0.7238 0.5809 0.4547
0.6178 0.4160 0.4608 0.4315 0.4605 0.7425 0.5286 0.3485 0.4752 0.4347 0.3392 0.5036 0.5241 0.4170 0.3643 0.0000 0.3608 0.2995 0.4436 0.7778 0.3830
0.6227 0.2844 0.6177 0.2200 0.2279 0.6009 0.4380 0.6023 0.2638 0.3131 0.4094 0.3268 0.4816 0.5097 0.4175 0.2942 0.0000 0.3634 0.1992 0.5780 0.3187
0.6586 0.4447 0.5580 0.2554 0.3158 0.2249 0.0778 0.7066 0.5469 0.2417 0.4207 0.3340 0.7369 0.4352 0.4694 0.2683 0.5965 0.0000 0.4866 0.4515 0.5267
0.2015 0.4363 0.4244 0.4269 0.4548 0.3351 0.2868 0.4944 0.4342 0.6569 0.3151 0.6044 0.4218 0.3770 0.6620 0.4566 0.2389 0.3932 0.0000 0.1728 0.4493
0.3681 0.3552 0.5964 0.5359 0.3239 0.4034 0.3507 0.3659 0.3029 0.4028 0.5257 0.5215 0.4500 0.3964 0.4230 0.5169 0.6142 0.2986 0.1745 0.0000 0.4556
0.4249 0.4756 0.3506 0.5658 0.4491 0.2129 0.4680 0.5165 0.3095 0.2672 0.4952 0.3898 0.5361 0.4136 0.5014 0.5907 0.3409 0.3655 0.5364 0.3632 0.0000

--- Sample 5 ---
node_demand:
0.2000
0.2000
0.0333
0.3000
0.1000
0.1000
0.2667
0.2667
0.2000
0.0667
0.2667
0.2333
0.1000
0.2333
0.1333
0.0333
0.2667
0.3000
0.0667
0.2333

dist_matrix:
0.0000 0.4959 0.2827 0.4116 0.2904 0.4385 0.4510 0.5432 0.2673 0.4272 0.5071 0.5275 0.5631 0.1841 0.3666 0.6411 0.3533 0.7395 0.1802 0.3861 0.4643
0.2456 0.0000 0.4338 0.1635 0.6351 0.4217 0.3711 0.5368 0.7608 0.3378 0.4826 0.6279 0.3352 0.3196 0.3282 0.2448 0.3298 0.4267 0.5824 0.4804 0.5198
0.4966 0.4040 0.0000 0.3633 0.6255 0.3406 0.5837 0.2941 0.3774 0.3967 0.2158 0.3019 0.2453 0.3978 0.5350 0.6389 0.4398 0.2084 0.4060 0.5811 0.3757
0.7370 0.3023 0.4045 0.0000 0.4827 0.4145 0.4377 0.3159 0.5567 0.6562 0.4304 0.4052 0.3111 0.5950 0.2696 0.4088 0.3658 0.1691 0.6053 0.4880 0.4820
0.3457 0.3951 0.3374 0.5738 0.0000 0.3077 0.4483 0.3577 0.5400 0.5640 0.4024 0.1263 0.2595 0.2058 0.3865 0.3825 0.2560 0.4776 0.4103 0.3959 0.4592
0.4698 0.4355 0.3689 0.3223 0.3359 0.0000 0.2731 0.3482 0.3812 0.3357 0.2839 0.1242 0.4811 0.3472 0.4485 0.1416 0.5486 0.2234 0.6490 0.4613 0.2657
0.4834 0.3173 0.3596 0.4543 0.5438 0.4509 0.0000 0.4454 0.3427 0.5037 0.4624 0.3259 0.6420 0.3607 0.5279 0.5142 0.5650 0.2134 0.5863 0.5681 0.4108
0.4028 0.3600 0.4334 0.3252 0.4275 0.3797 0.4762 0.0000 0.2071 0.3177 0.6600 0.2476 0.3864 0.5970 0.4919 0.1548 0.4134 0.5099 0.3175 0.3834 0.2963
0.4819 0.6825 0.2398 0.4095 0.5938 0.3762 0.3763 0.2406 0.0000 0.4670 0.5632 0.5054 0.2892 0.5625 0.3143 0.3518 0.2477 0.4791 0.3570 0.2946 0.5008
0.3533 0.4459 0.4222 0.4052 0.4027 0.5767 0.4513 0.3317 0.4636 0.0000 0.2204 0.2705 0.4341 0.2000 0.5582 0.6450 0.3220 0.3026 0.5743 0.6777 0.2637
0.5970 0.6223 0.2042 0.7452 0.2923 0.1850 0.5437 0.3293 0.5767 0.5388 0.0000 0.4221 0.3345 0.5547 0.5622 0.3944 0.2962 0.3979 0.3376 0.5548 0.4032
0.3199 0.2702 0.5451 0.4328 0.1837 0.1612 0.4135 0.3265 0.2876 0.2540 0.3098 0.0000 0.2042 0.4055 0.4404 0.2653 0.3136 0.4230 0.3337 0.6818 0.3351
0.5662 0.4507 0.6243 0.6455 0.2601 0.4324 0.3738 0.4674 0.3106 0.2194 0.4623 0.2681 0.0000 0.6242 0.3305 0.2926 0.3850 0.7031 0.3163 0.5255 0.3560
0.2972 0.3865 0.3575 0.3877 0.4369 0.3209 0.4420 0.4075 0.6635 0.2184 0.4800 0.4866 0.4809 0.0000 0.7636 0.3280 0.4798 0.4898 0.5344 0.5478 0.5538
0.6126 0.2495 0.4075 0.3090 0.2119 0.3247 0.6807 0.2012 0.3315 0.5905 0.4845 0.3822 0.4260 0.4014 0.0000 0.3432 0.3105 0.5333 0.3197 0.5296 0.5740
0.4640 0.5709 0.4202 0.4122 0.3821 0.1979 0.5005 0.2060 0.5543 0.5438 0.3294 0.5338 0.3398 0.3329 0.3529 0.0000 0.2611 0.2393 0.4733 0.5767 0.3154
0.2976 0.3408 0.5597 0.4511 0.2271 0.3293 0.4223 0.1529 0.3757 0.3203 0.4544 0.5040 0.6057 0.3682 0.3527 0.4002 0.0000 0.4491 0.2989 0.4453 0.3201
0.4231 0.3637 0.4314 0.1484 0.3576 0.4354 0.1909 0.6478 0.5131 0.3129 0.4954 0.4920 0.3183 0.4373 0.2997 0.2413 0.4608 0.0000 0.5403 0.2799 0.3814
0.2486 0.5168 0.0891 0.7271 0.3387 0.4343 0.5148 0.3636 0.4831 0.3452 0.4232 0.2607 0.4073 0.3700 0.5137 0.4985 0.3268 0.4696 0.0000 0.1762 0.5384
0.4310 0.3770 0.5174 0.4802 0.3775 0.3966 0.2540 0.3833 0.2919 0.5710 0.5587 0.5342 0.6102 0.5753 0.4055 0.5989 0.4372 0.2225 0.1740 0.0000 0.2861
0.4956 0.4145 0.3438 0.3685 0.4242 0.2546 0.4390 0.4019 0.3421 0.2473 0.4152 0.2924 0.3488 0.4197 0.4021 0.3140 0.3716 0.5403 0.4738 0.4640 0.0000
