min_dist:
0.0000 0.3650 0.2930 0.3300 0.3140 0.3170 0.3700 0.3980 0.4280 0.3380 0.3800 0.3200 0.2060 0.2810 0.2250 0.0460 0.3580 0.1830 0.2900 0.3830 0.3120
0.3650 0.0000 0.3660 0.1740 0.4560 0.3160 0.2840 0.1360 0.4180 0.2800 0.4200 0.2740 0.2410 0.2800 0.2240 0.4010 0.3570 0.1820 0.2180 0.4580 0.2680
0.2930 0.3660 0.0000 0.2700 0.4080 0.3790 0.4120 0.3550 0.2500 0.1120 0.3580 0.3720 0.2970 0.3520 0.2400 0.3390 0.4410 0.2820 0.1740 0.3200 0.4310
0.3300 0.1740 0.2700 0.0000 0.2840 0.3170 0.3900 0.1020 0.3640 0.3090 0.3470 0.1020 0.1240 0.2810 0.2250 0.2840 0.3840 0.1830 0.3450 0.3090 0.3320
0.3140 0.4560 0.4080 0.2840 0.0000 0.2440 0.3210 0.3860 0.4210 0.3930 0.2960 0.3860 0.3350 0.3020 0.2360 0.3600 0.1990 0.2760 0.3310 0.3340 0.3670
0.3170 0.3160 0.3790 0.3170 0.2440 0.0000 0.2990 0.3040 0.2780 0.3460 0.2750 0.2710 0.1930 0.2320 0.1390 0.3310 0.1770 0.1340 0.4080 0.3130 0.1230
0.3700 0.2840 0.4120 0.3900 0.3210 0.2990 0.0000 0.3660 0.3160 0.4180 0.2200 0.3510 0.2730 0.3120 0.1720 0.3240 0.1220 0.2140 0.3950 0.2100 0.2480
0.3980 0.1360 0.3550 0.1020 0.3860 0.3040 0.3660 0.0000 0.3810 0.2430 0.4490 0.2040 0.2260 0.3830 0.3270 0.3860 0.4250 0.2850 0.2430 0.4110 0.4040
0.4280 0.4180 0.2500 0.3640 0.4210 0.2780 0.3160 0.3810 0.0000 0.1380 0.3200 0.3500 0.3230 0.3800 0.2400 0.4300 0.2220 0.2820 0.2000 0.3460 0.3830
0.3380 0.2800 0.1120 0.3090 0.3930 0.3460 0.4180 0.2430 0.1380 0.0000 0.2460 0.3460 0.1850 0.2720 0.2860 0.2920 0.3440 0.2440 0.0620 0.2080 0.3330
0.3800 0.4200 0.3580 0.3470 0.2960 0.2750 0.2200 0.4490 0.3200 0.2460 0.0000 0.2450 0.3740 0.3520 0.2990 0.3340 0.0980 0.3410 0.2440 0.0380 0.3600
0.3200 0.2740 0.3720 0.1020 0.3860 0.2710 0.3510 0.2040 0.3500 0.3460 0.2450 0.0000 0.1960 0.2350 0.1790 0.3560 0.3430 0.1370 0.4000 0.2070 0.2860
0.2060 0.2410 0.2970 0.1240 0.3350 0.1930 0.2730 0.2260 0.3230 0.1850 0.3740 0.1960 0.0000 0.1570 0.1010 0.1600 0.3020 0.0590 0.2470 0.3930 0.2080
0.2810 0.2800 0.3520 0.2810 0.3020 0.2320 0.3120 0.3830 0.3800 0.2720 0.3520 0.2350 0.1570 0.0000 0.1400 0.3170 0.3140 0.0980 0.3340 0.3900 0.2470
0.2250 0.2240 0.2400 0.2250 0.2360 0.1390 0.1720 0.3270 0.2400 0.2860 0.2990 0.1790 0.1010 0.1400 0.0000 0.1920 0.2010 0.0420 0.3480 0.3370 0.1910
0.0460 0.4010 0.3390 0.2840 0.3600 0.3310 0.3240 0.3860 0.4300 0.2920 0.3340 0.3560 0.1600 0.3170 0.1920 0.0000 0.3120 0.2190 0.3360 0.3370 0.2660
0.3580 0.3570 0.4410 0.3840 0.1990 0.1770 0.1220 0.4250 0.2220 0.3440 0.0980 0.3430 0.3020 0.3140 0.2010 0.3120 0.0000 0.2430 0.3420 0.1360 0.2620
0.1830 0.1820 0.2820 0.1830 0.2760 0.1340 0.2140 0.2850 0.2820 0.2440 0.3410 0.1370 0.0590 0.0980 0.0420 0.2190 0.2430 0.0000 0.3060 0.3440 0.1490
0.2900 0.2180 0.1740 0.3450 0.3310 0.4080 0.3950 0.2430 0.2000 0.0620 0.2440 0.4000 0.2470 0.3340 0.3480 0.3360 0.3420 0.3060 0.0000 0.2560 0.3480
0.3830 0.4580 0.3200 0.3090 0.3340 0.3130 0.2100 0.4110 0.3460 0.2080 0.0380 0.2070 0.3930 0.3900 0.3370 0.3370 0.1360 0.3440 0.2560 0.0000 0.3980
0.3120 0.2680 0.4310 0.3320 0.3670 0.1230 0.2480 0.4040 0.3830 0.3330 0.3600 0.2860 0.2080 0.2470 0.1910 0.2660 0.2620 0.1490 0.3480 0.3980 0.0000

max_dist:
0.0000 0.7920 0.5420 0.6700 0.6760 0.6340 0.8320 0.4900 0.5490 0.5000 0.5500 0.8060 0.6800 0.4810 0.6240 0.7240 0.7860 0.4900 0.5020 0.7410 0.5540
0.7920 0.0000 0.4580 0.2300 0.5740 0.5030 0.6080 0.5700 0.4810 0.4360 0.5100 0.5660 0.4880 0.6810 0.7220 0.6080 0.7220 0.6470 0.3620 0.5840 0.2790
0.5420 0.4580 0.0000 0.5980 0.7220 0.7320 0.4720 0.7000 0.9390 0.5760 0.7190 0.5000 0.7020 0.6080 0.2640 0.7000 0.8260 0.6540 0.4240 0.7440 0.7040
0.6700 0.2300 0.5980 0.0000 0.8040 0.6740 0.5620 0.4400 0.3940 0.5920 0.6850 0.6240 0.2900 0.4920 0.6440 0.5420 0.6350 0.6200 0.5920 0.4940 0.4720
0.6760 0.5740 0.7220 0.8040 0.0000 0.3460 0.6060 0.7040 0.6520 0.5910 0.8030 0.8260 0.6670 0.4680 0.5740 0.7580 0.5670 0.4900 0.4280 0.7380 0.5700
0.6340 0.5030 0.7320 0.6740 0.3460 0.0000 0.7540 0.6500 0.6770 0.5860 0.6720 0.6360 0.8300 0.5840 0.5460 0.5780 0.4360 0.1440 0.5840 0.6440 0.2240
0.8320 0.6080 0.4720 0.5620 0.6060 0.7540 0.0000 0.5100 0.7970 0.7520 0.3700 0.4460 0.4280 0.7720 0.2080 0.6440 0.6060 0.7580 0.5730 0.5610 0.6280
0.4900 0.5700 0.7000 0.4400 0.7040 0.6500 0.5100 0.0000 0.5820 0.2680 0.6920 0.6120 0.5340 0.5650 0.5720 0.5940 0.8230 0.5060 0.2760 0.6520 0.6300
0.5490 0.4810 0.9390 0.3940 0.6520 0.6770 0.7970 0.5820 0.0000 0.5840 0.4770 0.4720 0.6840 0.6460 0.7620 0.5540 0.2410 0.7150 0.6300 0.6020 0.4980
0.5000 0.4360 0.5760 0.5920 0.5910 0.5860 0.7520 0.2680 0.5840 0.0000 0.5620 0.4340 0.3240 0.2970 0.7620 0.3260 0.6120 0.7300 0.5440 0.6460 0.3620
0.5500 0.5100 0.7190 0.6850 0.8030 0.6720 0.3700 0.6920 0.4770 0.5620 0.0000 0.4550 0.7460 0.4020 0.5780 0.4940 0.2360 0.5910 0.4210 0.1910 0.4660
0.8060 0.5660 0.5000 0.6240 0.8260 0.6360 0.4460 0.6120 0.4720 0.4340 0.4550 0.0000 0.6720 0.4370 0.6540 0.6320 0.4760 0.4920 0.4160 0.6460 0.6640
0.6800 0.4880 0.7020 0.2900 0.6670 0.8300 0.4280 0.5340 0.6840 0.3240 0.7460 0.6720 0.0000 0.6210 0.4470 0.2520 0.7600 0.6860 0.7400 0.6120 0.6860
0.4810 0.6810 0.6080 0.4920 0.4680 0.5840 0.7720 0.5650 0.6460 0.2970 0.4020 0.4370 0.6210 0.0000 0.8560 0.5120 0.4250 0.4400 0.7860 0.5930 0.4020
0.6240 0.7220 0.2640 0.6440 0.5740 0.5460 0.2080 0.5720 0.7620 0.7620 0.5780 0.6540 0.4470 0.8560 0.0000 0.4360 0.5620 0.5500 0.6780 0.7690 0.7700
0.7240 0.6080 0.7000 0.5420 0.7580 0.5780 0.6440 0.5940 0.5540 0.3260 0.4940 0.6320 0.2520 0.5120 0.4360 0.0000 0.5080 0.4340 0.7800 0.3600 0.6040
0.7860 0.7220 0.8260 0.6350 0.5670 0.4360 0.6060 0.8230 0.2410 0.6120 0.2360 0.4760 0.7600 0.4250 0.5620 0.5080 0.0000 0.4740 0.6570 0.4270 0.4920
0.4900 0.6470 0.6540 0.6200 0.4900 0.1440 0.7580 0.5060 0.7150 0.7300 0.5910 0.4920 0.6860 0.4400 0.5500 0.4340 0.4740 0.0000 0.5130 0.7820 0.3680
0.5020 0.3620 0.4240 0.5920 0.4280 0.5840 0.5730 0.2760 0.6300 0.5440 0.4210 0.4160 0.7400 0.7860 0.6780 0.7800 0.6570 0.5130 0.0000 0.4970 0.5980
0.7410 0.5840 0.7440 0.4940 0.7380 0.6440 0.5610 0.6520 0.6020 0.6460 0.1910 0.6460 0.6120 0.5930 0.7690 0.3600 0.4270 0.7820 0.4970 0.0000 0.5220
0.5540 0.2790 0.7040 0.4720 0.5700 0.2240 0.6280 0.6300 0.4980 0.3620 0.4660 0.6640 0.6860 0.4020 0.7700 0.6040 0.4920 0.3680 0.5980 0.5220 0.0000

--- Contains 5 samples ---

--- Sample 1 ---
node_demand:
0.1333
0.0667
0.1667
0.0333
0.2333
0.2667
0.1667
0.1333
0.2667
0.2333
0.2000
0.1333
0.2667
0.0667
0.3000
0.0667
0.3000
0.1333
0.3000
0.2333

dist_matrix:
0.0000 0.3692 0.3752 0.5596 0.5210 0.5386 0.3706 0.4154 0.4694 0.3660 0.5418 0.5053 0.5887 0.4768 0.5195 0.2176 0.6480 0.4348 0.3024 0.4967 0.3594
0.6296 0.0000 0.4177 0.2020 0.4789 0.3797 0.3225 0.1480 0.4778 0.3254 0.4467 0.4265 0.4470 0.5348 0.4395 0.5933 0.4778 0.3902 0.2460 0.4687 0.2704
0.5174 0.4333 0.0000 0.3061 0.6748 0.6240 0.4149 0.5843 0.9102 0.1386 0.3922 0.3971 0.5396 0.3716 0.2556 0.3404 0.7993 0.5725 0.2124 0.4598 0.5691
0.3861 0.1975 0.5768 0.0000 0.5827 0.5425 0.4810 0.4115 0.3693 0.4614 0.4376 0.5294 0.1496 0.3935 0.4349 0.4106 0.5730 0.4276 0.5800 0.3317 0.3873
0.5934 0.5510 0.4703 0.4557 0.0000 0.2853 0.5208 0.3984 0.5824 0.5617 0.6407 0.6023 0.4242 0.3157 0.5328 0.5734 0.2314 0.3717 0.3314 0.6410 0.4831
0.4001 0.4951 0.7093 0.4868 0.3029 0.0000 0.5514 0.5272 0.2868 0.4501 0.5414 0.5435 0.6399 0.5681 0.4816 0.5585 0.4013 0.1366 0.4381 0.5222 0.1312
0.4232 0.3995 0.4139 0.5540 0.4498 0.3384 0.0000 0.4998 0.5876 0.6703 0.2613 0.3716 0.2924 0.7485 0.1822 0.4910 0.4554 0.7017 0.4331 0.3956 0.6209
0.4317 0.3722 0.6181 0.1553 0.5305 0.3402 0.3902 0.0000 0.3877 0.2539 0.4841 0.4963 0.3485 0.5185 0.3769 0.5530 0.6893 0.3456 0.2704 0.5177 0.4389
0.5184 0.4510 0.6191 0.3694 0.4868 0.2864 0.5946 0.4439 0.0000 0.1927 0.3951 0.3653 0.5886 0.6448 0.2620 0.4615 0.2325 0.4283 0.2553 0.4858 0.4714
0.3700 0.2887 0.2601 0.4212 0.4543 0.5673 0.7392 0.2449 0.3197 0.0000 0.4374 0.3649 0.1927 0.2958 0.7440 0.2924 0.3525 0.3091 0.3131 0.5512 0.3541
0.4761 0.4339 0.3681 0.3514 0.5731 0.5115 0.3025 0.4832 0.3537 0.3839 0.0000 0.3303 0.6490 0.3719 0.4627 0.4063 0.1764 0.3429 0.2532 0.0920 0.4513
0.3682 0.5581 0.4672 0.1931 0.4440 0.3424 0.4363 0.5438 0.4676 0.4092 0.2982 0.0000 0.4297 0.3298 0.2318 0.5522 0.3983 0.1455 0.4113 0.2546 0.4699
0.3074 0.4798 0.5405 0.2752 0.4340 0.5806 0.3167 0.2914 0.6466 0.1852 0.4127 0.3073 0.0000 0.2633 0.1983 0.1836 0.3939 0.4782 0.3495 0.4760 0.5098
0.3346 0.3302 0.5672 0.3310 0.4525 0.5615 0.4385 0.5159 0.4140 0.2845 0.3674 0.3753 0.2303 0.0000 0.5965 0.3427 0.3208 0.1981 0.7599 0.5026 0.3276
0.3435 0.4787 0.2413 0.2496 0.5668 0.4950 0.1867 0.5717 0.3062 0.6342 0.3933 0.4581 0.1972 0.2123 0.0000 0.3363 0.2301 0.2695 0.4028 0.3585 0.4415
0.4988 0.6026 0.5556 0.4596 0.6946 0.4840 0.5047 0.3953 0.4676 0.3182 0.4514 0.6282 0.2483 0.3930 0.2628 0.0000 0.3282 0.3625 0.6650 0.3494 0.3587
0.4165 0.6697 0.5625 0.4818 0.2889 0.2954 0.5910 0.6718 0.2296 0.4427 0.2155 0.4249 0.5233 0.3645 0.3907 0.3146 0.0000 0.4674 0.4870 0.3174 0.4505
0.3444 0.3956 0.6019 0.3857 0.4045 0.1381 0.6643 0.4366 0.4854 0.3390 0.4017 0.3526 0.3531 0.2936 0.3511 0.4197 0.4373 0.0000 0.4835 0.4709 0.2366
0.3471 0.2956 0.3880 0.5517 0.4057 0.5379 0.4458 0.2664 0.3375 0.2263 0.2617 0.4134 0.4371 0.4358 0.5476 0.3421 0.5698 0.4618 0.0000 0.2822 0.3737
0.6698 0.5112 0.4748 0.4796 0.7187 0.5477 0.2433 0.6453 0.5831 0.4219 0.1144 0.4169 0.5521 0.5206 0.7668 0.3517 0.4139 0.5342 0.3402 0.0000 0.4213
0.4075 0.2707 0.4721 0.4348 0.5516 0.1760 0.4003 0.5678 0.4922 0.3578 0.3873 0.2983 0.3955 0.2761 0.2791 0.5888 0.3944 0.1955 0.4231 0.4567 0.0000

--- Sample 2 ---
node_demand:
0.1333
0.0667
0.1667
0.0333
0.2333
0.2667
0.1667
0.1333
0.2667
0.2333
0.2000
0.1333
0.2667
0.0667
0.3000
0.0667
0.3000
0.1333
0.3000
0.2333

dist_matrix:
0.0000 0.4698 0.4934 0.6554 0.5795 0.4094 0.6977 0.4539 0.4283 0.3533 0.3979 0.5130 0.2304 0.4625 0.2645 0.2643 0.4303 0.4247 0.3996 0.6791 0.5353
0.5276 0.0000 0.4167 0.2122 0.5111 0.3724 0.3072 0.1837 0.4229 0.3900 0.5074 0.5333 0.4530 0.4092 0.4942 0.4149 0.6380 0.3242 0.3054 0.5232 0.2765
0.3254 0.4189 0.0000 0.4671 0.5226 0.5423 0.4187 0.5690 0.8331 0.1446 0.3959 0.4690 0.3266 0.4342 0.2479 0.6181 0.5001 0.5670 0.2820 0.3767 0.6546
0.4009 0.2148 0.5443 0.0000 0.3746 0.4037 0.5146 0.2868 0.3671 0.4804 0.4960 0.5697 0.1428 0.3012 0.6399 0.3253 0.6035 0.4786 0.4464 0.4117 0.4385
0.6496 0.5164 0.4651 0.7609 0.0000 0.2860 0.3322 0.6626 0.5246 0.5107 0.5935 0.6529 0.3496 0.3347 0.4560 0.6406 0.3587 0.2999 0.3318 0.5230 0.4585
0.3678 0.4043 0.4805 0.4715 0.2761 0.0000 0.3860 0.4511 0.5371 0.5713 0.3832 0.4201 0.6831 0.4523 0.5194 0.5084 0.4003 0.1435 0.5539 0.3170 0.1739
0.4955 0.3708 0.4615 0.4407 0.5252 0.5113 0.0000 0.5048 0.6931 0.6050 0.3693 0.3966 0.2857 0.5767 0.2069 0.3652 0.2312 0.6644 0.4569 0.2805 0.5599
0.4454 0.3790 0.6793 0.4282 0.4971 0.4466 0.3983 0.0000 0.4123 0.2599 0.5315 0.4790 0.3082 0.4176 0.4051 0.4382 0.7106 0.3232 0.2686 0.6238 0.5677
0.4747 0.4730 0.8071 0.3779 0.4453 0.3714 0.7073 0.5581 0.0000 0.2570 0.3264 0.3580 0.5305 0.4527 0.3844 0.4334 0.2362 0.3883 0.5022 0.4969 0.4944
0.4579 0.4039 0.4211 0.3396 0.4005 0.4752 0.5107 0.2606 0.1524 0.0000 0.2560 0.3524 0.3228 0.2954 0.6431 0.3020 0.6086 0.2843 0.3080 0.2664 0.3534
0.4317 0.4795 0.4211 0.6246 0.4828 0.5038 0.3305 0.6485 0.3808 0.2933 0.0000 0.3442 0.4557 0.3667 0.4669 0.4490 0.1864 0.5177 0.2896 0.1263 0.4367
0.3420 0.2760 0.3724 0.6098 0.5587 0.3303 0.4118 0.4165 0.3788 0.3907 0.3694 0.0000 0.4957 0.4039 0.4686 0.5820 0.4020 0.1536 0.4126 0.4953 0.3931
0.4538 0.3389 0.2973 0.1403 0.5146 0.8018 0.4135 0.2936 0.5182 0.2076 0.6101 0.6586 0.0000 0.3042 0.3198 0.1665 0.6729 0.4365 0.5723 0.4162 0.4370
0.4161 0.3165 0.3818 0.4348 0.3770 0.3140 0.4403 0.5050 0.4543 0.2782 0.3929 0.3213 0.3703 0.0000 0.6343 0.3863 0.3519 0.3513 0.7088 0.4646 0.2875
0.2418 0.5079 0.2578 0.2515 0.5041 0.3878 0.1769 0.4378 0.7362 0.4957 0.4942 0.2618 0.2357 0.8129 0.0000 0.4224 0.5518 0.2031 0.4957 0.7383 0.3890
0.2369 0.5623 0.5186 0.3482 0.5197 0.5028 0.6160 0.4941 0.4688 0.3108 0.4458 0.4335 0.2288 0.4401 0.2465 0.0000 0.3447 0.3013 0.6782 0.3482 0.2851
0.4978 0.7029 0.7141 0.6071 0.3418 0.3016 0.1358 0.7546 0.2262 0.4468 0.2109 0.3867 0.4960 0.4173 0.5525 0.3454 0.0000 0.4022 0.5981 0.3043 0.4459
0.4330 0.2872 0.5200 0.5312 0.4463 0.1360 0.5293 0.4459 0.2836 0.5304 0.4851 0.2146 0.6297 0.3753 0.1144 0.4278 0.3266 0.0000 0.3120 0.7443 0.3536
0.3196 0.2258 0.3762 0.3875 0.4027 0.5629 0.5212 0.2611 0.4704 0.4360 0.3664 0.4081 0.5093 0.7641 0.6002 0.4918 0.3492 0.4182 0.0000 0.3574 0.5353
0.5535 0.4612 0.5668 0.3264 0.4748 0.3469 0.4928 0.5591 0.4034 0.4010 0.0971 0.2552 0.4686 0.5196 0.3454 0.3562 0.2903 0.4922 0.4748 0.0000 0.5141
0.4039 0.2783 0.6394 0.4478 0.4640 0.1673 0.5451 0.5915 0.4947 0.3431 0.4340 0.4934 0.3521 0.3696 0.3996 0.3653 0.3349 0.2477 0.3628 0.4741 0.0000

--- Sample 3 ---
node_demand:
0.1333
0.0667
0.1667
0.0333
0.2333
0.2667
0.1667
0.1333
0.2667
0.2333
0.2000
0.1333
0.2667
0.0667
0.3000
0.0667
0.3000
0.1333
0.3000
0.2333

dist_matrix:
0.0000 0.4714 0.5034 0.6214 0.5124 0.5125 0.5295 0.4325 0.4640 0.3430 0.5219 0.5229 0.6672 0.3350 0.5775 0.6865 0.5531 0.4859 0.3927 0.4308 0.4115
0.6446 0.0000 0.3736 0.2171 0.5351 0.3214 0.5570 0.3905 0.4409 0.3764 0.5081 0.5529 0.4436 0.3419 0.3836 0.5064 0.6982 0.2048 0.2675 0.5483 0.2773
0.3177 0.4430 0.0000 0.3878 0.6301 0.5183 0.4230 0.4446 0.7498 0.3492 0.6985 0.4025 0.5083 0.5205 0.2428 0.5312 0.5265 0.5056 0.3590 0.7222 0.5153
0.6630 0.1879 0.3803 0.0000 0.7801 0.5265 0.5577 0.1748 0.3726 0.5000 0.4558 0.4151 0.1738 0.2921 0.4450 0.3338 0.4178 0.3180 0.5340 0.4423 0.4628
0.4842 0.4892 0.5333 0.5110 0.0000 0.2932 0.5549 0.5059 0.4756 0.5030 0.5869 0.4253 0.6586 0.3395 0.4874 0.6030 0.3734 0.4154 0.3760 0.3525 0.4188
0.3412 0.4759 0.6986 0.3233 0.2969 0.0000 0.5434 0.3944 0.6030 0.4298 0.3883 0.5151 0.6155 0.2956 0.3823 0.3872 0.3765 0.1366 0.4416 0.4040 0.1691
0.4791 0.5569 0.4704 0.4234 0.4078 0.5872 0.0000 0.4446 0.4292 0.5811 0.3159 0.4446 0.3254 0.7208 0.2060 0.3825 0.3650 0.7446 0.4005 0.3744 0.4869
0.4311 0.5242 0.4059 0.2415 0.6276 0.6246 0.4281 0.0000 0.5322 0.2655 0.5378 0.2136 0.2914 0.4231 0.5378 0.3978 0.8084 0.4788 0.2736 0.5514 0.6059
0.5409 0.4657 0.5881 0.3747 0.5243 0.4137 0.5224 0.4177 0.0000 0.5387 0.4130 0.3707 0.4423 0.5081 0.3570 0.4651 0.2244 0.6872 0.4353 0.5605 0.4060
0.4168 0.3239 0.1304 0.5579 0.4057 0.3656 0.7400 0.2667 0.5409 0.0000 0.5132 0.3549 0.2381 0.2790 0.5790 0.3156 0.4314 0.5103 0.1389 0.6080 0.3436
0.4201 0.4941 0.5976 0.4921 0.4109 0.4872 0.3076 0.4839 0.4037 0.3100 0.0000 0.2638 0.6634 0.4005 0.2995 0.4573 0.1802 0.5884 0.3489 0.0555 0.3945
0.4483 0.3169 0.4410 0.2609 0.5127 0.4690 0.3570 0.3306 0.3553 0.4183 0.2907 0.0000 0.3338 0.3858 0.4298 0.4268 0.4151 0.3018 0.4015 0.4600 0.2867
0.5786 0.2542 0.3744 0.1935 0.6378 0.4277 0.3838 0.5044 0.5402 0.2344 0.5219 0.4340 0.0000 0.6133 0.1552 0.2096 0.4571 0.6466 0.6763 0.5663 0.6348
0.3788 0.4676 0.4401 0.4228 0.3965 0.4719 0.6111 0.4503 0.5907 0.2833 0.3892 0.4334 0.6031 0.0000 0.6032 0.3559 0.3277 0.1417 0.5778 0.4019 0.3304
0.6033 0.5786 0.2468 0.6217 0.3601 0.4058 0.1933 0.3698 0.6623 0.4459 0.3362 0.5231 0.3365 0.7277 0.0000 0.3859 0.3323 0.1112 0.6061 0.4731 0.4976
0.3182 0.5534 0.4830 0.5085 0.3930 0.4225 0.4655 0.4061 0.5485 0.3134 0.4226 0.3582 0.2355 0.5026 0.3127 0.0000 0.4241 0.2521 0.4531 0.3538 0.4189
0.3957 0.4813 0.7453 0.4916 0.2182 0.3703 0.2442 0.6593 0.2290 0.3672 0.1021 0.4192 0.7165 0.3640 0.4269 0.4645 0.0000 0.2713 0.5129 0.3772 0.4423
0.2746 0.5672 0.3343 0.4538 0.3521 0.1402 0.6170 0.3714 0.7111 0.4338 0.3785 0.3359 0.5531 0.2198 0.5301 0.2955 0.4612 0.0000 0.5011 0.7635 0.1757
0.4797 0.2652 0.2916 0.5393 0.4017 0.5362 0.4701 0.2602 0.3560 0.3089 0.2539 0.4096 0.5434 0.5415 0.5644 0.3876 0.6045 0.3662 0.0000 0.4039 0.5708
0.4717 0.5587 0.3973 0.3634 0.4684 0.4831 0.3302 0.4426 0.3696 0.3700 0.0686 0.5714 0.4887 0.5603 0.6179 0.3513 0.2169 0.5887 0.2948 0.0000 0.4049
0.5084 0.2705 0.6312 0.4097 0.5616 0.2239 0.4157 0.4593 0.3939 0.3588 0.3729 0.5911 0.3774 0.3585 0.2058 0.4393 0.3875 0.2786 0.4131 0.4243 0.0000

--- Sample 4 ---
node_demand:
0.1333
0.0667
0.1667
0.0333
0.2333
0.2667
0.1667
0.1333
0.2667
0.2333
0.2000
0.1333
0.2667
0.0667
0.3000
0.0667
0.3000
0.1333
0.3000
0.2333

dist_matrix:
0.0000 0.4488 0.4053 0.4331 0.5063 0.5741 0.7464 0.4327 0.4847 0.3697 0.4675 0.4037 0.4776 0.3308 0.4864 0.2262 0.4565 0.2890 0.4512 0.5021 0.3272
0.7781 0.0000 0.3676 0.1843 0.4565 0.4935 0.5645 0.1783 0.4702 0.4300 0.4214 0.2789 0.4351 0.2901 0.4252 0.5561 0.7135 0.6461 0.2316 0.5795 0.2746
0.5394 0.4539 0.0000 0.4546 0.6600 0.6169 0.4413 0.5479 0.9303 0.1272 0.5694 0.4108 0.3547 0.4835 0.2512 0.5888 0.8092 0.3928 0.3920 0.3925 0.5819
0.3356 0.2066 0.4136 0.0000 0.3573 0.4311 0.3971 0.1107 0.3809 0.3723 0.6742 0.1926 0.2596 0.4712 0.5561 0.3893 0.5124 0.3798 0.4008 0.4221 0.3598
0.6509 0.4613 0.5509 0.4356 0.0000 0.3310 0.5850 0.6929 0.5585 0.4413 0.5436 0.6078 0.4468 0.4058 0.4069 0.3907 0.3771 0.3498 0.3985 0.6541 0.4665
0.3971 0.3646 0.7157 0.4222 0.2954 0.0000 0.3207 0.5010 0.6223 0.5694 0.3373 0.4407 0.2092 0.5593 0.4394 0.5149 0.4105 0.1356 0.5440 0.6066 0.1716
0.6949 0.4613 0.4477 0.5213 0.4725 0.6022 0.0000 0.4156 0.6420 0.5642 0.3632 0.4162 0.4076 0.5629 0.1943 0.6171 0.5645 0.4045 0.4571 0.4192 0.5068
0.4002 0.3694 0.5414 0.3195 0.4956 0.4639 0.4008 0.0000 0.4961 0.2597 0.6508 0.5702 0.4617 0.5479 0.4015 0.5370 0.7088 0.3498 0.2546 0.5702 0.4413
0.4767 0.4459 0.4121 0.3673 0.4405 0.4225 0.6603 0.5672 0.0000 0.1539 0.3901 0.3960 0.5368 0.3930 0.3287 0.5402 0.2247 0.4613 0.3853 0.4159 0.4013
0.4884 0.3882 0.4972 0.3648 0.5112 0.5001 0.5002 0.2579 0.3990 0.0000 0.4719 0.4229 0.2434 0.2948 0.7395 0.3021 0.4319 0.7021 0.3073 0.3712 0.3412
0.4651 0.4821 0.4885 0.5613 0.5913 0.3260 0.3661 0.5063 0.3437 0.4581 0.0000 0.3862 0.6811 0.3884 0.5531 0.4900 0.1911 0.5602 0.3359 0.1059 0.3945
0.6660 0.5242 0.3821 0.4758 0.7447 0.5043 0.4223 0.5548 0.4643 0.3581 0.2723 0.0000 0.2423 0.2384 0.4391 0.3915 0.3669 0.4775 0.4008 0.4490 0.5011
0.6399 0.3310 0.4627 0.1972 0.5398 0.7955 0.4191 0.3685 0.6458 0.3207 0.4421 0.6343 0.0000 0.5650 0.4442 0.1928 0.4846 0.0761 0.3320 0.4743 0.5077
0.3652 0.3721 0.5472 0.3897 0.3460 0.2845 0.6419 0.4600 0.5362 0.2904 0.3573 0.3656 0.5113 0.0000 0.5656 0.4491 0.4085 0.4168 0.6048 0.4998 0.2750
0.5108 0.5172 0.2403 0.2882 0.3742 0.3688 0.2029 0.3724 0.5952 0.7615 0.5234 0.2508 0.4190 0.3163 0.0000 0.2123 0.2322 0.2527 0.6707 0.4221 0.2067
0.2484 0.4639 0.4780 0.3861 0.5518 0.5629 0.5550 0.4156 0.5501 0.3216 0.4733 0.4654 0.1790 0.4580 0.4224 0.0000 0.4817 0.4204 0.7655 0.3424 0.4313
0.7343 0.4337 0.5881 0.3943 0.3899 0.4073 0.4820 0.6777 0.2388 0.5710 0.1794 0.3677 0.5458 0.3602 0.2726 0.4382 0.0000 0.3912 0.6277 0.3061 0.2791
0.2487 0.5454 0.4984 0.5633 0.2914 0.1430 0.4253 0.3853 0.4048 0.4215 0.5840 0.2895 0.6039 0.2558 0.5111 0.3421 0.4255 0.0000 0.3195 0.6756 0.2613
0.3108 0.2370 0.4083 0.4622 0.4008 0.5060 0.5082 0.2457 0.3350 0.1701 0.3618 0.4019 0.3132 0.7630 0.6195 0.7451 0.5798 0.3907 0.0000 0.2637 0.3960
0.3987 0.4816 0.4957 0.4765 0.3949 0.3173 0.5049 0.5542 0.5797 0.3772 0.0998 0.2407 0.5448 0.5893 0.7313 0.3563 0.4185 0.6105 0.4769 0.0000 0.4860
0.3269 0.2781 0.4853 0.3564 0.4039 0.1502 0.3905 0.4654 0.4665 0.3530 0.4523 0.5632 0.5668 0.3404 0.6916 0.3056 0.3060 0.2098 0.3661 0.4823 0.0000

--- Sample 5 ---
node_demand:
0.1333
0.0667
0.1667
0.0333
0.2333
0.2667
0.1667
0.1333
0.2667
0.2333
0.2000
0.1333
0.2667
0.0667
0.3000
0.0667
0.3000
0.1333
0.3000
0.2333

dist_matrix:
0.0000 0.4221 0.3956 0.3773 0.5184 0.4222 0.7877 0.4242 0.4366 0.4727 0.4757 0.3948 0.6618 0.2817 0.2850 0.6664 0.4383 0.3428 0.4711 0.6694 0.5291
0.6822 0.0000 0.4231 0.2037 0.4561 0.4264 0.5425 0.3677 0.4487 0.3972 0.4646 0.5192 0.4655 0.4632 0.2716 0.4584 0.5428 0.3958 0.2934 0.5247 0.2710
0.3908 0.3723 0.0000 0.5829 0.4691 0.4238 0.4699 0.5603 0.2692 0.2258 0.5194 0.4038 0.6972 0.3959 0.2490 0.6459 0.7583 0.6478 0.3687 0.5688 0.6983
0.6569 0.2295 0.5494 0.0000 0.6091 0.3233 0.4744 0.1064 0.3896 0.3944 0.5843 0.3581 0.1631 0.3670 0.5987 0.4337 0.4661 0.5093 0.5280 0.3941 0.4249
0.5984 0.5588 0.4929 0.4114 0.0000 0.2789 0.4266 0.4368 0.5879 0.5254 0.3321 0.4300 0.5948 0.4456 0.5326 0.5412 0.4471 0.3100 0.3416 0.5097 0.4037
0.3859 0.3474 0.4572 0.3948 0.2569 0.0000 0.6062 0.3324 0.3125 0.4249 0.5490 0.2815 0.5632 0.4581 0.3052 0.4008 0.3182 0.1375 0.4800 0.4621 0.1877
0.5896 0.4895 0.4168 0.5556 0.6036 0.6551 0.0000 0.3988 0.5807 0.6283 0.3228 0.4022 0.3988 0.5608 0.1831 0.6192 0.3547 0.3845 0.4696 0.2111 0.3058
0.4179 0.1400 0.6995 0.2741 0.4832 0.4218 0.4636 0.0000 0.4348 0.2551 0.6533 0.3115 0.4995 0.4173 0.4666 0.3998 0.6642 0.4358 0.2641 0.5184 0.4271
0.5280 0.4376 0.5005 0.3788 0.5231 0.6290 0.4489 0.4774 0.0000 0.2389 0.3462 0.3663 0.6493 0.4004 0.5914 0.4857 0.2302 0.2956 0.5071 0.3619 0.4037
0.4500 0.4247 0.2963 0.5233 0.5173 0.5202 0.5428 0.2525 0.3425 0.0000 0.2691 0.3691 0.2866 0.2945 0.6969 0.3231 0.6076 0.4725 0.2143 0.4719 0.3339
0.4912 0.4823 0.4487 0.3792 0.7579 0.3292 0.2732 0.6036 0.3308 0.3470 0.0000 0.4268 0.3983 0.3763 0.5254 0.4757 0.1632 0.5865 0.3251 0.1448 0.3867
0.6831 0.3662 0.4311 0.4728 0.5509 0.5277 0.3671 0.2207 0.4136 0.3899 0.3418 0.0000 0.2088 0.4005 0.3507 0.3733 0.4142 0.4125 0.4002 0.5266 0.5022
0.4235 0.3520 0.2984 0.2421 0.4038 0.2799 0.2834 0.2543 0.3887 0.3016 0.6669 0.6269 0.0000 0.5350 0.3086 0.1729 0.4399 0.3032 0.4170 0.5069 0.4532
0.3054 0.3979 0.4934 0.2837 0.4499 0.2329 0.7025 0.3846 0.4903 0.2914 0.3719 0.2821 0.2957 0.0000 0.7612 0.3850 0.4074 0.3776 0.4354 0.4863 0.2843
0.3466 0.3730 0.2416 0.4773 0.2485 0.3339 0.1970 0.4728 0.6048 0.5120 0.4505 0.3591 0.2743 0.5619 0.0000 0.2186 0.5120 0.2168 0.5882 0.5282 0.3225
0.0634 0.5523 0.4756 0.4921 0.5036 0.3464 0.3946 0.4976 0.5107 0.3058 0.3908 0.4895 0.2049 0.4752 0.3752 0.0000 0.5037 0.3386 0.4104 0.3530 0.3089
0.5237 0.6933 0.6660 0.4867 0.2592 0.2327 0.2134 0.5981 0.2343 0.5198 0.1683 0.4592 0.6603 0.4184 0.5431 0.3439 0.0000 0.3362 0.5525 0.1531 0.4521
0.1924 0.4878 0.3442 0.5424 0.4175 0.1377 0.4485 0.4130 0.3125 0.6591 0.4816 0.3347 0.0889 0.3461 0.4420 0.2298 0.4384 0.0000 0.3550 0.3904 0.2859
0.4120 0.3537 0.2622 0.3669 0.3821 0.5735 0.4012 0.2456 0.4647 0.4314 0.3910 0.4062 0.3615 0.4955 0.5780 0.3532 0.5367 0.4704 0.0000 0.3653 0.4462
0.4622 0.4901 0.3550 0.3995 0.6957 0.3275 0.2834 0.6068 0.4140 0.2093 0.0401 0.3746 0.5532 0.4556 0.7673 0.3594 0.1973 0.5469 0.4545 0.0000 0.4062
0.3785 0.2755 0.6109 0.4439 0.5393 0.1374 0.5693 0.5736 0.4326 0.3451 0.3602 0.4449 0.4938 0.4010 0.7490 0.3481 0.4278 0.2392 0.4945 0.4498 0.0000
