20
0 1 0.59 0.14
0 2 0.41 0.24
0 3 0.53 0.21
0 4 0.6 0.26
0 5 0.27 0.19
0 6 0.62 0.06
0 7 0.53 0.26
0 8 0.35 0.2
0 9 0.64 0.27
0 10 0.56 0.21
0 11 0.58 0.26
0 12 0.46 0.24
0 13 0.66 0.14
0 14 0.69 0.28
0 15 0.74 0.27
0 16 0.58 0.28
0 17 0.67 0.34
0 18 0.46 0.24
0 19 0.48 0.11
0 20 0.76 0.34
1 2 0.66 0.1
1 3 0.82 0.13
1 4 0.85 0.31
1 5 0.56 0.19
1 6 0.43 0.2
1 7 0.28 0.12
1 8 0.74 0.23
1 9 0.69 0.13
1 10 0.44 0.13
1 11 0.66 0.24
1 12 0.79 0.26
1 13 0.34 0.24
1 14 0.54 0.25
1 15 0.6 0.26
1 16 0.78 0.14
1 17 0.8 0.2
1 18 0.43 0.24
1 19 0.42 0.14
1 20 0.67 0.22
2 3 0.36 0.08
2 4 0.6 0.21
2 5 0.14 0.09
2 6 0.43 0.28
2 7 0.7 0.22
2 8 0.7 0.27
2 9 0.42 0.23
2 10 0.5 0.08
2 11 0.58 0.24
2 12 0.46 0.24
2 13 0.4 0.14
2 14 0.28 0.18
2 15 0.52 0.16
2 16 0.51 0.24
2 17 0.48 0.3
2 18 0.36 0.14
2 19 0.45 0.18
2 20 0.57 0.32
3 4 0.28 0.18
3 5 0.5 0.17
3 6 0.44 0.2
3 7 0.72 0.2
3 8 0.75 0.19
3 9 0.34 0.26
3 10 0.86 0.0
3 11 0.59 0.16
3 12 0.58 0.18
3 13 0.7 0.22
3 14 0.64 0.26
3 15 0.58 0.24
3 16 0.54 0.18
3 17 0.6 0.3
3 18 0.5 0.22
3 19 0.57 0.1
3 20 0.8 0.3
4 5 0.46 0.12
4 6 0.72 0.2
4 7 0.68 0.29
4 8 0.75 0.31
4 9 0.58 0.32
4 10 0.8 0.18
4 11 0.34 0.22
4 12 0.54 0.24
4 13 0.6 0.17
4 14 0.5 0.21
4 15 0.48 0.35
4 16 0.64 0.31
4 17 0.82 0.14
4 18 0.48 0.17
4 19 0.48 0.22
4 20 0.59 0.12
5 6 0.56 0.25
5 7 0.73 0.21
5 8 0.62 0.19
5 9 0.56 0.2
5 10 0.64 0.17
5 11 0.67 0.17
5 12 0.32 0.15
5 13 0.47 0.05
5 14 0.42 0.09
5 15 0.48 0.25
5 16 0.55 0.23
5 17 0.4 0.21
5 18 0.22 0.05
5 19 0.59 0.1
5 20 0.62 0.23
6 7 0.71 0.32
6 8 0.92 0.26
6 9 0.26 0.26
6 10 0.55 0.2
6 11 0.51 0.28
6 12 0.74 0.3
6 13 0.64 0.2
6 14 0.68 0.34
6 15 0.57 0.33
6 16 0.46 0.34
6 17 0.68 0.32
6 18 0.76 0.3
6 19 0.55 0.17
6 20 0.36 0.3
7 8 0.59 0.28
7 9 0.58 0.18
7 10 0.72 0.2
7 11 0.38 0.12
7 12 0.62 0.14
7 13 0.62 0.16
7 14 0.7 0.13
7 15 0.66 0.25
7 16 0.5 0.02
7 17 0.64 0.26
7 18 0.71 0.17
7 19 0.4 0.2
7 20 0.39 0.28
8 9 0.66 0.34
8 10 0.54 0.19
8 11 0.52 0.24
8 12 0.81 0.26
8 13 0.4 0.22
8 14 0.76 0.28
8 15 0.62 0.25
8 16 0.59 0.26
8 17 0.59 0.4
8 18 0.66 0.24
8 19 0.71 0.09
8 20 0.69 0.42
9 10 0.64 0.26
9 11 0.61 0.23
9 12 0.48 0.25
9 13 0.57 0.25
9 14 0.7 0.29
9 15 0.68 0.36
9 16 0.2 0.16
9 17 0.63 0.33
9 18 0.73 0.25
9 19 0.47 0.27
9 20 0.62 0.34
10 11 0.65 0.16
10 12 0.71 0.18
10 13 0.47 0.22
10 14 0.59 0.26
10 15 0.86 0.24
10 16 0.79 0.18
10 17 0.36 0.3
10 18 0.52 0.22
10 19 0.8 0.1
10 20 0.36 0.3
11 12 0.7 0.02
11 13 0.58 0.12
11 14 0.78 0.17
11 15 0.8 0.13
11 16 0.81 0.14
11 17 0.64 0.2
11 18 0.54 0.13
11 19 0.68 0.26
11 20 0.77 0.22
12 13 0.79 0.1
12 14 0.46 0.15
12 15 0.36 0.15
12 16 0.6 0.12
12 17 0.7 0.18
12 18 0.46 0.11
12 19 0.9 0.25
12 20 0.75 0.2
13 14 0.68 0.14
13 15 0.68 0.25
13 16 0.71 0.18
13 17 0.83 0.22
13 18 0.58 0.1
13 19 0.44 0.15
13 20 0.48 0.2
14 15 0.8 0.3
14 16 0.6 0.15
14 17 0.76 0.13
14 18 0.56 0.04
14 19 0.73 0.19
14 20 0.62 0.15
15 16 0.88 0.27
15 17 0.88 0.32
15 18 0.46 0.26
15 19 0.86 0.16
15 20 0.76 0.3
16 17 0.43 0.24
16 18 0.67 0.19
16 19 0.45 0.22
16 20 0.54 0.26
17 18 0.58 0.16
17 19 0.66 0.31
17 20 0.43 0.02
18 19 0.7 0.15
18 20 0.76 0.18
19 20 0.72 0.33
node_demand
0.23333333
0.033333335
0.13333334
0.1
0.2
0.2
0.3
0.26666668
0.2
0.3
0.2
0.13333334
0.3
0.06666667
0.13333334
0.13333334
0.26666668
0.23333333
0.1
0.16666667
