20
0 1 0.64 0.28
0 2 0.92 0.36
0 3 0.74 0.27
0 4 0.3 0.1
0 5 0.6 0.23
0 6 0.54 0.32
0 7 0.73 0.34
0 8 0.72 0.32
0 9 0.8 0.3
0 10 0.58 0.23
0 11 0.68 0.27
0 12 0.66 0.24
0 13 0.59 0.26
0 14 0.78 0.24
0 15 0.49 0.14
0 16 0.56 0.28
0 17 0.53 0.26
0 18 0.47 0.32
0 19 0.7 0.26
0 20 0.48 0.36
1 2 0.9 0.08
1 3 0.58 0.13
1 4 0.64 0.38
1 5 0.56 0.2
1 6 0.62 0.33
1 7 0.63 0.33
1 8 0.64 0.29
1 9 0.68 0.19
1 10 0.62 0.34
1 11 0.52 0.21
1 12 0.82 0.36
1 13 0.72 0.23
1 14 0.74 0.26
1 15 0.58 0.26
1 16 0.62 0.25
1 17 0.84 0.3
1 18 0.58 0.22
1 19 0.62 0.3
1 20 0.34 0.3
2 3 0.52 0.21
2 4 0.7 0.35
2 5 0.66 0.28
2 6 0.79 0.25
2 7 0.6 0.37
2 8 0.58 0.33
2 9 0.38 0.11
2 10 0.66 0.35
2 11 0.66 0.25
2 12 0.81 0.37
2 13 0.75 0.15
2 14 0.5 0.26
2 15 0.77 0.34
2 16 0.76 0.29
2 17 0.82 0.37
2 18 0.55 0.3
2 19 0.81 0.34
2 20 0.58 0.38
3 4 0.73 0.27
3 5 0.5 0.14
3 6 0.7 0.32
3 7 0.64 0.2
3 8 0.74 0.16
3 9 0.39 0.32
3 10 0.64 0.35
3 11 0.56 0.08
3 12 0.77 0.23
3 13 0.66 0.34
3 14 0.56 0.39
3 15 0.53 0.13
3 16 0.7 0.12
3 17 0.7 0.2
3 18 0.54 0.35
3 19 0.7 0.35
3 20 0.92 0.3
4 5 0.6 0.26
4 6 0.63 0.38
4 7 0.8 0.26
4 8 0.62 0.22
4 9 0.59 0.24
4 10 0.65 0.23
4 11 0.62 0.22
4 12 0.53 0.24
4 13 0.38 0.2
4 14 0.66 0.14
4 15 0.26 0.14
4 16 0.26 0.18
4 17 0.46 0.16
4 18 0.5 0.38
4 19 0.4 0.16
4 20 0.65 0.34
5 6 0.68 0.46
5 7 0.64 0.34
5 8 0.64 0.23
5 9 0.68 0.36
5 10 0.86 0.41
5 11 0.6 0.22
5 12 0.4 0.36
5 13 0.63 0.32
5 14 0.64 0.32
5 15 0.49 0.27
5 16 0.68 0.26
5 17 0.8 0.1
5 18 0.54 0.27
5 19 0.5 0.42
5 20 0.67 0.28
6 7 0.19 0.12
6 8 0.62 0.24
6 9 0.46 0.14
6 10 0.57 0.37
6 11 0.47 0.24
6 12 0.38 0.22
6 13 0.48 0.18
6 14 0.74 0.28
6 15 0.58 0.32
6 16 0.73 0.2
6 17 0.88 0.36
6 18 0.66 0.28
6 19 0.53 0.37
6 20 0.62 0.38
7 8 0.48 0.12
7 9 0.62 0.26
7 10 0.74 0.36
7 11 0.52 0.12
7 12 0.46 0.1
7 13 0.59 0.24
7 14 0.56 0.35
7 15 0.66 0.2
7 16 0.62 0.08
7 17 0.72 0.24
7 18 0.61 0.16
7 19 0.44 0.36
7 20 0.81 0.26
8 9 0.67 0.38
8 10 0.26 0.26
8 11 0.52 0.08
8 12 0.24 0.22
8 13 0.75 0.34
8 14 0.48 0.35
8 15 0.66 0.21
8 16 0.4 0.04
8 17 0.58 0.2
8 18 0.53 0.27
8 19 0.66 0.38
8 20 0.77 0.22
9 10 0.6 0.24
9 11 0.36 0.3
9 12 0.43 0.27
9 13 0.77 0.04
9 14 0.42 0.15
9 15 0.71 0.37
9 16 0.54 0.34
9 17 0.44 0.37
9 18 0.51 0.26
9 19 0.44 0.23
9 20 0.55 0.34
10 11 0.6 0.32
10 12 0.5 0.32
10 13 0.77 0.2
10 14 0.22 0.09
10 15 0.56 0.22
10 16 0.39 0.28
10 17 0.64 0.31
10 18 0.58 0.42
10 19 0.4 0.39
10 20 0.51 0.38
11 12 0.3 0.2
11 13 0.58 0.26
11 14 0.55 0.34
11 15 0.58 0.13
11 16 0.67 0.04
11 17 0.56 0.12
11 18 0.86 0.27
11 19 0.78 0.35
11 20 0.72 0.22
12 13 0.51 0.23
12 14 0.49 0.34
12 15 0.42 0.1
12 16 0.6 0.18
12 17 0.82 0.28
12 18 0.63 0.26
12 19 0.69 0.32
12 20 0.64 0.36
13 14 0.7 0.11
13 15 0.64 0.33
13 16 0.51 0.3
13 17 0.6 0.33
13 18 0.88 0.22
13 19 0.54 0.27
13 20 0.86 0.3
14 15 0.54 0.28
14 16 0.4 0.31
14 17 0.81 0.22
14 18 0.36 0.33
14 19 0.57 0.3
14 20 0.58 0.41
15 16 0.52 0.17
15 17 0.54 0.18
15 18 0.5 0.36
15 19 0.27 0.22
15 20 0.66 0.35
16 17 0.52 0.16
16 18 0.76 0.23
16 19 0.66 0.34
16 20 0.39 0.18
17 18 0.45 0.26
17 19 0.48 0.32
17 20 0.68 0.34
18 19 0.38 0.34
18 20 0.54 0.36
19 20 0.58 0.5
node_demand
0.2
0.2
0.06666667
0.3
0.033333335
0.1
0.06666667
0.2
0.1
0.23333333
0.3
0.16666667
0.23333333
0.3
0.16666667
0.3
0.033333335
0.033333335
0.06666667
0.033333335
