20
0 1 0.7 0.2
0 2 0.62 0.31
0 3 0.67 0.16
0 4 0.86 0.06
0 5 0.6 0.28
0 6 0.5 0.3
0 7 0.64 0.2
0 8 0.74 0.34
0 9 0.58 0.2
0 10 0.68 0.28
0 11 0.75 0.32
0 12 0.79 0.28
0 13 0.54 0.3
0 14 0.6 0.26
0 15 0.61 0.24
0 16 0.76 0.26
0 17 0.62 0.12
0 18 0.86 0.4
0 19 0.58 0.18
0 20 0.44 0.12
1 2 0.46 0.39
1 3 0.5 0.25
1 4 0.26 0.14
1 5 0.28 0.24
1 6 0.68 0.28
1 7 0.38 0.26
1 8 0.2 0.14
1 9 0.58 0.18
1 10 0.5 0.28
1 11 0.48 0.3
1 12 0.48 0.26
1 13 0.58 0.28
1 14 0.56 0.18
1 15 0.76 0.17
1 16 0.56 0.36
1 17 0.49 0.2
1 18 0.54 0.32
1 19 0.62 0.3
1 20 0.54 0.1
2 3 0.7 0.39
2 4 0.31 0.25
2 5 0.18 0.18
2 6 0.58 0.19
2 7 0.52 0.37
2 8 0.6 0.28
2 9 0.58 0.29
2 10 0.62 0.14
2 11 0.67 0.17
2 12 0.78 0.37
2 13 0.62 0.37
2 14 0.5 0.44
2 15 0.47 0.37
2 16 0.58 0.34
2 17 0.69 0.42
2 18 0.87 0.26
2 19 0.46 0.32
2 20 0.52 0.37
3 4 0.76 0.22
3 5 0.54 0.35
3 6 0.58 0.2
3 7 0.74 0.36
3 8 0.67 0.3
3 9 0.53 0.18
3 10 0.76 0.28
3 11 0.7 0.26
3 12 0.44 0.38
3 13 0.55 0.28
3 14 0.62 0.41
3 15 0.4 0.08
3 16 0.71 0.31
3 17 0.38 0.09
3 18 0.72 0.24
3 19 0.5 0.34
3 20 0.36 0.26
4 5 0.36 0.22
4 6 0.64 0.3
4 7 0.6 0.26
4 8 0.46 0.28
4 9 0.52 0.26
4 10 0.5 0.22
4 11 0.72 0.38
4 12 0.57 0.34
4 13 0.54 0.32
4 14 0.7 0.32
4 15 0.76 0.3
4 16 0.3 0.25
4 17 0.51 0.18
4 18 0.58 0.34
4 19 0.42 0.24
4 20 0.42 0.18
5 6 0.58 0.26
5 7 0.66 0.28
5 8 0.42 0.19
5 9 0.76 0.42
5 10 0.72 0.28
5 11 0.76 0.32
5 12 0.6 0.24
5 13 0.48 0.36
5 14 0.62 0.36
5 15 0.65 0.32
5 16 0.5 0.26
5 17 0.6 0.26
5 18 0.8 0.16
5 19 0.64 0.3
5 20 0.46 0.34
6 7 0.6 0.38
6 8 0.48 0.22
6 9 0.4 0.26
6 10 0.18 0.08
6 11 0.54 0.35
6 12 0.72 0.18
6 13 0.41 0.26
6 14 0.7 0.46
6 15 0.78 0.28
6 16 0.54 0.33
6 17 0.56 0.29
6 18 0.6 0.19
6 19 0.58 0.38
6 20 0.22 0.18
7 8 0.58 0.4
7 9 0.72 0.32
7 10 0.78 0.3
7 11 0.54 0.29
7 12 0.44 0.22
7 13 0.57 0.4
7 14 0.6 0.31
7 15 0.82 0.36
7 16 0.5 0.18
7 17 0.48 0.32
7 18 0.88 0.42
7 19 0.38 0.26
7 20 0.38 0.32
8 9 0.73 0.32
8 10 0.3 0.14
8 11 0.56 0.34
8 12 0.44 0.2
8 13 0.58 0.38
8 14 0.62 0.32
8 15 0.9 0.22
8 16 0.66 0.24
8 17 0.54 0.34
8 18 0.72 0.18
8 19 0.7 0.16
8 20 0.39 0.24
9 10 0.44 0.34
9 11 0.8 0.12
9 12 0.5 0.24
9 13 0.53 0.26
9 14 0.78 0.26
9 15 0.74 0.26
9 16 0.3 0.19
9 17 0.58 0.16
9 18 0.55 0.28
9 19 0.48 0.27
9 20 0.34 0.08
10 11 0.36 0.28
10 12 0.57 0.26
10 13 0.51 0.24
10 14 0.7 0.46
10 15 0.68 0.27
10 16 0.52 0.38
10 17 0.38 0.28
10 18 0.74 0.12
10 19 0.76 0.3
10 20 0.4 0.26
11 12 0.74 0.36
11 13 0.3 0.2
11 14 0.47 0.38
11 15 0.67 0.32
11 16 0.72 0.3
11 17 0.72 0.28
11 18 0.86 0.16
11 19 0.68 0.22
11 20 0.49 0.2
12 13 0.68 0.34
12 14 0.85 0.44
12 15 0.46 0.38
12 16 0.27 0.15
12 17 0.56 0.37
12 18 0.58 0.28
12 19 0.58 0.23
12 20 0.5 0.16
13 14 0.74 0.42
13 15 0.6 0.36
13 16 0.59 0.45
13 17 0.5 0.37
13 18 0.72 0.36
13 19 0.72 0.42
13 20 0.19 0.18
14 15 0.7 0.33
14 16 0.58 0.45
14 17 0.96 0.38
14 18 0.6 0.37
14 19 0.76 0.44
14 20 0.55 0.28
15 16 0.55 0.39
15 17 0.78 0.17
15 18 0.4 0.16
15 19 0.52 0.38
15 20 0.74 0.27
16 17 0.4 0.22
16 18 0.7 0.42
16 19 0.52 0.08
16 20 0.4 0.27
17 18 0.88 0.33
17 19 0.76 0.3
17 20 0.69 0.24
18 19 0.66 0.34
18 20 0.82 0.36
19 20 0.76 0.3
node_demand
0.23333333
0.2
0.1
0.2
0.13333334
0.23333333
0.26666668
0.06666667
0.3
0.1
0.23333333
0.23333333
0.06666667
0.033333335
0.2
0.2
0.06666667
0.3
0.3
0.16666667
