20
0 1 0.78 0.39
0 2 0.4 0.18
0 3 0.66 0.3
0 4 0.62 0.2
0 5 0.67 0.12
0 6 0.52 0.32
0 7 0.76 0.36
0 8 0.83 0.34
0 9 0.81 0.33
0 10 0.9 0.34
0 11 0.78 0.26
0 12 0.66 0.32
0 13 0.6 0.3
0 14 0.54 0.32
0 15 0.6 0.2
0 16 0.7 0.08
0 17 0.64 0.23
0 18 0.76 0.18
0 19 0.78 0.36
0 20 0.78 0.22
1 2 0.71 0.26
1 3 0.64 0.22
1 4 0.41 0.36
1 5 0.38 0.27
1 6 0.36 0.3
1 7 0.34 0.26
1 8 0.7 0.34
1 9 0.74 0.3
1 10 0.74 0.22
1 11 0.6 0.24
1 12 0.54 0.25
1 13 0.42 0.14
1 14 0.24 0.14
1 15 0.54 0.28
1 16 0.85 0.34
1 17 0.45 0.38
1 18 0.88 0.24
1 19 0.6 0.43
1 20 0.64 0.41
2 3 0.89 0.12
2 4 0.74 0.25
2 5 0.78 0.27
2 6 0.73 0.24
2 7 0.55 0.28
2 8 0.48 0.16
2 9 0.41 0.3
2 10 0.54 0.28
2 11 0.76 0.3
2 12 0.69 0.31
2 13 0.56 0.12
2 14 0.86 0.2
2 15 0.76 0.02
2 16 0.72 0.1
2 17 0.6 0.36
2 18 0.48 0.2
2 19 0.81 0.18
2 20 0.8 0.24
3 4 0.7 0.16
3 5 0.36 0.24
3 6 0.54 0.22
3 7 0.61 0.16
3 8 0.86 0.28
3 9 0.6 0.34
3 10 0.5 0.31
3 11 0.58 0.28
3 12 0.75 0.19
3 13 0.5 0.24
3 14 0.4 0.08
3 15 0.87 0.14
3 16 0.7 0.22
3 17 0.54 0.32
3 18 0.84 0.32
3 19 0.48 0.3
3 20 0.74 0.36
4 5 0.62 0.32
4 6 0.56 0.38
4 7 0.57 0.24
4 8 0.52 0.38
4 9 0.79 0.28
4 10 0.66 0.42
4 11 0.73 0.35
4 12 0.32 0.28
4 13 0.77 0.37
4 14 0.52 0.22
4 15 0.86 0.27
4 16 0.76 0.28
4 17 0.49 0.41
4 18 0.74 0.38
4 19 0.69 0.3
4 20 0.58 0.34
5 6 0.6 0.2
5 7 0.68 0.29
5 8 0.78 0.4
5 9 0.46 0.25
5 10 0.86 0.29
5 11 0.22 0.14
5 12 0.76 0.27
5 13 0.51 0.39
5 14 0.44 0.2
5 15 0.64 0.25
5 16 0.7 0.2
5 17 0.18 0.11
5 18 0.65 0.16
5 19 0.84 0.35
5 20 0.38 0.29
6 7 0.68 0.26
6 8 0.66 0.32
6 9 0.88 0.36
6 10 0.68 0.32
6 11 0.49 0.06
6 12 0.76 0.37
6 13 0.6 0.36
6 14 0.6 0.26
6 15 0.73 0.26
6 16 0.72 0.34
6 17 0.63 0.22
6 18 0.73 0.36
6 19 0.5 0.22
6 20 0.48 0.28
7 8 0.74 0.27
7 9 0.6 0.32
7 10 0.54 0.43
7 11 0.74 0.2
7 12 0.62 0.34
7 13 0.76 0.33
7 14 0.48 0.24
7 15 0.62 0.3
7 16 0.62 0.28
7 17 0.56 0.18
7 18 0.58 0.36
7 19 0.26 0.17
7 20 0.43 0.4
8 9 0.36 0.31
8 10 0.82 0.18
8 11 0.84 0.33
8 12 0.68 0.31
8 13 0.44 0.28
8 14 0.46 0.2
8 15 0.61 0.18
8 16 0.34 0.26
8 17 0.6 0.44
8 18 0.79 0.36
8 19 0.63 0.1
8 20 0.64 0.4
9 10 0.78 0.37
9 11 0.68 0.3
9 12 0.48 0.3
9 13 0.62 0.42
9 14 0.82 0.26
9 15 0.54 0.32
9 16 0.7 0.25
9 17 0.64 0.14
9 18 0.66 0.32
9 19 0.42 0.41
9 20 0.4 0.11
10 11 0.64 0.38
10 12 0.54 0.14
10 13 0.44 0.17
10 14 0.7 0.23
10 15 0.66 0.3
10 16 0.48 0.36
10 17 0.68 0.3
10 18 0.59 0.28
10 19 0.44 0.28
10 20 0.78 0.26
11 12 0.55 0.32
11 13 0.55 0.38
11 14 0.44 0.32
11 15 0.6 0.32
11 16 0.83 0.34
11 17 0.24 0.16
11 18 0.66 0.3
11 19 0.72 0.28
11 20 0.56 0.22
12 13 0.82 0.31
12 14 0.62 0.11
12 15 0.69 0.33
12 16 0.66 0.24
12 17 0.7 0.16
12 18 0.58 0.34
12 19 0.6 0.34
12 20 0.38 0.24
13 14 0.59 0.28
13 15 0.62 0.14
13 16 0.74 0.22
13 17 0.58 0.38
13 18 0.76 0.32
13 19 0.88 0.3
13 20 0.86 0.36
14 15 0.58 0.22
14 16 0.61 0.3
14 17 0.26 0.24
14 18 0.73 0.36
14 19 0.72 0.3
14 20 0.82 0.35
15 16 0.87 0.12
15 17 0.7 0.36
15 18 0.72 0.22
15 19 0.59 0.16
15 20 0.92 0.26
16 17 0.81 0.28
16 18 0.5 0.1
16 19 0.5 0.28
16 20 0.5 0.14
17 18 0.47 0.18
17 19 0.79 0.35
17 20 0.56 0.25
18 19 0.51 0.37
18 20 0.68 0.24
19 20 0.69 0.36
node_demand
0.13333334
0.2
0.26666668
0.23333333
0.13333334
0.23333333
0.16666667
0.3
0.2
0.033333335
0.1
0.2
0.26666668
0.13333334
0.13333334
0.16666667
0.23333333
0.16666667
0.13333334
0.26666668
