20
0 1 0.48 0.38
0 2 0.28 0.28
0 3 0.79 0.28
0 4 0.65 0.26
0 5 0.78 0.4
0 6 0.56 0.14
0 7 0.6 0.2
0 8 0.47 0.28
0 9 0.55 0.3
0 10 0.65 0.22
0 11 0.66 0.24
0 12 0.45 0.26
0 13 0.65 0.27
0 14 0.63 0.22
0 15 0.68 0.15
0 16 0.66 0.39
0 17 0.6 0.42
0 18 0.6 0.27
0 19 0.64 0.36
0 20 0.56 0.27
1 2 0.5 0.28
1 3 0.58 0.4
1 4 0.62 0.12
1 5 0.74 0.39
1 6 0.59 0.24
1 7 0.38 0.29
1 8 0.67 0.38
1 9 0.64 0.25
1 10 0.63 0.46
1 11 0.45 0.25
1 12 0.5 0.38
1 13 0.25 0.22
1 14 0.46 0.34
1 15 0.57 0.25
1 16 0.35 0.33
1 17 0.72 0.32
1 18 0.57 0.13
1 19 0.62 0.32
1 20 0.5 0.37
2 3 0.51 0.36
2 4 0.86 0.28
2 5 0.5 0.26
2 6 0.52 0.28
2 7 0.76 0.28
2 8 0.74 0.32
2 9 0.48 0.16
2 10 0.54 0.34
2 11 0.38 0.22
2 12 0.73 0.22
2 13 0.58 0.19
2 14 0.86 0.06
2 15 0.4 0.18
2 16 0.58 0.31
2 17 0.58 0.21
2 18 0.75 0.28
2 19 0.78 0.24
2 20 0.36 0.28
3 4 0.58 0.37
3 5 0.64 0.36
3 6 0.68 0.26
3 7 0.68 0.43
3 8 0.48 0.12
3 9 0.53 0.2
3 10 0.66 0.06
3 11 0.54 0.26
3 12 0.62 0.18
3 13 0.72 0.23
3 14 0.4 0.3
3 15 0.81 0.24
3 16 0.79 0.24
3 17 0.37 0.24
3 18 0.52 0.38
3 19 0.32 0.2
3 20 0.37 0.36
4 5 0.82 0.37
4 6 0.64 0.12
4 7 0.66 0.4
4 8 0.81 0.26
4 9 0.6 0.21
4 10 0.62 0.35
4 11 0.66 0.15
4 12 0.52 0.3
4 13 0.46 0.18
4 14 0.68 0.23
4 15 0.46 0.13
4 16 0.49 0.3
4 17 0.72 0.36
4 18 0.53 0.01
4 19 0.73 0.21
4 20 0.6 0.25
5 6 0.3 0.26
5 7 0.62 0.29
5 8 0.58 0.34
5 9 0.87 0.22
5 10 0.66 0.3
5 11 0.44 0.24
5 12 0.62 0.28
5 13 0.64 0.25
5 14 0.48 0.32
5 15 0.42 0.26
5 16 0.79 0.34
5 17 0.41 0.4
5 18 0.72 0.36
5 19 0.58 0.16
5 20 0.44 0.14
6 7 0.52 0.28
6 8 0.48 0.14
6 9 0.6 0.16
6 10 0.56 0.3
6 11 0.14 0.1
6 12 0.54 0.18
6 13 0.34 0.13
6 14 0.56 0.34
6 15 0.52 0.25
6 16 0.74 0.25
6 17 0.5 0.32
6 18 0.51 0.13
6 19 0.42 0.26
6 20 0.58 0.29
7 8 0.44 0.42
7 9 0.82 0.32
7 10 0.66 0.39
7 11 0.38 0.28
7 12 0.57 0.44
7 13 0.58 0.31
7 14 0.55 0.34
7 15 0.5 0.35
7 16 0.73 0.43
7 17 0.52 0.22
7 18 0.6 0.4
7 19 0.76 0.29
7 20 0.6 0.26
8 9 0.66 0.19
8 10 0.5 0.18
8 11 0.36 0.19
8 12 0.36 0.28
8 13 0.48 0.16
8 14 0.56 0.3
8 15 0.86 0.34
8 16 0.32 0.14
8 17 0.58 0.36
8 18 0.73 0.27
8 19 0.61 0.18
8 20 0.48 0.35
9 10 0.4 0.26
9 11 0.46 0.06
9 12 0.54 0.32
9 13 0.58 0.03
9 14 0.56 0.22
9 15 0.66 0.21
9 16 0.56 0.15
9 17 0.68 0.37
9 18 0.37 0.2
9 19 0.57 0.37
9 20 0.63 0.33
10 11 0.42 0.22
10 12 0.54 0.12
10 13 0.6 0.25
10 14 0.48 0.32
10 15 0.74 0.3
10 16 0.28 0.18
10 17 0.55 0.3
10 18 0.73 0.34
10 19 0.76 0.14
10 20 0.7 0.4
11 12 0.56 0.28
11 13 0.2 0.03
11 14 0.48 0.28
11 15 0.51 0.21
11 16 0.68 0.15
11 17 0.46 0.42
11 18 0.37 0.14
11 19 0.56 0.34
11 20 0.63 0.33
12 13 0.36 0.29
12 14 0.88 0.28
12 15 0.6 0.4
12 16 0.68 0.3
12 17 0.65 0.42
12 18 0.68 0.31
12 19 0.7 0.26
12 20 0.55 0.28
13 14 0.68 0.25
13 15 0.64 0.18
13 16 0.6 0.12
13 17 0.64 0.4
13 18 0.57 0.17
13 19 0.4 0.34
13 20 0.75 0.3
14 15 0.66 0.19
14 16 0.56 0.37
14 17 0.77 0.27
14 18 0.56 0.22
14 19 0.72 0.3
14 20 0.6 0.26
15 16 0.7 0.3
15 17 0.59 0.39
15 18 0.54 0.14
15 19 0.66 0.29
15 20 0.6 0.12
16 17 0.75 0.33
16 18 0.74 0.29
16 19 0.79 0.32
16 20 0.42 0.4
17 18 0.54 0.37
17 19 0.46 0.44
17 20 0.74 0.45
18 19 0.2 0.2
18 20 0.62 0.26
19 20 0.42 0.3
node_demand
0.1
0.16666667
0.1
0.1
0.23333333
0.033333335
0.26666668
0.2
0.26666668
0.13333334
0.26666668
0.26666668
0.16666667
0.23333333
0.06666667
0.13333334
0.3
0.3
0.3
0.2
