20
0 1 0.74 0.3
0 2 0.68 0.3
0 3 0.67 0.14
0 4 0.65 0.2
0 5 0.42 0.22
0 6 0.6 0.2
0 7 0.28 0.24
0 8 0.56 0.14
0 9 0.43 0.23
0 10 0.58 0.28
0 11 0.38 0.22
0 12 0.54 0.34
0 13 0.61 0.36
0 14 0.77 0.3
0 15 0.54 0.06
0 16 0.69 0.25
0 17 0.56 0.32
0 18 0.32 0.18
0 19 0.64 0.22
0 20 0.78 0.14
1 2 0.62 0.29
1 3 0.7 0.35
1 4 0.46 0.25
1 5 0.52 0.24
1 6 0.57 0.12
1 7 0.74 0.2
1 8 0.54 0.16
1 9 0.34 0.28
1 10 0.6 0.31
1 11 0.52 0.23
1 12 0.57 0.41
1 13 0.49 0.21
1 14 0.46 0.2
1 15 0.52 0.33
1 16 0.74 0.47
1 17 0.28 0.16
1 18 0.86 0.38
1 19 0.37 0.35
1 20 0.52 0.34
2 3 0.47 0.25
2 4 0.52 0.23
2 5 0.26 0.22
2 6 0.54 0.37
2 7 0.76 0.35
2 8 0.64 0.42
2 9 0.62 0.44
2 10 0.48 0.46
2 11 0.74 0.26
2 12 0.68 0.12
2 13 0.66 0.08
2 14 0.79 0.41
2 15 0.52 0.24
2 16 0.54 0.34
2 17 0.62 0.13
2 18 0.54 0.28
2 19 0.52 0.17
2 20 0.78 0.27
3 4 0.24 0.1
3 5 0.68 0.24
3 6 0.71 0.34
3 7 0.79 0.28
3 8 0.66 0.28
3 9 0.77 0.37
3 10 0.63 0.3
3 11 0.72 0.25
3 12 0.7 0.28
3 13 0.48 0.22
3 14 0.62 0.16
3 15 0.54 0.08
3 16 0.44 0.34
3 17 0.66 0.27
3 18 0.69 0.32
3 19 0.67 0.08
3 20 0.5 0.28
4 5 0.78 0.31
4 6 0.7 0.37
4 7 0.57 0.38
4 8 0.76 0.34
4 9 0.64 0.3
4 10 0.56 0.4
4 11 0.56 0.27
4 12 0.53 0.3
4 13 0.64 0.28
4 14 0.86 0.26
4 15 0.46 0.18
4 16 0.48 0.24
4 17 0.74 0.33
4 18 0.45 0.38
4 19 0.58 0.1
4 20 0.26 0.24
5 6 0.55 0.22
5 7 0.69 0.14
5 8 0.5 0.28
5 9 0.6 0.45
5 10 0.64 0.28
5 11 0.48 0.04
5 12 0.68 0.27
5 13 0.54 0.14
5 14 0.74 0.36
5 15 0.62 0.16
5 16 0.64 0.28
5 17 0.4 0.19
5 18 0.52 0.19
5 19 0.78 0.21
5 20 0.6 0.15
6 7 0.32 0.08
6 8 0.56 0.22
6 9 0.57 0.4
6 10 0.46 0.22
6 11 0.76 0.26
6 12 0.4 0.31
6 13 0.53 0.29
6 14 0.56 0.32
6 15 0.75 0.26
6 16 0.61 0.36
6 17 0.29 0.24
6 18 0.58 0.28
6 19 0.6 0.4
6 20 0.81 0.34
7 8 0.28 0.14
7 9 0.71 0.33
7 10 0.78 0.14
7 11 0.58 0.18
7 12 0.5 0.23
7 13 0.38 0.28
7 14 0.5 0.4
7 15 0.43 0.2
7 16 0.64 0.42
7 17 0.46 0.32
7 18 0.26 0.2
7 19 0.62 0.35
7 20 0.7 0.28
8 9 0.79 0.37
8 10 0.53 0.28
8 11 0.57 0.32
8 12 0.72 0.37
8 13 0.66 0.37
8 14 0.5 0.26
8 15 0.66 0.2
8 16 0.64 0.39
8 17 0.6 0.32
8 18 0.54 0.32
8 19 0.34 0.32
8 20 0.68 0.28
9 10 0.68 0.44
9 11 0.81 0.45
9 12 0.63 0.4
9 13 0.71 0.36
9 14 0.72 0.48
9 15 0.31 0.29
9 16 0.79 0.4
9 17 0.62 0.41
9 18 0.63 0.38
9 19 0.66 0.4
9 20 0.74 0.37
10 11 0.72 0.25
10 12 0.7 0.37
10 13 0.44 0.42
10 14 0.92 0.46
10 15 0.64 0.22
10 16 0.86 0.49
10 17 0.74 0.44
10 18 0.88 0.34
10 19 0.82 0.38
10 20 0.8 0.36
11 12 0.68 0.23
11 13 0.47 0.18
11 14 0.48 0.37
11 15 0.7 0.2
11 16 0.5 0.24
11 17 0.79 0.23
11 18 0.4 0.15
11 19 0.33 0.17
11 20 0.82 0.11
12 13 0.47 0.2
12 14 0.38 0.35
12 15 0.88 0.36
12 16 0.74 0.22
12 17 0.56 0.25
12 18 0.72 0.16
12 19 0.71 0.2
12 20 0.42 0.34
13 14 0.68 0.35
13 15 0.48 0.3
13 16 0.72 0.42
13 17 0.6 0.05
13 18 0.58 0.33
13 19 0.6 0.25
13 20 0.71 0.29
14 15 0.59 0.24
14 16 0.52 0.44
14 17 0.41 0.3
14 18 0.45 0.22
14 19 0.62 0.24
14 20 0.78 0.3
15 16 0.69 0.31
15 17 0.51 0.35
15 18 0.67 0.24
15 19 0.42 0.16
15 20 0.63 0.2
16 17 0.64 0.47
16 18 0.58 0.38
16 19 0.83 0.34
16 20 0.51 0.35
17 18 0.72 0.38
17 19 0.58 0.3
17 20 0.8 0.34
18 19 0.54 0.32
18 20 0.71 0.26
19 20 0.66 0.28
node_demand
0.033333335
0.23333333
0.2
0.06666667
0.1
0.23333333
0.23333333
0.1
0.2
0.16666667
0.2
0.13333334
0.3
0.1
0.16666667
0.2
0.2
0.2
0.16666667
0.16666667
