20
0 1 0.36 0.12
0 2 0.65 0.16
0 3 0.76 0.38
0 4 0.6 0.36
0 5 0.54 0.19
0 6 0.2 0.08
0 7 0.41 0.36
0 8 0.54 0.26
0 9 0.61 0.26
0 10 0.6 0.38
0 11 0.55 0.28
0 12 0.5 0.24
0 13 0.51 0.34
0 14 0.37 0.18
0 15 0.68 0.36
0 16 0.69 0.28
0 17 0.5 0.42
0 18 0.6 0.38
0 19 0.46 0.35
0 20 0.48 0.2
1 2 0.58 0.28
1 3 0.75 0.3
1 4 0.62 0.42
1 5 0.7 0.31
1 6 0.24 0.2
1 7 0.72 0.24
1 8 0.44 0.34
1 9 0.8 0.36
1 10 0.55 0.43
1 11 0.6 0.4
1 12 0.62 0.36
1 13 0.8 0.34
1 14 0.32 0.27
1 15 0.72 0.33
1 16 0.45 0.22
1 17 0.52 0.34
1 18 0.54 0.26
1 19 0.62 0.47
1 20 0.75 0.32
2 3 0.51 0.22
2 4 0.34 0.2
2 5 0.55 0.35
2 6 0.8 0.24
2 7 0.28 0.2
2 8 0.45 0.14
2 9 0.4 0.15
2 10 0.61 0.42
2 11 0.78 0.3
2 12 0.46 0.34
2 13 0.67 0.3
2 14 0.38 0.22
2 15 0.35 0.2
2 16 0.56 0.29
2 17 0.54 0.35
2 18 0.38 0.26
2 19 0.67 0.3
2 20 0.17 0.04
3 4 0.48 0.34
3 5 0.42 0.34
3 6 0.76 0.34
3 7 0.74 0.38
3 8 0.38 0.26
3 9 0.59 0.22
3 10 0.88 0.49
3 11 0.63 0.34
3 12 0.45 0.24
3 13 0.52 0.32
3 14 0.79 0.3
3 15 0.6 0.22
3 16 0.83 0.28
3 17 0.4 0.2
3 18 0.64 0.04
3 19 0.42 0.28
3 20 0.34 0.18
4 5 0.69 0.42
4 6 0.79 0.32
4 7 0.33 0.28
4 8 0.78 0.34
4 9 0.65 0.35
4 10 0.7 0.22
4 11 0.83 0.42
4 12 0.61 0.16
4 13 0.33 0.32
4 14 0.62 0.34
4 15 0.52 0.4
4 16 0.52 0.33
4 17 0.74 0.48
4 18 0.42 0.38
4 19 0.5 0.46
4 20 0.51 0.16
5 6 0.47 0.11
5 7 0.36 0.3
5 8 0.42 0.4
5 9 0.48 0.33
5 10 0.7 0.4
5 11 0.74 0.09
5 12 0.38 0.26
5 13 0.8 0.37
5 14 0.81 0.21
5 15 0.81 0.21
5 16 0.86 0.19
5 17 0.44 0.34
5 18 0.45 0.36
5 19 0.5 0.27
5 20 0.38 0.35
6 7 0.52 0.36
6 8 0.64 0.31
6 9 0.61 0.25
6 10 0.72 0.3
6 11 0.72 0.2
6 12 0.7 0.16
6 13 0.58 0.26
6 14 0.56 0.1
6 15 0.48 0.32
6 16 0.61 0.29
6 17 0.7 0.45
6 18 0.78 0.33
6 19 0.49 0.27
6 20 0.68 0.28
7 8 0.69 0.3
7 9 0.32 0.3
7 10 0.74 0.31
7 11 0.5 0.39
7 12 0.54 0.34
7 13 0.64 0.1
7 14 0.51 0.26
7 15 0.63 0.36
7 16 0.78 0.31
7 17 0.74 0.47
7 18 0.64 0.38
7 19 0.48 0.46
7 20 0.45 0.24
8 9 0.6 0.07
8 10 0.78 0.38
8 11 0.55 0.33
8 12 0.7 0.41
8 13 0.64 0.2
8 14 0.66 0.27
8 15 0.43 0.24
8 16 0.46 0.21
8 17 0.78 0.27
8 18 0.66 0.25
8 19 0.8 0.44
8 20 0.62 0.18
9 10 0.64 0.34
9 11 0.72 0.26
9 12 0.86 0.34
9 13 0.46 0.25
9 14 0.48 0.2
9 15 0.54 0.25
9 16 0.8 0.14
9 17 0.6 0.2
9 18 0.38 0.18
9 19 0.78 0.45
9 20 0.57 0.19
10 11 0.62 0.32
10 12 0.6 0.38
10 13 0.64 0.21
10 14 0.23 0.2
10 15 0.69 0.32
10 16 0.56 0.21
10 17 0.54 0.4
10 18 0.59 0.46
10 19 0.69 0.38
10 20 0.78 0.38
11 12 0.67 0.35
11 13 0.5 0.38
11 14 0.71 0.3
11 15 0.56 0.12
11 16 0.58 0.23
11 17 0.81 0.43
11 18 0.5 0.38
11 19 0.68 0.36
11 20 0.9 0.26
12 13 0.8 0.24
12 14 0.7 0.26
12 15 0.52 0.42
12 16 0.72 0.44
12 17 0.66 0.44
12 18 0.56 0.28
12 19 0.49 0.43
12 20 0.6 0.32
13 14 0.48 0.16
13 15 0.64 0.26
13 16 0.84 0.21
13 17 0.58 0.45
13 18 0.52 0.28
13 19 0.83 0.53
13 20 0.74 0.34
14 15 0.53 0.36
14 16 0.42 0.32
14 17 0.68 0.4
14 18 0.36 0.26
14 19 0.52 0.37
14 20 0.55 0.18
15 16 0.4 0.11
15 17 0.54 0.42
15 18 0.36 0.26
15 19 0.62 0.38
15 20 0.52 0.24
16 17 0.66 0.34
16 18 0.64 0.26
16 19 0.41 0.33
16 20 0.73 0.33
17 18 0.51 0.24
17 19 0.49 0.45
17 20 0.62 0.32
18 19 0.88 0.32
18 20 0.55 0.22
19 20 0.5 0.33
node_demand
0.3
0.26666668
0.23333333
0.033333335
0.23333333
0.13333334
0.23333333
0.23333333
0.16666667
0.06666667
0.16666667
0.2
0.3
0.16666667
0.23333333
0.033333335
0.26666668
0.16666667
0.033333335
0.23333333
