20
0 1 0.54 0.18
0 2 0.6 0.1
0 3 0.4 0.38
0 4 0.67 0.37
0 5 0.76 0.29
0 6 0.53 0.24
0 7 0.42 0.13
0 8 0.61 0.14
0 9 0.76 0.16
0 10 0.46 0.12
0 11 0.46 0.27
0 12 0.34 0.12
0 13 0.57 0.28
0 14 0.56 0.29
0 15 0.49 0.19
0 16 0.44 0.14
0 17 0.54 0.24
0 18 0.58 0.34
0 19 0.57 0.34
0 20 0.54 0.25
1 2 0.58 0.11
1 3 0.6 0.35
1 4 0.54 0.41
1 5 0.66 0.35
1 6 0.46 0.15
1 7 0.3 0.3
1 8 0.52 0.31
1 9 0.72 0.23
1 10 0.48 0.3
1 11 0.56 0.24
1 12 0.72 0.26
1 13 0.63 0.31
1 14 0.46 0.24
1 15 0.54 0.2
1 16 0.54 0.21
1 17 0.66 0.36
1 18 0.62 0.25
1 19 0.68 0.37
1 20 0.66 0.26
2 3 0.44 0.33
2 4 0.47 0.32
2 5 0.36 0.26
2 6 0.52 0.26
2 7 0.37 0.23
2 8 0.5 0.24
2 9 0.54 0.19
2 10 0.65 0.22
2 11 0.64 0.35
2 12 0.77 0.22
2 13 0.73 0.3
2 14 0.68 0.35
2 15 0.11 0.09
2 16 0.66 0.1
2 17 0.49 0.27
2 18 0.57 0.36
2 19 0.44 0.28
2 20 0.38 0.15
3 4 0.27 0.26
3 5 0.56 0.41
3 6 0.58 0.3
3 7 0.58 0.39
3 8 0.52 0.4
3 9 0.54 0.38
3 10 0.63 0.5
3 11 0.2 0.11
3 12 0.52 0.31
3 13 0.48 0.36
3 14 0.76 0.29
3 15 0.55 0.24
3 16 0.73 0.43
3 17 0.55 0.32
3 18 0.6 0.38
3 19 0.6 0.3
3 20 0.66 0.3
4 5 0.54 0.21
4 6 0.74 0.34
4 7 0.8 0.24
4 8 0.68 0.25
4 9 0.8 0.39
4 10 0.8 0.26
4 11 0.47 0.35
4 12 0.54 0.31
4 13 0.67 0.1
4 14 0.49 0.25
4 15 0.36 0.32
4 16 0.46 0.3
4 17 0.69 0.43
4 18 0.33 0.16
4 19 0.36 0.04
4 20 0.5 0.38
5 6 0.53 0.2
5 7 0.36 0.16
5 8 0.52 0.17
5 9 0.54 0.28
5 10 0.82 0.27
5 11 0.42 0.3
5 12 0.58 0.32
5 13 0.6 0.11
5 14 0.52 0.26
5 15 0.47 0.18
5 16 0.75 0.31
5 17 0.38 0.37
5 18 0.74 0.17
5 19 0.5 0.17
5 20 0.59 0.24
6 7 0.6 0.27
6 8 0.68 0.28
6 9 0.54 0.08
6 10 0.52 0.24
6 11 0.66 0.39
6 12 0.84 0.2
6 13 0.7 0.31
6 14 0.52 0.29
6 15 0.54 0.35
6 16 0.64 0.17
6 17 0.79 0.21
6 18 0.55 0.37
6 19 0.68 0.3
6 20 0.47 0.34
7 8 0.42 0.01
7 9 0.54 0.29
7 10 0.57 0.25
7 11 0.78 0.34
7 12 0.68 0.25
7 13 0.67 0.27
7 14 0.31 0.16
7 15 0.48 0.26
7 16 0.75 0.27
7 17 0.59 0.37
7 18 0.61 0.25
7 19 0.49 0.28
7 20 0.62 0.25
8 9 0.72 0.3
8 10 0.44 0.26
8 11 0.72 0.35
8 12 0.58 0.26
8 13 0.76 0.28
8 14 0.73 0.17
8 15 0.49 0.27
8 16 0.9 0.28
8 17 0.88 0.38
8 18 0.54 0.26
8 19 0.7 0.29
8 20 0.38 0.26
9 10 0.45 0.23
9 11 0.46 0.41
9 12 0.72 0.28
9 13 0.69 0.29
9 14 0.54 0.31
9 15 0.65 0.28
9 16 0.44 0.09
9 17 0.44 0.26
9 18 0.72 0.35
9 19 0.62 0.35
9 20 0.8 0.26
10 11 0.56 0.39
10 12 0.64 0.24
10 13 0.53 0.16
10 14 0.72 0.31
10 15 0.59 0.31
10 16 0.89 0.26
10 17 0.44 0.18
10 18 0.75 0.22
10 19 0.56 0.22
10 20 0.82 0.32
11 12 0.32 0.2
11 13 0.33 0.25
11 14 0.6 0.18
11 15 0.75 0.35
11 16 0.54 0.41
11 17 0.5 0.31
11 18 0.64 0.27
11 19 0.53 0.31
11 20 0.51 0.41
12 13 0.45 0.21
12 14 0.48 0.36
12 15 0.66 0.31
12 16 0.78 0.26
12 17 0.71 0.12
12 18 0.64 0.27
12 19 0.6 0.27
12 20 0.42 0.26
13 14 0.62 0.15
13 15 0.62 0.29
13 16 0.7 0.2
13 17 0.56 0.33
13 18 0.34 0.06
13 19 0.74 0.06
13 20 0.42 0.34
14 15 0.71 0.42
14 16 0.44 0.35
14 17 0.28 0.26
14 18 0.64 0.09
14 19 0.78 0.21
14 20 0.84 0.4
15 16 0.65 0.19
15 17 0.6 0.2
15 18 0.6 0.35
15 19 0.33 0.28
15 20 0.49 0.06
16 17 0.64 0.17
16 18 0.63 0.26
16 19 0.78 0.26
16 20 0.9 0.25
17 18 0.36 0.3
17 19 0.65 0.39
17 20 0.56 0.14
18 19 0.57 0.12
18 20 0.54 0.4
19 20 0.62 0.34
node_demand
0.26666668
0.2
0.26666668
0.033333335
0.1
0.26666668
0.3
0.23333333
0.26666668
0.16666667
0.16666667
0.16666667
0.26666668
0.033333335
0.2
0.26666668
0.06666667
0.26666668
0.23333333
0.033333335
