20
0 1 0.68 0.14
0 2 0.58 0.32
0 3 0.58 0.28
0 4 0.63 0.26
0 5 0.34 0.2
0 6 0.66 0.21
0 7 0.5 0.1
0 8 0.56 0.33
0 9 0.89 0.06
0 10 0.75 0.14
0 11 0.38 0.14
0 12 0.48 0.18
0 13 0.48 0.32
0 14 0.51 0.23
0 15 0.39 0.26
0 16 0.62 0.22
0 17 0.45 0.34
0 18 0.7 0.31
0 19 0.61 0.13
0 20 0.65 0.28
1 2 0.48 0.28
1 3 0.44 0.32
1 4 0.58 0.12
1 5 0.66 0.22
1 6 0.32 0.14
1 7 0.18 0.18
1 8 0.66 0.26
1 9 0.48 0.08
1 10 0.48 0.22
1 11 0.75 0.08
1 12 0.67 0.2
1 13 0.64 0.28
1 14 0.56 0.17
1 15 0.46 0.14
1 16 0.32 0.16
1 17 0.54 0.21
1 18 0.28 0.28
1 19 0.7 0.15
1 20 0.45 0.24
2 3 0.6 0.28
2 4 0.64 0.22
2 5 0.54 0.28
2 6 0.54 0.28
2 7 0.34 0.22
2 8 0.46 0.16
2 9 0.72 0.36
2 10 0.64 0.26
2 11 0.38 0.23
2 12 0.59 0.28
2 13 0.28 0.14
2 14 0.84 0.32
2 15 0.59 0.2
2 16 0.36 0.2
2 17 0.75 0.31
2 18 0.6 0.24
2 19 0.6 0.3
2 20 0.64 0.1
3 4 0.32 0.2
3 5 0.6 0.32
3 6 0.72 0.41
3 7 0.26 0.18
3 8 0.69 0.44
3 9 0.88 0.34
3 10 0.46 0.22
3 11 0.69 0.3
3 12 0.7 0.3
3 13 0.68 0.36
3 14 0.48 0.36
3 15 0.64 0.34
3 16 0.58 0.38
3 17 0.44 0.19
3 18 0.52 0.37
3 19 0.58 0.41
3 20 0.52 0.32
4 5 0.63 0.22
4 6 0.8 0.26
4 7 0.48 0.3
4 8 0.62 0.34
4 9 0.84 0.2
4 10 0.57 0.34
4 11 0.92 0.2
4 12 0.51 0.24
4 13 0.61 0.16
4 14 0.76 0.29
4 15 0.78 0.22
4 16 0.73 0.28
4 17 0.58 0.09
4 18 0.65 0.27
4 19 0.85 0.27
4 20 0.39 0.12
5 6 0.43 0.32
5 7 0.72 0.18
5 8 0.5 0.27
5 9 0.72 0.14
5 10 0.67 0.22
5 11 0.7 0.14
5 12 0.49 0.02
5 13 0.26 0.14
5 14 0.72 0.23
5 15 0.72 0.26
5 16 0.51 0.22
5 17 0.52 0.18
5 18 0.66 0.18
5 19 0.6 0.21
5 20 0.71 0.18
6 7 0.5 0.26
6 8 0.58 0.12
6 9 0.72 0.18
6 10 0.64 0.3
6 11 0.72 0.22
6 12 0.8 0.3
6 13 0.5 0.24
6 14 0.61 0.31
6 15 0.66 0.1
6 16 0.64 0.24
6 17 0.8 0.35
6 18 0.44 0.31
6 19 0.76 0.25
6 20 0.6 0.2
7 8 0.72 0.31
7 9 0.66 0.16
7 10 0.3 0.04
7 11 0.57 0.24
7 12 0.52 0.16
7 13 0.46 0.3
7 14 0.64 0.33
7 15 0.47 0.16
7 16 0.32 0.26
7 17 0.44 0.32
7 18 0.26 0.21
7 19 0.8 0.23
7 20 0.63 0.26
8 9 0.42 0.29
8 10 0.58 0.35
8 11 0.58 0.29
8 12 0.54 0.25
8 13 0.74 0.3
8 14 0.58 0.2
8 15 0.86 0.22
8 16 0.49 0.32
8 17 0.8 0.38
8 18 0.56 0.32
8 19 0.66 0.36
8 20 0.32 0.26
9 10 0.76 0.2
9 11 0.62 0.16
9 12 0.41 0.12
9 13 0.52 0.28
9 14 0.77 0.25
9 15 0.85 0.22
9 16 0.36 0.18
9 17 0.63 0.28
9 18 0.58 0.32
9 19 0.66 0.07
9 20 0.45 0.3
10 11 0.8 0.28
10 12 0.62 0.2
10 13 0.56 0.34
10 14 0.34 0.29
10 15 0.36 0.2
10 16 0.61 0.3
10 17 0.58 0.35
10 18 0.38 0.17
10 19 0.53 0.27
10 20 0.4 0.3
11 12 0.41 0.12
11 13 0.44 0.28
11 14 0.68 0.09
11 15 0.7 0.22
11 16 0.5 0.08
11 17 0.65 0.26
11 18 0.64 0.32
11 19 0.57 0.23
11 20 0.63 0.3
12 13 0.72 0.16
12 14 0.36 0.21
12 15 0.7 0.28
12 16 0.36 0.2
12 17 0.26 0.16
12 18 0.63 0.2
12 19 0.61 0.19
12 20 0.22 0.18
13 14 0.56 0.37
13 15 0.46 0.14
13 16 0.58 0.28
13 17 0.78 0.25
13 18 0.51 0.32
13 19 0.65 0.35
13 20 0.56 0.04
14 15 0.7 0.26
14 16 0.48 0.12
14 17 0.62 0.35
14 18 0.58 0.41
14 19 0.8 0.32
14 20 0.58 0.36
15 16 0.49 0.14
15 17 0.44 0.31
15 18 0.45 0.28
15 19 0.57 0.29
15 20 0.55 0.1
16 17 0.4 0.25
16 18 0.58 0.4
16 19 0.52 0.25
16 20 0.58 0.24
17 18 0.46 0.18
17 19 0.54 0.32
17 20 0.48 0.21
18 19 0.87 0.39
18 20 0.41 0.32
19 20 0.82 0.37
node_demand
0.033333335
0.23333333
0.23333333
0.033333335
0.1
0.2
0.13333334
0.26666668
0.26666668
0.033333335
0.2
0.1
0.16666667
0.13333334
0.16666667
0.23333333
0.1
0.1
0.13333334
0.13333334
