20
0 1 0.62 0.26
0 2 0.6 0.12
0 3 0.3 0.12
0 4 0.68 0.19
0 5 0.64 0.23
0 6 0.86 0.34
0 7 0.5 0.26
0 8 0.72 0.29
0 9 0.84 0.3
0 10 0.64 0.33
0 11 0.66 0.14
0 12 0.56 0.26
0 13 0.56 0.23
0 14 0.83 0.1
0 15 0.78 0.16
0 16 0.53 0.38
0 17 0.67 0.06
0 18 0.46 0.1
0 19 0.48 0.18
0 20 0.6 0.12
1 2 0.48 0.32
1 3 0.61 0.21
1 4 0.54 0.25
1 5 0.52 0.32
1 6 0.72 0.42
1 7 0.73 0.32
1 8 0.76 0.32
1 9 0.4 0.3
1 10 0.76 0.18
1 11 0.25 0.12
1 12 0.46 0.29
1 13 0.56 0.29
1 14 0.74 0.25
1 15 0.53 0.2
1 16 0.49 0.26
1 17 0.53 0.21
1 18 0.69 0.16
1 19 0.6 0.24
1 20 0.64 0.38
2 3 0.71 0.24
2 4 0.67 0.24
2 5 0.37 0.24
2 6 0.61 0.46
2 7 0.32 0.17
2 8 0.78 0.41
2 9 0.56 0.31
2 10 0.8 0.36
2 11 0.73 0.26
2 12 0.68 0.38
2 13 0.44 0.26
2 14 0.81 0.22
2 15 0.78 0.28
2 16 0.67 0.45
2 17 0.46 0.18
2 18 0.52 0.22
2 19 0.47 0.3
2 20 0.56 0.24
3 4 0.56 0.22
3 5 0.62 0.11
3 6 0.56 0.27
3 7 0.77 0.29
3 8 0.68 0.41
3 9 0.84 0.4
3 10 0.34 0.23
3 11 0.36 0.09
3 12 0.72 0.27
3 13 0.69 0.24
3 14 0.71 0.22
3 15 0.48 0.25
3 16 0.5 0.41
3 17 0.64 0.18
3 18 0.74 0.13
3 19 0.38 0.21
3 20 0.64 0.24
4 5 0.66 0.25
4 6 0.58 0.41
4 7 0.6 0.07
4 8 0.61 0.32
4 9 0.78 0.21
4 10 0.64 0.28
4 11 0.64 0.13
4 12 0.62 0.25
4 13 0.51 0.04
4 14 0.66 0.17
4 15 0.66 0.19
4 16 0.25 0.25
4 17 0.83 0.13
4 18 0.4 0.09
4 19 0.2 0.15
4 20 0.58 0.3
5 6 0.6 0.34
5 7 0.69 0.32
5 8 0.54 0.46
5 9 0.69 0.37
5 10 0.66 0.34
5 11 0.46 0.2
5 12 0.43 0.22
5 13 0.66 0.29
5 14 0.44 0.27
5 15 0.61 0.3
5 16 0.57 0.32
5 17 0.68 0.23
5 18 0.26 0.18
5 19 0.62 0.26
5 20 0.76 0.35
6 7 0.56 0.34
6 8 0.6 0.44
6 9 0.4 0.36
6 10 0.33 0.3
6 11 0.48 0.3
6 12 0.84 0.22
6 13 0.79 0.42
6 14 0.66 0.24
6 15 0.58 0.3
6 16 0.52 0.24
6 17 0.56 0.28
6 18 0.69 0.33
6 19 0.54 0.26
6 20 0.86 0.46
7 8 0.49 0.39
7 9 0.6 0.14
7 10 0.54 0.21
7 11 0.48 0.2
7 12 0.64 0.32
7 13 0.74 0.11
7 14 0.67 0.24
7 15 0.71 0.26
7 16 0.35 0.28
7 17 0.37 0.2
7 18 0.75 0.16
7 19 0.65 0.22
7 20 0.8 0.37
8 9 0.52 0.42
8 10 0.48 0.28
8 11 0.6 0.32
8 12 0.59 0.4
8 13 0.72 0.28
8 14 0.52 0.27
8 15 0.48 0.28
8 16 0.36 0.24
8 17 0.32 0.23
8 18 0.76 0.28
8 19 0.46 0.24
8 20 0.66 0.41
9 10 0.65 0.26
9 11 0.48 0.33
9 12 0.44 0.41
9 13 0.44 0.25
9 14 0.34 0.2
9 15 0.65 0.34
9 16 0.82 0.42
9 17 0.76 0.24
9 18 0.64 0.29
9 19 0.75 0.36
9 20 0.66 0.42
10 11 0.51 0.3
10 12 0.66 0.46
10 13 0.7 0.32
10 14 0.56 0.31
10 15 0.56 0.27
10 16 0.74 0.44
10 17 0.4 0.27
10 18 0.52 0.31
10 19 0.44 0.23
10 20 0.58 0.36
11 12 0.44 0.18
11 13 0.62 0.17
11 14 0.82 0.13
11 15 0.64 0.16
11 16 0.58 0.38
11 17 0.28 0.09
11 18 0.58 0.04
11 19 0.54 0.12
11 20 0.45 0.26
12 13 0.78 0.29
12 14 0.78 0.25
12 15 0.64 0.28
12 16 0.85 0.46
12 17 0.67 0.21
12 18 0.23 0.16
12 19 0.59 0.24
12 20 0.38 0.36
13 14 0.64 0.21
13 15 0.58 0.2
13 16 0.43 0.29
13 17 0.51 0.17
13 18 0.64 0.13
13 19 0.31 0.16
13 20 0.88 0.34
14 15 0.65 0.14
14 16 0.74 0.36
14 17 0.63 0.04
14 18 0.62 0.09
14 19 0.46 0.17
14 20 0.4 0.22
15 16 0.54 0.32
15 17 0.68 0.1
15 18 0.62 0.12
15 19 0.46 0.04
15 20 0.59 0.28
16 17 0.68 0.32
16 18 0.62 0.34
16 19 0.3 0.28
16 20 0.64 0.3
17 18 0.44 0.05
17 19 0.63 0.13
17 20 0.73 0.18
18 19 0.36 0.08
18 20 0.54 0.22
19 20 0.67 0.3
node_demand
0.06666667
0.033333335
0.26666668
0.2
0.2
0.2
0.06666667
0.2
0.16666667
0.16666667
0.13333334
0.1
0.06666667
0.23333333
0.26666668
0.26666668
0.3
0.2
0.26666668
0.23333333
