20
0 1 0.46 0.3
0 2 0.64 0.42
0 3 0.82 0.4
0 4 0.74 0.28
0 5 0.59 0.43
0 6 0.72 0.44
0 7 0.69 0.4
0 8 0.52 0.3
0 9 0.59 0.34
0 10 0.62 0.34
0 11 0.8 0.25
0 12 0.71 0.42
0 13 0.75 0.42
0 14 0.42 0.34
0 15 0.46 0.36
0 16 0.74 0.39
0 17 0.84 0.18
0 18 0.72 0.26
0 19 0.66 0.26
0 20 0.59 0.41
1 2 0.74 0.36
1 3 0.77 0.22
1 4 0.81 0.15
1 5 0.73 0.28
1 6 0.77 0.26
1 7 0.23 0.16
1 8 0.45 0.32
1 9 0.89 0.12
1 10 0.74 0.21
1 11 0.72 0.3
1 12 0.51 0.25
1 13 0.59 0.29
1 14 0.57 0.33
1 15 0.65 0.27
1 16 0.46 0.2
1 17 0.66 0.12
1 18 0.62 0.04
1 19 0.58 0.08
1 20 0.71 0.28
2 3 0.64 0.38
2 4 0.54 0.43
2 5 0.7 0.36
2 6 0.54 0.45
2 7 0.71 0.34
2 8 0.52 0.44
2 9 0.51 0.29
2 10 0.49 0.2
2 11 0.72 0.36
2 12 0.45 0.2
2 13 0.66 0.4
2 14 0.27 0.08
2 15 0.65 0.28
2 16 0.5 0.24
2 17 0.62 0.34
2 18 0.66 0.32
2 19 0.61 0.38
2 20 0.46 0.32
3 4 0.7 0.24
3 5 0.76 0.45
3 6 0.62 0.38
3 7 0.54 0.38
3 8 0.34 0.1
3 9 0.62 0.22
3 10 0.62 0.3
3 11 0.44 0.36
3 12 0.63 0.25
3 13 0.56 0.1
3 14 0.78 0.3
3 15 0.46 0.33
3 16 0.86 0.42
3 17 0.36 0.22
3 18 0.67 0.26
3 19 0.72 0.14
3 20 0.76 0.4
4 5 0.22 0.21
4 6 0.74 0.16
4 7 0.68 0.31
4 8 0.36 0.23
4 9 0.72 0.19
4 10 0.54 0.28
4 11 0.48 0.41
4 12 0.66 0.32
4 13 0.6 0.14
4 14 0.58 0.39
4 15 0.56 0.34
4 16 0.58 0.27
4 17 0.66 0.19
4 18 0.39 0.11
4 19 0.82 0.23
4 20 0.57 0.36
5 6 0.52 0.2
5 7 0.5 0.14
5 8 0.42 0.38
5 9 0.57 0.31
5 10 0.57 0.22
5 11 0.7 0.47
5 12 0.56 0.28
5 13 0.76 0.35
5 14 0.51 0.28
5 15 0.73 0.19
5 16 0.8 0.4
5 17 0.56 0.25
5 18 0.61 0.24
5 19 0.66 0.36
5 20 0.49 0.36
6 7 0.54 0.34
6 8 0.68 0.39
6 9 0.66 0.16
6 10 0.66 0.25
6 11 0.58 0.51
6 12 0.49 0.28
6 13 0.62 0.3
6 14 0.48 0.37
6 15 0.54 0.18
6 16 0.6 0.35
6 17 0.72 0.3
6 18 0.68 0.22
6 19 0.8 0.3
6 20 0.38 0.26
7 8 0.67 0.42
7 9 0.7 0.27
7 10 0.52 0.36
7 11 0.68 0.4
7 12 0.28 0.14
7 13 0.36 0.32
7 14 0.74 0.42
7 15 0.47 0.33
7 16 0.63 0.36
7 17 0.43 0.22
7 18 0.46 0.2
7 19 0.73 0.24
7 20 0.56 0.22
8 9 0.83 0.32
8 10 0.8 0.38
8 11 0.78 0.46
8 12 0.72 0.35
8 13 0.78 0.2
8 14 0.79 0.4
8 15 0.8 0.3
8 16 0.56 0.48
8 17 0.56 0.31
8 18 0.66 0.32
8 19 0.66 0.24
8 20 0.91 0.5
9 10 0.22 0.09
9 11 0.76 0.38
9 12 0.7 0.13
9 13 0.61 0.24
9 14 0.44 0.21
9 15 0.38 0.17
9 16 0.5 0.24
9 17 0.27 0.16
9 18 0.52 0.08
9 19 0.64 0.2
9 20 0.28 0.24
10 11 0.67 0.38
10 12 0.66 0.22
10 13 0.77 0.2
10 14 0.22 0.12
10 15 0.16 0.08
10 16 0.28 0.22
10 17 0.49 0.16
10 18 0.47 0.17
10 19 0.42 0.24
10 20 0.5 0.33
11 12 0.4 0.26
11 13 0.74 0.34
11 14 0.45 0.28
11 15 0.63 0.41
11 16 0.66 0.36
11 17 0.8 0.22
11 18 0.54 0.3
11 19 0.37 0.22
11 20 0.48 0.25
12 13 0.52 0.34
12 14 0.67 0.28
12 15 0.5 0.3
12 16 0.54 0.32
12 17 0.53 0.24
12 18 0.42 0.21
12 19 0.61 0.33
12 20 0.78 0.15
13 14 0.55 0.32
13 15 0.62 0.28
13 16 0.58 0.41
13 17 0.38 0.32
13 18 0.76 0.25
13 19 0.86 0.24
13 20 0.38 0.32
14 15 0.38 0.2
14 16 0.49 0.16
14 17 0.42 0.26
14 18 0.65 0.29
14 19 0.58 0.3
14 20 0.66 0.4
15 16 0.4 0.28
15 17 0.65 0.24
15 18 0.59 0.25
15 19 0.26 0.19
15 20 0.62 0.41
16 17 0.57 0.21
16 18 0.19 0.16
16 19 0.66 0.28
16 20 0.57 0.47
17 18 0.38 0.08
17 19 0.7 0.2
17 20 0.55 0.26
18 19 0.84 0.12
18 20 0.76 0.32
19 20 0.48 0.36
node_demand
0.13333334
0.033333335
0.2
0.1
0.13333334
0.26666668
0.033333335
0.033333335
0.23333333
0.26666668
0.033333335
0.1
0.26666668
0.23333333
0.2
0.2
0.23333333
0.16666667
0.23333333
0.23333333
