20
0 1 0.75 0.39
0 2 0.62 0.28
0 3 0.45 0.2
0 4 0.62 0.24
0 5 0.58 0.16
0 6 0.62 0.18
0 7 0.48 0.37
0 8 0.63 0.16
0 9 0.54 0.33
0 10 0.6 0.23
0 11 0.6 0.21
0 12 0.72 0.28
0 13 0.8 0.31
0 14 0.48 0.27
0 15 0.74 0.15
0 16 0.22 0.11
0 17 0.46 0.1
0 18 0.54 0.24
0 19 0.76 0.32
0 20 0.42 0.27
1 2 0.59 0.22
1 3 0.3 0.19
1 4 0.72 0.31
1 5 0.56 0.39
1 6 0.73 0.3
1 7 0.54 0.17
1 8 0.5 0.34
1 9 0.46 0.32
1 10 0.58 0.29
1 11 0.38 0.31
1 12 0.74 0.42
1 13 0.52 0.44
1 14 0.5 0.41
1 15 0.7 0.32
1 16 0.53 0.28
1 17 0.53 0.33
1 18 0.54 0.16
1 19 0.74 0.22
1 20 0.72 0.3
2 3 0.51 0.14
2 4 0.69 0.3
2 5 0.42 0.24
2 6 0.54 0.26
2 7 0.46 0.35
2 8 0.6 0.24
2 9 0.38 0.24
2 10 0.7 0.24
2 11 0.66 0.36
2 12 0.4 0.34
2 13 0.72 0.4
2 14 0.63 0.37
2 15 0.56 0.24
2 16 0.7 0.23
2 17 0.41 0.18
2 18 0.48 0.18
2 19 0.55 0.3
2 20 0.62 0.22
3 4 0.6 0.28
3 5 0.66 0.2
3 6 0.6 0.18
3 7 0.74 0.21
3 8 0.64 0.2
3 9 0.55 0.2
3 10 0.28 0.1
3 11 0.68 0.22
3 12 0.44 0.26
3 13 0.58 0.29
3 14 0.49 0.25
3 15 0.72 0.13
3 16 0.23 0.09
3 17 0.67 0.14
3 18 0.46 0.04
3 19 0.44 0.16
3 20 0.49 0.11
4 5 0.44 0.2
4 6 0.46 0.22
4 7 0.8 0.39
4 8 0.42 0.18
4 9 0.72 0.37
4 10 0.4 0.27
4 11 0.48 0.34
4 12 0.62 0.36
4 13 0.63 0.29
4 14 0.57 0.33
4 15 0.46 0.23
4 16 0.56 0.19
4 17 0.28 0.14
4 18 0.37 0.24
4 19 0.66 0.34
4 20 0.66 0.31
5 6 0.22 0.14
5 7 0.56 0.23
5 8 0.46 0.12
5 9 0.67 0.29
5 10 0.72 0.19
5 11 0.62 0.27
5 12 0.82 0.28
5 13 0.53 0.28
5 14 0.6 0.24
5 15 0.62 0.15
5 16 0.76 0.11
5 17 0.32 0.06
5 18 0.48 0.24
5 19 0.22 0.18
5 20 0.42 0.23
6 7 0.34 0.24
6 8 0.53 0.06
6 9 0.65 0.15
6 10 0.5 0.21
6 11 0.49 0.29
6 12 0.6 0.24
6 13 0.6 0.3
6 14 0.63 0.11
6 15 0.73 0.16
6 16 0.6 0.13
6 17 0.36 0.08
6 18 0.26 0.22
6 19 0.44 0.22
6 20 0.2 0.09
7 8 0.64 0.21
7 9 0.8 0.21
7 10 0.48 0.21
7 11 0.65 0.32
7 12 0.71 0.31
7 13 0.61 0.32
7 14 0.29 0.26
7 15 0.67 0.33
7 16 0.55 0.3
7 17 0.58 0.27
7 18 0.6 0.22
7 19 0.54 0.05
7 20 0.54 0.26
8 9 0.75 0.21
8 10 0.43 0.19
8 11 0.64 0.27
8 12 0.5 0.28
8 13 0.68 0.28
8 14 0.52 0.17
8 15 0.71 0.15
8 16 0.56 0.11
8 17 0.29 0.06
8 18 0.51 0.18
8 19 0.24 0.16
8 20 0.72 0.15
9 10 0.32 0.28
9 11 0.73 0.37
9 12 0.54 0.1
9 13 0.72 0.36
9 14 0.58 0.23
9 15 0.8 0.2
9 16 0.32 0.22
9 17 0.6 0.23
9 18 0.52 0.16
9 19 0.64 0.16
9 20 0.45 0.24
10 11 0.41 0.12
10 12 0.54 0.35
10 13 0.42 0.28
10 14 0.63 0.32
10 15 0.6 0.2
10 16 0.38 0.18
10 17 0.45 0.13
10 18 0.46 0.14
10 19 0.58 0.26
10 20 0.7 0.21
11 12 0.5 0.27
11 13 0.66 0.36
11 14 0.36 0.3
11 15 0.48 0.2
11 16 0.59 0.16
11 17 0.42 0.21
11 18 0.55 0.22
11 19 0.4 0.3
11 20 0.52 0.33
12 13 0.46 0.37
12 14 0.42 0.13
12 15 0.28 0.21
12 16 0.67 0.17
12 17 0.7 0.22
12 18 0.66 0.26
12 19 0.74 0.26
12 20 0.4 0.32
13 14 0.56 0.36
13 15 0.18 0.16
13 16 0.8 0.2
13 17 0.6 0.22
13 18 0.34 0.28
13 19 0.72 0.37
13 20 0.74 0.39
14 15 0.38 0.2
14 16 0.26 0.16
14 17 0.64 0.19
14 18 0.4 0.29
14 19 0.38 0.31
14 20 0.52 0.2
15 16 0.64 0.04
15 17 0.42 0.09
15 18 0.5 0.17
15 19 0.54 0.28
15 20 0.61 0.24
16 17 0.44 0.05
16 18 0.58 0.13
16 19 0.62 0.25
16 20 0.64 0.2
17 18 0.56 0.18
17 19 0.53 0.22
17 20 0.56 0.17
18 19 0.62 0.17
18 20 0.46 0.15
19 20 0.54 0.27
node_demand
0.2
0.033333335
0.23333333
0.16666667
0.13333334
0.033333335
0.2
0.23333333
0.23333333
0.13333334
0.13333334
0.23333333
0.06666667
0.2
0.13333334
0.1
0.1
0.033333335
0.16666667
0.3
