20
0 1 0.66 0.35
0 2 0.36 0.28
0 3 0.51 0.22
0 4 0.79 0.3
0 5 0.58 0.15
0 6 0.42 0.09
0 7 0.72 0.28
0 8 0.54 0.18
0 9 0.6 0.09
0 10 0.5 0.25
0 11 0.61 0.45
0 12 0.83 0.23
0 13 0.52 0.36
0 14 0.73 0.14
0 15 0.57 0.25
0 16 0.76 0.25
0 17 0.62 0.2
0 18 0.56 0.31
0 19 0.78 0.24
0 20 0.5 0.31
1 2 0.67 0.34
1 3 0.56 0.17
1 4 0.72 0.32
1 5 0.51 0.26
1 6 0.62 0.31
1 7 0.74 0.22
1 8 0.88 0.28
1 9 0.44 0.28
1 10 0.52 0.15
1 11 0.62 0.3
1 12 0.38 0.14
1 13 0.59 0.2
1 14 0.35 0.24
1 15 0.74 0.23
1 16 0.48 0.18
1 17 0.26 0.15
1 18 0.68 0.38
1 19 0.46 0.26
1 20 0.44 0.12
2 3 0.2 0.18
2 4 0.57 0.39
2 5 0.76 0.29
2 6 0.65 0.37
2 7 0.56 0.27
2 8 0.39 0.18
2 9 0.54 0.23
2 10 0.52 0.22
2 11 0.64 0.4
2 12 0.48 0.33
2 13 0.54 0.34
2 14 0.64 0.23
2 15 0.28 0.27
2 16 0.49 0.28
2 17 0.66 0.19
2 18 0.84 0.36
2 19 0.43 0.08
2 20 0.62 0.34
3 4 0.48 0.22
3 5 0.69 0.23
3 6 0.5 0.2
3 7 0.49 0.1
3 8 0.56 0.32
3 9 0.34 0.26
3 10 0.47 0.27
3 11 0.64 0.34
3 12 0.68 0.16
3 13 0.74 0.18
3 14 0.62 0.26
3 15 0.48 0.25
3 16 0.29 0.1
3 17 0.64 0.02
3 18 0.64 0.39
3 19 0.44 0.13
3 20 0.58 0.16
4 5 0.21 0.16
4 6 0.37 0.24
4 7 0.69 0.3
4 8 0.58 0.42
4 9 0.82 0.21
4 10 0.6 0.3
4 11 0.32 0.21
4 12 0.57 0.18
4 13 0.6 0.33
4 14 0.6 0.16
4 15 0.29 0.24
4 16 0.63 0.29
4 17 0.56 0.22
4 18 0.58 0.32
4 19 0.58 0.33
4 20 0.45 0.35
5 6 0.58 0.14
5 7 0.58 0.27
5 8 0.58 0.33
5 9 0.78 0.06
5 10 0.64 0.3
5 11 0.49 0.35
5 12 0.68 0.2
5 13 0.54 0.34
5 14 0.74 0.11
5 15 0.5 0.29
5 16 0.42 0.13
5 17 0.7 0.22
5 18 0.37 0.16
5 19 0.7 0.21
5 20 0.66 0.19
6 7 0.51 0.26
6 8 0.58 0.27
6 9 0.58 0.18
6 10 0.54 0.16
6 11 0.6 0.36
6 12 0.67 0.25
6 13 0.64 0.34
6 14 0.42 0.23
6 15 0.65 0.16
6 16 0.48 0.16
6 17 0.54 0.18
6 18 0.41 0.3
6 19 0.44 0.29
6 20 0.68 0.22
7 8 0.67 0.29
7 9 0.37 0.21
7 10 0.65 0.33
7 11 0.58 0.42
7 12 0.52 0.22
7 13 0.85 0.24
7 14 0.43 0.16
7 15 0.66 0.31
7 16 0.34 0.2
7 17 0.53 0.08
7 18 0.62 0.38
7 19 0.42 0.19
7 20 0.5 0.24
8 9 0.64 0.27
8 10 0.52 0.3
8 11 0.58 0.34
8 12 0.83 0.38
8 13 0.52 0.46
8 14 0.76 0.32
8 15 0.67 0.32
8 16 0.85 0.22
8 17 0.85 0.32
8 18 0.66 0.42
8 19 0.68 0.26
8 20 0.65 0.16
9 10 0.28 0.27
9 11 0.8 0.36
9 12 0.74 0.14
9 13 0.48 0.3
9 14 0.42 0.05
9 15 0.64 0.23
9 16 0.41 0.19
9 17 0.66 0.26
9 18 0.78 0.22
9 19 0.67 0.15
9 20 0.59 0.25
10 11 0.56 0.21
10 12 0.87 0.29
10 13 0.6 0.35
10 14 0.7 0.32
10 15 0.6 0.32
10 16 0.52 0.28
10 17 0.78 0.25
10 18 0.74 0.45
10 19 0.39 0.14
10 20 0.65 0.27
11 12 0.48 0.29
11 13 0.64 0.45
11 14 0.6 0.37
11 15 0.47 0.2
11 16 0.56 0.24
11 17 0.36 0.34
11 18 0.52 0.4
11 19 0.36 0.32
11 20 0.6 0.18
12 13 0.35 0.16
12 14 0.5 0.19
12 15 0.36 0.09
12 16 0.66 0.24
12 17 0.57 0.14
12 18 0.6 0.36
12 19 0.5 0.25
12 20 0.33 0.22
13 14 0.57 0.35
13 15 0.56 0.25
13 16 0.64 0.28
13 17 0.78 0.16
13 18 0.82 0.5
13 19 0.71 0.27
13 20 0.68 0.32
14 15 0.76 0.28
14 16 0.77 0.24
14 17 0.61 0.24
14 18 0.74 0.27
14 19 0.61 0.2
14 20 0.78 0.3
15 16 0.74 0.32
15 17 0.72 0.23
15 18 0.62 0.45
15 19 0.46 0.34
15 20 0.55 0.31
16 17 0.66 0.12
16 18 0.5 0.29
16 19 0.73 0.23
16 20 0.42 0.06
17 18 0.71 0.38
17 19 0.55 0.11
17 20 0.24 0.16
18 19 0.58 0.37
18 20 0.59 0.26
19 20 0.79 0.27
node_demand
0.26666668
0.1
0.033333335
0.2
0.26666668
0.13333334
0.16666667
0.06666667
0.06666667
0.1
0.3
0.23333333
0.13333334
0.23333333
0.26666668
0.26666668
0.13333334
0.13333334
0.1
0.033333335
