20
0 1 0.58 0.14
0 2 0.7 0.25
0 3 0.72 0.31
0 4 0.5 0.19
0 5 0.61 0.29
0 6 0.39 0.28
0 7 0.58 0.42
0 8 0.36 0.08
0 9 0.55 0.22
0 10 0.72 0.3
0 11 0.66 0.22
0 12 0.59 0.29
0 13 0.67 0.32
0 14 0.68 0.34
0 15 0.43 0.28
0 16 0.82 0.2
0 17 0.63 0.29
0 18 0.56 0.26
0 19 0.78 0.26
0 20 0.54 0.47
1 2 0.43 0.11
1 3 0.65 0.3
1 4 0.46 0.33
1 5 0.54 0.37
1 6 0.76 0.22
1 7 0.64 0.28
1 8 0.48 0.15
1 9 0.52 0.08
1 10 0.42 0.26
1 11 0.54 0.24
1 12 0.58 0.24
1 13 0.5 0.18
1 14 0.58 0.2
1 15 0.56 0.28
1 16 0.74 0.28
1 17 0.54 0.26
1 18 0.68 0.16
1 19 0.63 0.12
1 20 0.56 0.35
2 3 0.64 0.2
2 4 0.52 0.26
2 5 0.32 0.26
2 6 0.68 0.31
2 7 0.56 0.28
2 8 0.45 0.26
2 9 0.52 0.19
2 10 0.73 0.21
2 11 0.48 0.13
2 12 0.36 0.19
2 13 0.48 0.18
2 14 0.85 0.3
2 15 0.54 0.35
2 16 0.8 0.17
2 17 0.46 0.19
2 18 0.76 0.27
2 19 0.36 0.01
2 20 0.49 0.24
3 4 0.52 0.12
3 5 0.54 0.25
3 6 0.57 0.32
3 7 0.88 0.26
3 8 0.74 0.33
3 9 0.56 0.22
3 10 0.62 0.26
3 11 0.55 0.33
3 12 0.74 0.28
3 13 0.46 0.32
3 14 0.4 0.1
3 15 0.72 0.17
3 16 0.35 0.16
3 17 0.75 0.22
3 18 0.65 0.23
3 19 0.62 0.21
3 20 0.48 0.39
4 5 0.52 0.34
4 6 0.32 0.2
4 7 0.66 0.24
4 8 0.46 0.21
4 9 0.56 0.28
4 10 0.84 0.22
4 11 0.78 0.28
4 12 0.82 0.32
4 13 0.68 0.24
4 14 0.77 0.22
4 15 0.6 0.26
4 16 0.87 0.28
4 17 0.68 0.1
4 18 0.73 0.33
4 19 0.52 0.27
4 20 0.66 0.28
5 6 0.36 0.3
5 7 0.42 0.38
5 8 0.46 0.26
5 9 0.74 0.36
5 10 0.61 0.24
5 11 0.59 0.32
5 12 0.64 0.37
5 13 0.66 0.3
5 14 0.62 0.24
5 15 0.36 0.16
5 16 0.51 0.09
5 17 0.26 0.24
5 18 0.55 0.37
5 19 0.46 0.25
5 20 0.81 0.38
6 7 0.48 0.26
6 8 0.58 0.3
6 9 0.38 0.14
6 10 0.52 0.32
6 11 0.56 0.36
6 12 0.56 0.3
6 13 0.36 0.18
6 14 0.77 0.26
6 15 0.6 0.24
6 16 0.66 0.39
6 17 0.48 0.3
6 18 0.41 0.22
6 19 0.77 0.32
6 20 0.68 0.26
7 8 0.83 0.39
7 9 0.86 0.28
7 10 0.5 0.24
7 11 0.34 0.25
7 12 0.66 0.26
7 13 0.6 0.1
7 14 0.58 0.16
7 15 0.54 0.24
7 16 0.72 0.31
7 17 0.22 0.14
7 18 0.74 0.29
7 19 0.51 0.29
7 20 0.62 0.32
8 9 0.66 0.23
8 10 0.66 0.22
8 11 0.49 0.14
8 12 0.74 0.21
8 13 0.58 0.32
8 14 0.4 0.28
8 15 0.38 0.2
8 16 0.46 0.23
8 17 0.64 0.3
8 18 0.71 0.31
8 19 0.61 0.27
8 20 0.7 0.42
9 10 0.56 0.34
9 11 0.52 0.31
9 12 0.45 0.32
9 13 0.74 0.26
9 14 0.78 0.12
9 15 0.55 0.2
9 16 0.46 0.32
9 17 0.7 0.18
9 18 0.77 0.08
9 19 0.72 0.2
9 20 0.42 0.28
10 11 0.42 0.08
10 12 0.66 0.4
10 13 0.59 0.14
10 14 0.54 0.36
10 15 0.78 0.4
10 16 0.76 0.33
10 17 0.6 0.26
10 18 0.73 0.31
10 19 0.68 0.22
10 20 0.36 0.2
11 12 0.56 0.32
11 13 0.64 0.18
11 14 0.62 0.36
11 15 0.54 0.34
11 16 0.58 0.3
11 17 0.56 0.18
11 18 0.4 0.23
11 19 0.72 0.14
11 20 0.69 0.28
12 13 0.82 0.36
12 14 0.5 0.38
12 15 0.56 0.38
12 16 0.44 0.32
12 17 0.44 0.22
12 18 0.63 0.4
12 19 0.52 0.18
12 20 0.3 0.24
13 14 0.6 0.26
13 15 0.78 0.3
13 16 0.4 0.21
13 17 0.52 0.14
13 18 0.63 0.26
13 19 0.54 0.19
13 20 0.64 0.32
14 15 0.6 0.08
14 16 0.5 0.24
14 17 0.8 0.24
14 18 0.38 0.13
14 19 0.65 0.3
14 20 0.5 0.3
15 16 0.41 0.25
15 17 0.6 0.16
15 18 0.76 0.21
15 19 0.6 0.34
15 20 0.79 0.22
16 17 0.58 0.28
16 18 0.62 0.37
16 19 0.49 0.16
16 20 0.69 0.39
17 18 0.81 0.26
17 19 0.29 0.18
17 20 0.6 0.18
18 19 0.88 0.28
18 20 0.69 0.36
19 20 0.5 0.23
node_demand
0.1
0.13333334
0.16666667
0.2
0.16666667
0.13333334
0.033333335
0.2
0.06666667
0.033333335
0.26666668
0.1
0.16666667
0.1
0.06666667
0.033333335
0.16666667
0.23333333
0.13333334
0.26666668
