20
0 1 0.55 0.26
0 2 0.59 0.35
0 3 0.59 0.2
0 4 0.4 0.32
0 5 0.76 0.08
0 6 0.64 0.2
0 7 0.66 0.23
0 8 0.66 0.36
0 9 0.48 0.2
0 10 0.25 0.21
0 11 0.48 0.32
0 12 0.3 0.16
0 13 0.68 0.26
0 14 0.64 0.32
0 15 0.48 0.27
0 16 0.84 0.34
0 17 0.64 0.29
0 18 0.6 0.34
0 19 0.65 0.29
0 20 0.61 0.28
1 2 0.74 0.11
1 3 0.76 0.29
1 4 0.28 0.19
1 5 0.39 0.24
1 6 0.5 0.2
1 7 0.62 0.17
1 8 0.5 0.22
1 9 0.64 0.06
1 10 0.3 0.15
1 11 0.62 0.07
1 12 0.68 0.22
1 13 0.42 0.12
1 14 0.7 0.26
1 15 0.7 0.21
1 16 0.72 0.2
1 17 0.68 0.22
1 18 0.56 0.3
1 19 0.61 0.16
1 20 0.74 0.2
2 3 0.55 0.18
2 4 0.71 0.3
2 5 0.51 0.35
2 6 0.67 0.3
2 7 0.74 0.26
2 8 0.72 0.33
2 9 0.7 0.16
2 10 0.6 0.24
2 11 0.64 0.18
2 12 0.6 0.22
2 13 0.78 0.23
2 14 0.9 0.34
2 15 0.42 0.3
2 16 0.66 0.31
2 17 0.57 0.32
2 18 0.54 0.3
2 19 0.54 0.06
2 20 0.9 0.26
3 4 0.72 0.32
3 5 0.68 0.28
3 6 0.54 0.2
3 7 0.48 0.25
3 8 0.34 0.28
3 9 0.68 0.34
3 10 0.79 0.27
3 11 0.79 0.26
3 12 0.48 0.3
3 13 0.69 0.2
3 14 0.6 0.26
3 15 0.3 0.21
3 16 0.63 0.28
3 17 0.76 0.29
3 18 0.69 0.36
3 19 0.74 0.24
3 20 0.64 0.39
4 5 0.67 0.39
4 6 0.78 0.35
4 7 0.59 0.13
4 8 0.76 0.28
4 9 0.72 0.25
4 10 0.54 0.11
4 11 0.41 0.24
4 12 0.56 0.22
4 13 0.6 0.18
4 14 0.51 0.16
4 15 0.42 0.11
4 16 0.58 0.26
4 17 0.4 0.03
4 18 0.5 0.3
4 19 0.63 0.35
4 20 0.73 0.19
5 6 0.38 0.17
5 7 0.48 0.31
5 8 0.61 0.34
5 9 0.42 0.28
5 10 0.69 0.29
5 11 0.47 0.31
5 12 0.72 0.24
5 13 0.72 0.34
5 14 0.78 0.4
5 15 0.74 0.35
5 16 0.45 0.28
5 17 0.46 0.36
5 18 0.58 0.41
5 19 0.68 0.37
5 20 0.48 0.2
6 7 0.63 0.33
6 8 0.26 0.22
6 9 0.43 0.14
6 10 0.56 0.35
6 11 0.72 0.27
6 12 0.66 0.34
6 13 0.65 0.24
6 14 0.79 0.41
6 15 0.48 0.37
6 16 0.38 0.16
6 17 0.7 0.32
6 18 0.48 0.3
6 19 0.69 0.24
6 20 0.56 0.34
7 8 0.68 0.26
7 9 0.2 0.19
7 10 0.47 0.02
7 11 0.46 0.18
7 12 0.68 0.15
7 13 0.62 0.16
7 14 0.3 0.09
7 15 0.56 0.04
7 16 0.3 0.2
7 17 0.46 0.1
7 18 0.52 0.34
7 19 0.44 0.26
7 20 0.32 0.26
8 9 0.69 0.21
8 10 0.58 0.24
8 11 0.56 0.16
8 12 0.64 0.2
8 13 0.39 0.1
8 14 0.68 0.28
8 15 0.64 0.23
8 16 0.56 0.06
8 17 0.72 0.25
8 18 0.5 0.08
8 19 0.8 0.31
8 20 0.63 0.29
9 10 0.67 0.21
9 11 0.66 0.13
9 12 0.73 0.28
9 13 0.59 0.18
9 14 0.5 0.28
9 15 0.62 0.23
9 16 0.5 0.26
9 17 0.59 0.28
9 18 0.72 0.29
9 19 0.26 0.1
9 20 0.52 0.26
10 11 0.54 0.2
10 12 0.55 0.17
10 13 0.56 0.14
10 14 0.4 0.11
10 15 0.49 0.06
10 16 0.66 0.22
10 17 0.67 0.08
10 18 0.58 0.32
10 19 0.58 0.24
10 20 0.68 0.24
11 12 0.56 0.16
11 13 0.37 0.06
11 14 0.61 0.27
11 15 0.6 0.22
11 16 0.56 0.14
11 17 0.79 0.21
11 18 0.69 0.24
11 19 0.54 0.23
11 20 0.49 0.13
12 13 0.78 0.1
12 14 0.55 0.16
12 15 0.18 0.11
12 16 0.54 0.18
12 17 0.72 0.19
12 18 0.57 0.28
12 19 0.62 0.28
12 20 0.76 0.29
13 14 0.85 0.25
13 15 0.66 0.2
13 16 0.76 0.08
13 17 0.42 0.15
13 18 0.32 0.18
13 19 0.64 0.28
13 20 0.6 0.19
14 15 0.7 0.05
14 16 0.56 0.29
14 17 0.76 0.13
14 18 0.8 0.35
14 19 0.74 0.31
14 20 0.55 0.28
15 16 0.72 0.24
15 17 0.6 0.08
15 18 0.39 0.3
15 19 0.57 0.26
15 20 0.78 0.24
16 17 0.7 0.23
16 18 0.74 0.14
16 19 0.46 0.34
16 20 0.62 0.27
17 18 0.54 0.33
17 19 0.79 0.32
17 20 0.33 0.16
18 19 0.6 0.24
18 20 0.68 0.37
19 20 0.76 0.2
node_demand
0.2
0.033333335
0.06666667
0.1
0.13333334
0.3
0.3
0.2
0.23333333
0.06666667
0.26666668
0.1
0.3
0.23333333
0.033333335
0.16666667
0.033333335
0.3
0.16666667
0.033333335
