20
0 1 0.38 0.2
0 2 0.52 0.25
0 3 0.38 0.06
0 4 0.62 0.16
0 5 0.76 0.27
0 6 0.46 0.26
0 7 0.52 0.33
0 8 0.67 0.14
0 9 0.57 0.3
0 10 0.38 0.26
0 11 0.3 0.17
0 12 0.4 0.28
0 13 0.64 0.12
0 14 0.56 0.17
0 15 0.39 0.19
0 16 0.28 0.2
0 17 0.79 0.36
0 18 0.46 0.06
0 19 0.38 0.25
0 20 0.63 0.12
1 2 0.76 0.3
1 3 0.34 0.14
1 4 0.58 0.2
1 5 0.6 0.22
1 6 0.44 0.06
1 7 0.42 0.16
1 8 0.49 0.16
1 9 0.39 0.2
1 10 0.66 0.28
1 11 0.68 0.19
1 12 0.41 0.22
1 13 0.61 0.14
1 14 0.42 0.18
1 15 0.58 0.24
1 16 0.1 0.08
1 17 0.7 0.36
1 18 0.54 0.26
1 19 0.2 0.13
1 20 0.52 0.2
2 3 0.42 0.28
2 4 0.38 0.26
2 5 0.78 0.36
2 6 0.54 0.24
2 7 0.8 0.19
2 8 0.51 0.33
2 9 0.86 0.22
2 10 0.67 0.5
2 11 0.5 0.26
2 12 0.84 0.38
2 13 0.56 0.31
2 14 0.8 0.32
2 15 0.51 0.06
2 16 0.66 0.32
2 17 0.84 0.26
2 18 0.57 0.19
2 19 0.58 0.31
2 20 0.56 0.22
3 4 0.46 0.1
3 5 0.7 0.21
3 6 0.7 0.2
3 7 0.46 0.27
3 8 0.6 0.08
3 9 0.52 0.24
3 10 0.73 0.27
3 11 0.66 0.11
3 12 0.5 0.22
3 13 0.75 0.06
3 14 0.76 0.11
3 15 0.53 0.22
3 16 0.24 0.16
3 17 0.72 0.3
3 18 0.52 0.12
3 19 0.34 0.21
3 20 0.29 0.06
4 5 0.45 0.12
4 6 0.58 0.26
4 7 0.5 0.24
4 8 0.64 0.18
4 9 0.62 0.3
4 10 0.76 0.29
4 11 0.7 0.21
4 12 0.5 0.12
4 13 0.56 0.16
4 14 0.88 0.18
4 15 0.64 0.2
4 16 0.68 0.18
4 17 0.54 0.26
4 18 0.42 0.16
4 19 0.72 0.23
4 20 0.75 0.04
5 6 0.54 0.28
5 7 0.8 0.35
5 8 0.38 0.16
5 9 0.79 0.26
5 10 0.56 0.17
5 11 0.62 0.23
5 12 0.58 0.24
5 13 0.44 0.18
5 14 0.54 0.1
5 15 0.56 0.3
5 16 0.5 0.14
5 17 0.68 0.38
5 18 0.52 0.28
5 19 0.6 0.19
5 20 0.7 0.16
6 7 0.3 0.1
6 8 0.72 0.22
6 9 0.75 0.19
6 10 0.44 0.28
6 11 0.4 0.25
6 12 0.48 0.28
6 13 0.32 0.2
6 14 0.72 0.24
6 15 0.32 0.18
6 16 0.46 0.14
6 17 0.58 0.3
6 18 0.84 0.2
6 19 0.5 0.19
6 20 0.49 0.22
7 8 0.5 0.31
7 9 0.52 0.09
7 10 0.54 0.38
7 11 0.59 0.24
7 12 0.63 0.35
7 13 0.62 0.29
7 14 0.64 0.31
7 15 0.62 0.25
7 16 0.32 0.21
7 17 0.28 0.27
7 18 0.67 0.3
7 19 0.22 0.18
7 20 0.68 0.21
8 9 0.68 0.23
8 10 0.79 0.19
8 11 0.47 0.07
8 12 0.66 0.3
8 13 0.67 0.02
8 14 0.54 0.16
8 15 0.6 0.27
8 16 0.39 0.24
8 17 0.52 0.34
8 18 0.66 0.18
8 19 0.29 0.28
8 20 0.6 0.14
9 10 0.85 0.32
9 11 0.8 0.26
9 12 0.58 0.26
9 13 0.54 0.21
9 14 0.81 0.22
9 15 0.56 0.16
9 16 0.29 0.12
9 17 0.74 0.36
9 18 0.52 0.29
9 19 0.39 0.17
9 20 0.32 0.26
10 11 0.68 0.24
10 12 0.78 0.34
10 13 0.56 0.21
10 14 0.64 0.27
10 15 0.64 0.44
10 16 0.56 0.2
10 17 0.58 0.4
10 18 0.82 0.32
10 19 0.66 0.25
10 20 0.64 0.33
11 12 0.46 0.24
11 13 0.34 0.05
11 14 0.6 0.19
11 15 0.38 0.2
11 16 0.58 0.27
11 17 0.54 0.38
11 18 0.53 0.23
11 19 0.68 0.3
11 20 0.58 0.17
12 13 0.76 0.28
12 14 0.62 0.24
12 15 0.67 0.32
12 16 0.31 0.14
12 17 0.78 0.14
12 18 0.75 0.28
12 19 0.41 0.19
12 20 0.73 0.16
13 14 0.4 0.14
13 15 0.64 0.25
13 16 0.51 0.22
13 17 0.64 0.36
13 18 0.52 0.18
13 19 0.52 0.27
13 20 0.81 0.12
14 15 0.6 0.26
14 16 0.52 0.1
14 17 0.62 0.38
14 18 0.56 0.23
14 19 0.42 0.15
14 20 0.84 0.17
15 16 0.48 0.28
15 17 0.79 0.32
15 18 0.58 0.13
15 19 0.51 0.26
15 20 0.24 0.16
16 17 0.6 0.28
16 18 0.44 0.26
16 19 0.1 0.05
16 20 0.42 0.14
17 18 0.46 0.32
17 19 0.5 0.33
17 20 0.88 0.24
18 19 0.52 0.31
18 20 0.81 0.12
19 20 0.52 0.19
node_demand
0.1
0.3
0.3
0.1
0.13333334
0.033333335
0.2
0.26666668
0.13333334
0.06666667
0.13333334
0.23333333
0.06666667
0.033333335
0.3
0.13333334
0.3
0.16666667
0.1
0.26666668
