20
0 1 0.68 0.16
0 2 0.75 0.42
0 3 0.75 0.25
0 4 0.8 0.38
0 5 0.64 0.22
0 6 0.6 0.37
0 7 0.46 0.36
0 8 0.6 0.2
0 9 0.24 0.22
0 10 0.29 0.28
0 11 0.48 0.2
0 12 0.62 0.28
0 13 0.48 0.12
0 14 0.67 0.1
0 15 0.73 0.39
0 16 0.63 0.38
0 17 0.46 0.42
0 18 0.46 0.32
0 19 0.36 0.24
0 20 0.6 0.28
1 2 0.55 0.38
1 3 0.73 0.26
1 4 0.68 0.22
1 5 0.62 0.22
1 6 0.67 0.28
1 7 0.68 0.22
1 8 0.72 0.06
1 9 0.87 0.08
1 10 0.79 0.18
1 11 0.38 0.04
1 12 0.54 0.16
1 13 0.7 0.28
1 14 0.41 0.16
1 15 0.38 0.24
1 16 0.57 0.26
1 17 0.6 0.3
1 18 0.54 0.24
1 19 0.63 0.12
1 20 0.64 0.16
2 3 0.5 0.22
2 4 0.52 0.33
2 5 0.56 0.28
2 6 0.38 0.1
2 7 0.49 0.34
2 8 0.58 0.34
2 9 0.59 0.4
2 10 0.46 0.3
2 11 0.66 0.36
2 12 0.72 0.26
2 13 0.45 0.3
2 14 0.66 0.37
2 15 0.78 0.37
2 16 0.41 0.16
2 17 0.56 0.38
2 18 0.62 0.24
2 19 0.6 0.3
2 20 0.47 0.26
3 4 0.58 0.3
3 5 0.11 0.06
3 6 0.15 0.12
3 7 0.62 0.12
3 8 0.59 0.2
3 9 0.77 0.26
3 10 0.54 0.08
3 11 0.36 0.22
3 12 0.58 0.3
3 13 0.38 0.16
3 14 0.71 0.15
3 15 0.68 0.25
3 16 0.54 0.24
3 17 0.39 0.26
3 18 0.39 0.26
3 19 0.61 0.26
3 20 0.47 0.3
4 5 0.69 0.24
4 6 0.66 0.35
4 7 0.7 0.42
4 8 0.54 0.2
4 9 0.65 0.3
4 10 0.8 0.32
4 11 0.4 0.18
4 12 0.52 0.16
4 13 0.46 0.34
4 14 0.5 0.3
4 15 0.34 0.23
4 16 0.5 0.26
4 17 0.45 0.42
4 18 0.56 0.38
4 19 0.65 0.2
4 20 0.26 0.16
5 6 0.26 0.18
5 7 0.73 0.18
5 8 0.48 0.26
5 9 0.66 0.3
5 10 0.52 0.14
5 11 0.47 0.24
5 12 0.6 0.28
5 13 0.48 0.1
5 14 0.6 0.21
5 15 0.68 0.19
5 16 0.6 0.2
5 17 0.28 0.2
5 18 0.5 0.32
5 19 0.7 0.32
5 20 0.58 0.28
6 7 0.56 0.24
6 8 0.56 0.28
6 9 0.68 0.3
6 10 0.55 0.2
6 11 0.51 0.26
6 12 0.56 0.19
6 13 0.53 0.28
6 14 0.64 0.27
6 15 0.56 0.3
6 16 0.45 0.26
6 17 0.52 0.38
6 18 0.24 0.14
6 19 0.75 0.23
6 20 0.53 0.19
7 8 0.68 0.28
7 9 0.22 0.14
7 10 0.68 0.17
7 11 0.68 0.26
7 12 0.55 0.33
7 13 0.54 0.28
7 14 0.68 0.27
7 15 0.36 0.22
7 16 0.69 0.33
7 17 0.79 0.38
7 18 0.46 0.2
7 19 0.7 0.34
7 20 0.68 0.33
8 9 0.76 0.14
8 10 0.38 0.12
8 11 0.34 0.02
8 12 0.64 0.1
8 13 0.58 0.28
8 14 0.58 0.1
8 15 0.56 0.21
8 16 0.72 0.2
8 17 0.76 0.3
8 18 0.32 0.2
8 19 0.59 0.06
8 20 0.7 0.1
9 10 0.46 0.18
9 11 0.72 0.12
9 12 0.7 0.24
9 13 0.72 0.34
9 14 0.46 0.24
9 15 0.55 0.28
9 16 0.62 0.29
9 17 0.7 0.38
9 18 0.44 0.16
9 19 0.54 0.2
9 20 0.58 0.24
10 11 0.5 0.14
10 12 0.9 0.22
10 13 0.77 0.24
10 14 0.38 0.22
10 15 0.46 0.33
10 16 0.34 0.16
10 17 0.66 0.34
10 18 0.7 0.29
10 19 0.65 0.18
10 20 0.7 0.22
11 12 0.79 0.12
11 13 0.32 0.3
11 14 0.79 0.12
11 15 0.67 0.2
11 16 0.53 0.22
11 17 0.7 0.28
11 18 0.65 0.2
11 19 0.25 0.08
11 20 0.66 0.12
12 13 0.51 0.18
12 14 0.54 0.2
12 15 0.44 0.11
12 16 0.78 0.1
12 17 0.65 0.26
12 18 0.32 0.22
12 19 0.54 0.04
12 20 0.3 0.0
13 14 0.84 0.22
13 15 0.7 0.29
13 16 0.67 0.28
13 17 0.76 0.3
13 18 0.42 0.4
13 19 0.57 0.22
13 20 0.6 0.18
14 15 0.79 0.31
14 16 0.5 0.3
14 17 0.42 0.39
14 18 0.53 0.3
14 19 0.68 0.16
14 20 0.7 0.2
15 16 0.54 0.21
15 17 0.56 0.19
15 18 0.32 0.24
15 19 0.7 0.15
15 20 0.47 0.11
16 17 0.32 0.22
16 18 0.65 0.13
16 19 0.78 0.14
16 20 0.76 0.1
17 18 0.76 0.35
17 19 0.75 0.3
17 20 0.58 0.26
18 19 0.52 0.26
18 20 0.6 0.22
19 20 0.52 0.04
node_demand
0.26666668
0.1
0.3
0.2
0.26666668
0.1
0.26666668
0.13333334
0.3
0.06666667
0.2
0.13333334
0.06666667
0.16666667
0.23333333
0.3
0.2
0.2
0.033333335
0.16666667
