20
0 1 0.78 0.3
0 2 0.68 0.37
0 3 0.38 0.2
0 4 0.4 0.16
0 5 0.32 0.12
0 6 0.78 0.28
0 7 0.45 0.26
0 8 0.46 0.34
0 9 0.58 0.37
0 10 0.74 0.38
0 11 0.74 0.28
0 12 0.64 0.22
0 13 0.5 0.33
0 14 0.64 0.23
0 15 0.79 0.27
0 16 0.28 0.2
0 17 0.62 0.18
0 18 0.74 0.4
0 19 0.36 0.32
0 20 0.47 0.26
1 2 0.5 0.22
1 3 0.4 0.1
1 4 0.7 0.14
1 5 0.74 0.4
1 6 0.46 0.35
1 7 0.86 0.3
1 8 0.58 0.27
1 9 0.58 0.4
1 10 0.73 0.4
1 11 0.72 0.32
1 12 0.6 0.39
1 13 0.81 0.4
1 14 0.63 0.26
1 15 0.8 0.22
1 16 0.66 0.22
1 17 0.78 0.34
1 18 0.52 0.26
1 19 0.76 0.44
1 20 0.34 0.29
2 3 0.66 0.32
2 4 0.49 0.36
2 5 0.36 0.25
2 6 0.72 0.24
2 7 0.64 0.39
2 8 0.5 0.33
2 9 0.76 0.41
2 10 0.47 0.4
2 11 0.57 0.24
2 12 0.78 0.35
2 13 0.52 0.28
2 14 0.7 0.27
2 15 0.3 0.23
2 16 0.5 0.42
2 17 0.46 0.34
2 18 0.5 0.46
2 19 0.46 0.41
2 20 0.6 0.3
3 4 0.6 0.04
3 5 0.7 0.3
3 6 0.46 0.25
3 7 0.6 0.2
3 8 0.84 0.37
3 9 0.72 0.3
3 10 0.76 0.3
3 11 0.48 0.22
3 12 0.55 0.29
3 13 0.8 0.3
3 14 0.34 0.16
3 15 0.52 0.12
3 16 0.66 0.12
3 17 0.6 0.24
3 18 0.76 0.28
3 19 0.72 0.34
3 20 0.52 0.19
4 5 0.37 0.26
4 6 0.55 0.21
4 7 0.26 0.16
4 8 0.76 0.41
4 9 0.52 0.28
4 10 0.62 0.26
4 11 0.62 0.18
4 12 0.59 0.25
4 13 0.44 0.26
4 14 0.54 0.2
4 15 0.6 0.16
4 16 0.44 0.08
4 17 0.8 0.2
4 18 0.42 0.24
4 19 0.63 0.38
4 20 0.76 0.23
5 6 0.8 0.25
5 7 0.35 0.14
5 8 0.58 0.22
5 9 0.88 0.26
5 10 0.56 0.26
5 11 0.42 0.38
5 12 0.48 0.1
5 13 0.43 0.3
5 14 0.56 0.29
5 15 0.48 0.31
5 16 0.6 0.32
5 17 0.79 0.3
5 18 0.74 0.38
5 19 0.27 0.24
5 20 0.68 0.32
6 7 0.5 0.27
6 8 0.7 0.21
6 9 0.56 0.24
6 10 0.4 0.2
6 11 0.86 0.13
6 12 0.58 0.15
6 13 0.4 0.05
6 14 0.52 0.1
6 15 0.84 0.14
6 16 0.88 0.29
6 17 0.78 0.1
6 18 0.3 0.22
6 19 0.61 0.28
6 20 0.8 0.21
7 8 0.66 0.26
7 9 0.78 0.12
7 10 0.36 0.24
7 11 0.42 0.3
7 12 0.62 0.24
7 13 0.7 0.22
7 14 0.69 0.26
7 15 0.34 0.24
7 16 0.7 0.24
7 17 0.6 0.36
7 18 0.54 0.32
7 19 0.62 0.38
7 20 0.9 0.31
8 9 0.69 0.14
8 10 0.3 0.28
8 11 0.85 0.24
8 12 0.73 0.28
8 13 0.32 0.16
8 14 0.61 0.28
8 15 0.45 0.32
8 16 0.59 0.36
8 17 0.35 0.28
8 18 0.62 0.34
8 19 0.68 0.4
8 20 0.48 0.28
9 10 0.46 0.16
9 11 0.74 0.37
9 12 0.57 0.33
9 13 0.45 0.29
9 14 0.46 0.14
9 15 0.8 0.18
9 16 0.78 0.36
9 17 0.72 0.34
9 18 0.39 0.2
9 19 0.78 0.4
9 20 0.24 0.23
10 11 0.55 0.33
10 12 0.49 0.3
10 13 0.58 0.25
10 14 0.89 0.28
10 15 0.7 0.24
10 16 0.53 0.34
10 17 0.65 0.22
10 18 0.5 0.36
10 19 0.38 0.37
10 20 0.7 0.24
11 12 0.85 0.28
11 13 0.69 0.08
11 14 0.73 0.23
11 15 0.5 0.27
11 16 0.82 0.26
11 17 0.75 0.23
11 18 0.7 0.34
11 19 0.69 0.28
11 20 0.52 0.34
12 13 0.81 0.2
12 14 0.75 0.19
12 15 0.76 0.23
12 16 0.54 0.26
12 17 0.6 0.25
12 18 0.66 0.28
12 19 0.72 0.34
12 20 0.33 0.22
13 14 0.62 0.15
13 15 0.62 0.19
13 16 0.78 0.34
13 17 0.52 0.15
13 18 0.4 0.26
13 19 0.52 0.33
13 20 0.65 0.26
14 15 0.63 0.04
14 16 0.36 0.28
14 17 0.26 0.2
14 18 0.55 0.32
14 19 0.52 0.26
14 20 0.7 0.11
15 16 0.55 0.24
15 17 0.4 0.24
15 18 0.8 0.36
15 19 0.56 0.22
15 20 0.56 0.07
16 17 0.62 0.28
16 18 0.82 0.32
16 19 0.62 0.46
16 20 0.54 0.31
17 18 0.8 0.32
17 19 0.52 0.18
17 20 0.6 0.31
18 19 0.47 0.22
18 20 0.61 0.43
19 20 0.66 0.29
node_demand
0.23333333
0.13333334
0.2
0.13333334
0.13333334
0.06666667
0.033333335
0.06666667
0.23333333
0.3
0.3
0.13333334
0.06666667
0.06666667
0.3
0.033333335
0.06666667
0.2
0.23333333
0.13333334
