20
0 1 0.34 0.32
0 2 0.54 0.41
0 3 0.67 0.4
0 4 0.6 0.32
0 5 0.67 0.29
0 6 0.7 0.4
0 7 0.67 0.42
0 8 0.62 0.36
0 9 0.58 0.26
0 10 0.31 0.24
0 11 0.5 0.44
0 12 0.55 0.34
0 13 0.12 0.08
0 14 0.54 0.2
0 15 0.66 0.34
0 16 0.57 0.26
0 17 0.38 0.26
0 18 0.5 0.15
0 19 0.56 0.32
0 20 0.52 0.26
1 2 0.42 0.28
1 3 0.58 0.3
1 4 0.56 0.26
1 5 0.5 0.14
1 6 0.36 0.24
1 7 0.42 0.22
1 8 0.86 0.43
1 9 0.64 0.17
1 10 0.58 0.32
1 11 0.4 0.26
1 12 0.75 0.31
1 13 0.46 0.34
1 14 0.82 0.22
1 15 0.57 0.2
1 16 0.74 0.48
1 17 0.69 0.28
1 18 0.54 0.31
1 19 0.22 0.16
1 20 0.46 0.2
2 3 0.56 0.36
2 4 0.68 0.39
2 5 0.57 0.31
2 6 0.62 0.38
2 7 0.65 0.36
2 8 0.66 0.38
2 9 0.74 0.28
2 10 0.56 0.28
2 11 0.56 0.3
2 12 0.53 0.18
2 13 0.65 0.36
2 14 0.49 0.24
2 15 0.56 0.48
2 16 0.7 0.42
2 17 0.74 0.45
2 18 0.6 0.42
2 19 0.2 0.12
2 20 0.68 0.33
3 4 0.71 0.27
3 5 0.49 0.19
3 6 0.64 0.3
3 7 0.51 0.32
3 8 0.44 0.22
3 9 0.8 0.16
3 10 0.55 0.36
3 11 0.8 0.42
3 12 0.76 0.3
3 13 0.55 0.32
3 14 0.8 0.2
3 15 0.43 0.26
3 16 0.96 0.42
3 17 0.54 0.18
3 18 0.51 0.3
3 19 0.36 0.24
3 20 0.42 0.3
4 5 0.76 0.14
4 6 0.79 0.18
4 7 0.2 0.16
4 8 0.78 0.22
4 9 0.5 0.11
4 10 0.3 0.18
4 11 0.56 0.24
4 12 0.53 0.25
4 13 0.48 0.32
4 14 0.62 0.3
4 15 0.64 0.26
4 16 0.62 0.42
4 17 0.6 0.18
4 18 0.57 0.25
4 19 0.48 0.27
4 20 0.37 0.06
5 6 0.48 0.28
5 7 0.56 0.26
5 8 0.71 0.29
5 9 0.65 0.03
5 10 0.72 0.27
5 11 0.5 0.29
5 12 0.39 0.17
5 13 0.55 0.24
5 14 0.52 0.31
5 15 0.73 0.34
5 16 0.54 0.4
5 17 0.87 0.32
5 18 0.48 0.17
5 19 0.64 0.19
5 20 0.76 0.2
6 7 0.78 0.02
6 8 0.5 0.4
6 9 0.56 0.29
6 10 0.74 0.24
6 11 0.76 0.22
6 12 0.65 0.34
6 13 0.66 0.32
6 14 0.46 0.2
6 15 0.46 0.2
6 16 0.5 0.24
6 17 0.58 0.28
6 18 0.6 0.39
6 19 0.48 0.32
6 20 0.61 0.24
7 8 0.58 0.38
7 9 0.59 0.27
7 10 0.38 0.22
7 11 0.58 0.24
7 12 0.44 0.32
7 13 0.59 0.34
7 14 0.42 0.22
7 15 0.76 0.22
7 16 0.7 0.26
7 17 0.8 0.26
7 18 0.68 0.41
7 19 0.64 0.34
7 20 0.57 0.22
8 9 0.66 0.32
8 10 0.93 0.3
8 11 0.81 0.32
8 12 0.48 0.2
8 13 0.5 0.28
8 14 0.68 0.4
8 15 0.54 0.43
8 16 0.67 0.2
8 17 0.72 0.4
8 18 0.38 0.32
8 19 0.74 0.3
8 20 0.55 0.28
9 10 0.36 0.24
9 11 0.47 0.26
9 12 0.38 0.14
9 13 0.46 0.21
9 14 0.69 0.28
9 15 0.76 0.37
9 16 0.76 0.38
9 17 0.48 0.29
9 18 0.5 0.14
9 19 0.72 0.16
9 20 0.66 0.17
10 11 0.6 0.22
10 12 0.48 0.1
10 13 0.43 0.28
10 14 0.54 0.16
10 15 0.5 0.34
10 16 0.53 0.33
10 17 0.64 0.36
10 18 0.81 0.35
10 19 0.46 0.28
10 20 0.67 0.24
11 12 0.85 0.12
11 13 0.62 0.4
11 14 0.45 0.28
11 15 0.61 0.36
11 16 0.37 0.28
11 17 0.5 0.28
11 18 0.47 0.4
11 19 0.62 0.28
11 20 0.66 0.18
12 13 0.43 0.35
12 14 0.64 0.26
12 15 0.56 0.42
12 16 0.54 0.24
12 17 0.68 0.34
12 18 0.58 0.28
12 19 0.73 0.3
12 20 0.83 0.22
13 14 0.66 0.12
13 15 0.78 0.34
13 16 0.69 0.21
13 17 0.5 0.26
13 18 0.46 0.07
13 19 0.68 0.24
13 20 0.64 0.29
14 15 0.9 0.4
14 16 0.47 0.33
14 17 0.62 0.38
14 18 0.68 0.19
14 19 0.69 0.12
14 20 0.72 0.33
15 16 0.78 0.42
15 17 0.28 0.08
15 18 0.6 0.41
15 19 0.6 0.36
15 20 0.51 0.2
16 17 0.82 0.47
16 18 0.6 0.26
16 19 0.82 0.45
16 20 0.6 0.46
17 18 0.57 0.33
17 19 0.56 0.33
17 20 0.23 0.12
18 19 0.4 0.3
18 20 0.34 0.26
19 20 0.68 0.21
node_demand
0.3
0.13333334
0.2
0.1
0.06666667
0.26666668
0.2
0.1
0.033333335
0.23333333
0.26666668
0.13333334
0.1
0.2
0.23333333
0.06666667
0.033333335
0.3
0.033333335
0.16666667
