20
0 1 0.37 0.31
0 2 0.56 0.2
0 3 0.7 0.33
0 4 0.34 0.16
0 5 0.58 0.33
0 6 0.6 0.34
0 7 0.68 0.25
0 8 0.62 0.22
0 9 0.42 0.3
0 10 0.62 0.26
0 11 0.75 0.25
0 12 0.41 0.36
0 13 0.7 0.24
0 14 0.58 0.18
0 15 0.63 0.34
0 16 0.38 0.16
0 17 0.47 0.26
0 18 0.68 0.3
0 19 0.82 0.26
0 20 0.88 0.33
1 2 0.69 0.24
1 3 0.67 0.22
1 4 0.64 0.2
1 5 0.21 0.11
1 6 0.63 0.27
1 7 0.68 0.29
1 8 0.28 0.14
1 9 0.58 0.22
1 10 0.6 0.26
1 11 0.52 0.2
1 12 0.32 0.07
1 13 0.44 0.2
1 14 0.51 0.13
1 15 0.33 0.1
1 16 0.5 0.34
1 17 0.52 0.21
1 18 0.56 0.08
1 19 0.45 0.24
1 20 0.82 0.22
2 3 0.75 0.21
2 4 0.46 0.04
2 5 0.54 0.29
2 6 0.62 0.37
2 7 0.34 0.05
2 8 0.56 0.1
2 9 0.55 0.22
2 10 0.49 0.14
2 11 0.76 0.13
2 12 0.37 0.18
2 13 0.49 0.12
2 14 0.48 0.21
2 15 0.64 0.22
2 16 0.83 0.24
2 17 0.71 0.24
2 18 0.45 0.18
2 19 0.37 0.24
2 20 0.51 0.21
3 4 0.4 0.17
3 5 0.53 0.25
3 6 0.56 0.26
3 7 0.83 0.24
3 8 0.54 0.23
3 9 0.76 0.12
3 10 0.74 0.16
3 11 0.44 0.08
3 12 0.72 0.2
3 13 0.5 0.2
3 14 0.48 0.16
3 15 0.34 0.18
3 16 0.77 0.18
3 17 0.73 0.24
3 18 0.58 0.3
3 19 0.44 0.08
3 20 0.4 0.0
4 5 0.52 0.25
4 6 0.58 0.33
4 7 0.76 0.09
4 8 0.52 0.06
4 9 0.46 0.25
4 10 0.43 0.1
4 11 0.79 0.09
4 12 0.5 0.22
4 13 0.73 0.08
4 14 0.71 0.17
4 15 0.65 0.18
4 16 0.56 0.28
4 17 0.46 0.2
4 18 0.86 0.14
4 19 0.72 0.25
4 20 0.54 0.17
5 6 0.42 0.24
5 7 0.86 0.34
5 8 0.49 0.25
5 9 0.37 0.31
5 10 0.81 0.33
5 11 0.69 0.17
5 12 0.53 0.18
5 13 0.48 0.17
5 14 0.38 0.15
5 15 0.54 0.07
5 16 0.64 0.36
5 17 0.63 0.21
5 18 0.62 0.19
5 19 0.64 0.31
5 20 0.66 0.25
6 7 0.52 0.42
6 8 0.63 0.27
6 9 0.64 0.32
6 10 0.76 0.38
6 11 0.68 0.34
6 12 0.86 0.34
6 13 0.8 0.4
6 14 0.61 0.39
6 15 0.65 0.31
6 16 0.22 0.18
6 17 0.54 0.41
6 18 0.48 0.19
6 19 0.71 0.28
6 20 0.74 0.26
7 8 0.61 0.15
7 9 0.5 0.27
7 10 0.59 0.19
7 11 0.78 0.18
7 12 0.58 0.23
7 13 0.6 0.17
7 14 0.6 0.26
7 15 0.6 0.27
7 16 0.74 0.29
7 17 0.49 0.29
7 18 0.52 0.23
7 19 0.59 0.29
7 20 0.7 0.24
8 9 0.56 0.31
8 10 0.53 0.16
8 11 0.44 0.15
8 12 0.6 0.21
8 13 0.7 0.14
8 14 0.74 0.22
8 15 0.5 0.24
8 16 0.78 0.34
8 17 0.49 0.14
8 18 0.46 0.08
8 19 0.68 0.31
8 20 0.87 0.23
9 10 0.71 0.28
9 11 0.33 0.16
9 12 0.5 0.15
9 13 0.38 0.18
9 14 0.75 0.2
9 15 0.42 0.24
9 16 0.79 0.14
9 17 0.84 0.28
9 18 0.59 0.3
9 19 0.7 0.04
9 20 0.64 0.12
10 11 0.38 0.19
10 12 0.5 0.32
10 13 0.54 0.18
10 14 0.47 0.2
10 15 0.62 0.28
10 16 0.58 0.34
10 17 0.22 0.12
10 18 0.47 0.24
10 19 0.66 0.24
10 20 0.57 0.16
11 12 0.83 0.22
11 13 0.71 0.17
11 14 0.72 0.08
11 15 0.6 0.1
11 16 0.46 0.26
11 17 0.6 0.16
11 18 0.5 0.23
11 19 0.56 0.16
11 20 0.63 0.08
12 13 0.72 0.27
12 14 0.59 0.2
12 15 0.65 0.17
12 16 0.75 0.29
12 17 0.72 0.28
12 18 0.56 0.15
12 19 0.74 0.19
12 20 0.5 0.2
13 14 0.65 0.25
13 15 0.33 0.1
13 16 0.58 0.28
13 17 0.76 0.28
13 18 0.58 0.22
13 19 0.36 0.2
13 20 0.74 0.2
14 15 0.7 0.18
14 16 0.52 0.26
14 17 0.25 0.08
14 18 0.7 0.21
14 19 0.3 0.16
14 20 0.33 0.16
15 16 0.43 0.29
15 17 0.45 0.26
15 18 0.66 0.18
15 19 0.59 0.26
15 20 0.74 0.18
16 17 0.56 0.34
16 18 0.7 0.37
16 19 0.49 0.1
16 20 0.63 0.18
17 18 0.66 0.22
17 19 0.55 0.24
17 20 0.5 0.24
18 19 0.75 0.32
18 20 0.53 0.3
19 20 0.63 0.08
node_demand
0.06666667
0.16666667
0.2
0.13333334
0.13333334
0.26666668
0.06666667
0.26666668
0.26666668
0.3
0.3
0.13333334
0.06666667
0.23333333
0.2
0.13333334
0.06666667
0.2
0.033333335
0.06666667
